# x              	y             
0.4 	-11.3874
0.4004 	-11.3716
0.400801 	-11.3558
0.401201 	-11.34
0.401602 	-11.3243
0.402002 	-11.3087
0.402402 	-11.293
0.402803 	-11.2774
0.403203 	-11.2618
0.403604 	-11.2463
0.404004 	-11.2308
0.404404 	-11.2153
0.404805 	-11.1998
0.405205 	-11.1844
0.405606 	-11.169
0.406006 	-11.1537
0.406406 	-11.1383
0.406807 	-11.123
0.407207 	-11.1078
0.407608 	-11.0926
0.408008 	-11.0774
0.408408 	-11.0622
0.408809 	-11.0471
0.409209 	-11.032
0.40961 	-11.0169
0.41001 	-11.0018
0.41041 	-10.9868
0.410811 	-10.9718
0.411211 	-10.9569
0.411612 	-10.942
0.412012 	-10.9271
0.412412 	-10.9122
0.412813 	-10.8974
0.413213 	-10.8826
0.413614 	-10.8678
0.414014 	-10.8531
0.414414 	-10.8384
0.414815 	-10.8237
0.415215 	-10.809
0.415616 	-10.7944
0.416016 	-10.7798
0.416416 	-10.7653
0.416817 	-10.7507
0.417217 	-10.7362
0.417618 	-10.7218
0.418018 	-10.7073
0.418418 	-10.6929
0.418819 	-10.6785
0.419219 	-10.6642
0.41962 	-10.6499
0.42002 	-10.6356
0.42042 	-10.6213
0.420821 	-10.607
0.421221 	-10.5928
0.421622 	-10.5786
0.422022 	-10.5645
0.422422 	-10.5504
0.422823 	-10.5363
0.423223 	-10.5222
0.423624 	-10.5082
0.424024 	-10.4941
0.424424 	-10.4802
0.424825 	-10.4662
0.425225 	-10.4523
0.425626 	-10.4384
0.426026 	-10.4245
0.426426 	-10.4106
0.426827 	-10.3968
0.427227 	-10.383
0.427628 	-10.3693
0.428028 	-10.3555
0.428428 	-10.3418
0.428829 	-10.3281
0.429229 	-10.3145
0.42963 	-10.3009
0.43003 	-10.2873
0.43043 	-10.2737
0.430831 	-10.2601
0.431231 	-10.2466
0.431632 	-10.2331
0.432032 	-10.2196
0.432432 	-10.2062
0.432833 	-10.1928
0.433233 	-10.1794
0.433634 	-10.166
0.434034 	-10.1527
0.434434 	-10.1394
0.434835 	-10.1261
0.435235 	-10.1128
0.435636 	-10.0996
0.436036 	-10.0864
0.436436 	-10.0732
0.436837 	-10.0601
0.437237 	-10.0469
0.437638 	-10.0338
0.438038 	-10.0208
0.438438 	-10.0077
0.438839 	-9.99468
0.439239 	-9.98168
0.43964 	-9.9687
0.44004 	-9.95575
0.44044 	-9.94282
0.440841 	-9.92992
0.441241 	-9.91704
0.441642 	-9.90419
0.442042 	-9.89137
0.442442 	-9.87856
0.442843 	-9.86579
0.443243 	-9.85303
0.443644 	-9.84031
0.444044 	-9.8276
0.444444 	-9.81493
0.444845 	-9.80227
0.445245 	-9.78964
0.445646 	-9.77704
0.446046 	-9.76445
0.446446 	-9.7519
0.446847 	-9.73936
0.447247 	-9.72685
0.447648 	-9.71437
0.448048 	-9.70191
0.448448 	-9.68947
0.448849 	-9.67706
0.449249 	-9.66467
0.44965 	-9.6523
0.45005 	-9.63996
0.45045 	-9.62764
0.450851 	-9.61534
0.451251 	-9.60307
0.451652 	-9.59082
0.452052 	-9.57859
0.452452 	-9.56639
0.452853 	-9.55421
0.453253 	-9.54205
0.453654 	-9.52992
0.454054 	-9.51781
0.454454 	-9.50572
0.454855 	-9.49366
0.455255 	-9.48161
0.455656 	-9.46959
0.456056 	-9.4576
0.456456 	-9.44562
0.456857 	-9.43367
0.457257 	-9.42174
0.457658 	-9.40984
0.458058 	-9.39795
0.458458 	-9.38609
0.458859 	-9.37425
0.459259 	-9.36243
0.45966 	-9.35064
0.46006 	-9.33886
0.46046 	-9.32711
0.460861 	-9.31538
0.461261 	-9.30368
0.461662 	-9.29199
0.462062 	-9.28033
0.462462 	-9.26868
0.462863 	-9.25706
0.463263 	-9.24546
0.463664 	-9.23389
0.464064 	-9.22233
0.464464 	-9.2108
0.464865 	-9.19928
0.465265 	-9.18779
0.465666 	-9.17632
0.466066 	-9.16487
0.466466 	-9.15344
0.466867 	-9.14204
0.467267 	-9.13065
0.467668 	-9.11929
0.468068 	-9.10794
0.468468 	-9.09662
0.468869 	-9.08532
0.469269 	-9.07404
0.46967 	-9.06278
0.47007 	-9.05154
0.47047 	-9.04032
0.470871 	-9.02912
0.471271 	-9.01794
0.471672 	-9.00678
0.472072 	-8.99565
0.472472 	-8.98453
0.472873 	-8.97343
0.473273 	-8.96236
0.473674 	-8.9513
0.474074 	-8.94026
0.474474 	-8.92925
0.474875 	-8.91825
0.475275 	-8.90728
0.475676 	-8.89632
0.476076 	-8.88538
0.476476 	-8.87447
0.476877 	-8.86357
0.477277 	-8.8527
0.477678 	-8.84184
0.478078 	-8.831
0.478478 	-8.82018
0.478879 	-8.80939
0.479279 	-8.79861
0.47968 	-8.78785
0.48008 	-8.77711
0.48048 	-8.76639
0.480881 	-8.75569
0.481281 	-8.745
0.481682 	-8.73434
0.482082 	-8.7237
0.482482 	-8.71307
0.482883 	-8.70247
0.483283 	-8.69188
0.483684 	-8.68132
0.484084 	-8.67077
0.484484 	-8.66024
0.484885 	-8.64973
0.485285 	-8.63923
0.485686 	-8.62876
0.486086 	-8.61831
0.486486 	-8.60787
0.486887 	-8.59745
0.487287 	-8.58705
0.487688 	-8.57667
0.488088 	-8.56631
0.488488 	-8.55597
0.488889 	-8.54564
0.489289 	-8.53534
0.48969 	-8.52505
0.49009 	-8.51478
0.49049 	-8.50453
0.490891 	-8.49429
0.491291 	-8.48407
0.491692 	-8.47388
0.492092 	-8.4637
0.492492 	-8.45353
0.492893 	-8.44339
0.493293 	-8.43326
0.493694 	-8.42316
0.494094 	-8.41306
0.494494 	-8.40299
0.494895 	-8.39294
0.495295 	-8.3829
0.495696 	-8.37288
0.496096 	-8.36288
0.496496 	-8.35289
0.496897 	-8.34292
0.497297 	-8.33297
0.497698 	-8.32304
0.498098 	-8.31312
0.498498 	-8.30323
0.498899 	-8.29334
0.499299 	-8.28348
0.4997 	-8.27363
0.5001 	-8.2638
0.500501 	-8.25399
0.500901 	-8.2442
0.501301 	-8.23442
0.501702 	-8.22466
0.502102 	-8.21491
0.502503 	-8.20518
0.502903 	-8.19547
0.503303 	-8.18578
0.503704 	-8.1761
0.504104 	-8.16644
0.504505 	-8.1568
0.504905 	-8.14717
0.505305 	-8.13756
0.505706 	-8.12796
0.506106 	-8.11839
0.506507 	-8.10882
0.506907 	-8.09928
0.507307 	-8.08975
0.507708 	-8.08024
0.508108 	-8.07074
0.508509 	-8.06126
0.508909 	-8.0518
0.509309 	-8.04235
0.50971 	-8.03292
0.51011 	-8.02351
0.510511 	-8.01411
0.510911 	-8.00472
0.511311 	-7.99536
0.511712 	-7.98601
0.512112 	-7.97667
0.512513 	-7.96735
0.512913 	-7.95805
0.513313 	-7.94876
0.513714 	-7.93949
0.514114 	-7.93023
0.514515 	-7.92099
0.514915 	-7.91177
0.515315 	-7.90256
0.515716 	-7.89336
0.516116 	-7.88419
0.516517 	-7.87502
0.516917 	-7.86588
0.517317 	-7.85674
0.517718 	-7.84763
0.518118 	-7.83853
0.518519 	-7.82944
0.518919 	-7.82037
0.519319 	-7.81131
0.51972 	-7.80227
0.52012 	-7.79325
0.520521 	-7.78424
0.520921 	-7.77525
0.521321 	-7.76627
0.521722 	-7.7573
0.522122 	-7.74835
0.522523 	-7.73942
0.522923 	-7.7305
0.523323 	-7.72159
0.523724 	-7.7127
0.524124 	-7.70383
0.524525 	-7.69497
0.524925 	-7.68612
0.525325 	-7.67729
0.525726 	-7.66847
0.526126 	-7.65967
0.526527 	-7.65088
0.526927 	-7.64211
0.527327 	-7.63335
0.527728 	-7.62461
0.528128 	-7.61588
0.528529 	-7.60717
0.528929 	-7.59847
0.529329 	-7.58978
0.52973 	-7.58111
0.53013 	-7.57245
0.530531 	-7.56381
0.530931 	-7.55518
0.531331 	-7.54657
0.531732 	-7.53797
0.532132 	-7.52938
0.532533 	-7.52081
0.532933 	-7.51225
0.533333 	-7.50371
0.533734 	-7.49518
0.534134 	-7.48666
0.534535 	-7.47816
0.534935 	-7.46967
0.535335 	-7.46119
0.535736 	-7.45273
0.536136 	-7.44429
0.536537 	-7.43585
0.536937 	-7.42744
0.537337 	-7.41903
0.537738 	-7.41064
0.538138 	-7.40226
0.538539 	-7.3939
0.538939 	-7.38554
0.539339 	-7.37721
0.53974 	-7.36888
0.54014 	-7.36057
0.540541 	-7.35228
0.540941 	-7.34399
0.541341 	-7.33572
0.541742 	-7.32747
0.542142 	-7.31922
0.542543 	-7.31099
0.542943 	-7.30278
0.543343 	-7.29457
0.543744 	-7.28638
0.544144 	-7.27821
0.544545 	-7.27004
0.544945 	-7.26189
0.545345 	-7.25375
0.545746 	-7.24563
0.546146 	-7.23752
0.546547 	-7.22942
0.546947 	-7.22133
0.547347 	-7.21326
0.547748 	-7.2052
0.548148 	-7.19716
0.548549 	-7.18912
0.548949 	-7.1811
0.549349 	-7.17309
0.54975 	-7.1651
0.55015 	-7.15711
0.550551 	-7.14915
0.550951 	-7.14119
0.551351 	-7.13324
0.551752 	-7.12531
0.552152 	-7.11739
0.552553 	-7.10949
0.552953 	-7.10159
0.553353 	-7.09371
0.553754 	-7.08584
0.554154 	-7.07798
0.554555 	-7.07014
0.554955 	-7.06231
0.555355 	-7.05449
0.555756 	-7.04668
0.556156 	-7.03889
0.556557 	-7.03111
0.556957 	-7.02334
0.557357 	-7.01558
0.557758 	-7.00783
0.558158 	-7.0001
0.558559 	-6.99238
0.558959 	-6.98467
0.559359 	-6.97697
0.55976 	-6.96929
0.56016 	-6.96162
0.560561 	-6.95395
0.560961 	-6.94631
0.561361 	-6.93867
0.561762 	-6.93104
0.562162 	-6.92343
0.562563 	-6.91583
0.562963 	-6.90824
0.563363 	-6.90067
0.563764 	-6.8931
0.564164 	-6.88555
0.564565 	-6.87801
0.564965 	-6.87048
0.565365 	-6.86296
0.565766 	-6.85545
0.566166 	-6.84796
0.566567 	-6.84047
0.566967 	-6.833
0.567367 	-6.82554
0.567768 	-6.81809
0.568168 	-6.81066
0.568569 	-6.80323
0.568969 	-6.79582
0.569369 	-6.78842
0.56977 	-6.78103
0.57017 	-6.77365
0.570571 	-6.76628
0.570971 	-6.75892
0.571371 	-6.75158
0.571772 	-6.74424
0.572172 	-6.73692
0.572573 	-6.72961
0.572973 	-6.72231
0.573373 	-6.71502
0.573774 	-6.70774
0.574174 	-6.70048
0.574575 	-6.69322
0.574975 	-6.68598
0.575375 	-6.67875
0.575776 	-6.67152
0.576176 	-6.66431
0.576577 	-6.65711
0.576977 	-6.64993
0.577377 	-6.64275
0.577778 	-6.63558
0.578178 	-6.62843
0.578579 	-6.62128
0.578979 	-6.61415
0.579379 	-6.60703
0.57978 	-6.59991
0.58018 	-6.59281
0.580581 	-6.58572
0.580981 	-6.57864
0.581381 	-6.57157
0.581782 	-6.56452
0.582182 	-6.55747
0.582583 	-6.55043
0.582983 	-6.54341
0.583383 	-6.53639
0.583784 	-6.52939
0.584184 	-6.52239
0.584585 	-6.51541
0.584985 	-6.50844
0.585385 	-6.50148
0.585786 	-6.49452
0.586186 	-6.48758
0.586587 	-6.48065
0.586987 	-6.47373
0.587387 	-6.46682
0.587788 	-6.45992
0.588188 	-6.45303
0.588589 	-6.44616
0.588989 	-6.43929
0.589389 	-6.43243
0.58979 	-6.42558
0.59019 	-6.41875
0.590591 	-6.41192
0.590991 	-6.4051
0.591391 	-6.3983
0.591792 	-6.3915
0.592192 	-6.38471
0.592593 	-6.37794
0.592993 	-6.37117
0.593393 	-6.36442
0.593794 	-6.35767
0.594194 	-6.35094
0.594595 	-6.34421
0.594995 	-6.3375
0.595395 	-6.33079
0.595796 	-6.3241
0.596196 	-6.31741
0.596597 	-6.31073
0.596997 	-6.30407
0.597397 	-6.29741
0.597798 	-6.29077
0.598198 	-6.28413
0.598599 	-6.27751
0.598999 	-6.27089
0.599399 	-6.26429
0.5998 	-6.25769
0.6002 	-6.2511
0.600601 	-6.24453
0.601001 	-6.23796
0.601401 	-6.2314
0.601802 	-6.22485
0.602202 	-6.21832
0.602603 	-6.21179
0.603003 	-6.20527
0.603403 	-6.19876
0.603804 	-6.19226
0.604204 	-6.18577
0.604605 	-6.17929
0.605005 	-6.17282
0.605405 	-6.16636
0.605806 	-6.15991
0.606206 	-6.15347
0.606607 	-6.14703
0.607007 	-6.14061
0.607407 	-6.1342
0.607808 	-6.12779
0.608208 	-6.1214
0.608609 	-6.11501
0.609009 	-6.10864
0.609409 	-6.10227
0.60981 	-6.09591
0.61021 	-6.08956
0.610611 	-6.08323
0.611011 	-6.0769
0.611411 	-6.07058
0.611812 	-6.06426
0.612212 	-6.05796
0.612613 	-6.05167
0.613013 	-6.04539
0.613413 	-6.03911
0.613814 	-6.03285
0.614214 	-6.02659
0.614615 	-6.02034
0.615015 	-6.01411
0.615415 	-6.00788
0.615816 	-6.00166
0.616216 	-5.99545
0.616617 	-5.98925
0.617017 	-5.98305
0.617417 	-5.97687
0.617818 	-5.97069
0.618218 	-5.96453
0.618619 	-5.95837
0.619019 	-5.95222
0.619419 	-5.94608
0.61982 	-5.93995
0.62022 	-5.93383
0.620621 	-5.92772
0.621021 	-5.92162
0.621421 	-5.91552
0.621822 	-5.90944
0.622222 	-5.90336
0.622623 	-5.89729
0.623023 	-5.89123
0.623423 	-5.88518
0.623824 	-5.87914
0.624224 	-5.8731
0.624625 	-5.86708
0.625025 	-5.86106
0.625425 	-5.85505
0.625826 	-5.84905
0.626226 	-5.84306
0.626627 	-5.83708
0.627027 	-5.83111
0.627427 	-5.82514
0.627828 	-5.81919
0.628228 	-5.81324
0.628629 	-5.8073
0.629029 	-5.80137
0.629429 	-5.79545
0.62983 	-5.78953
0.63023 	-5.78363
0.630631 	-5.77773
0.631031 	-5.77184
0.631431 	-5.76596
0.631832 	-5.76009
0.632232 	-5.75423
0.632633 	-5.74837
0.633033 	-5.74253
0.633433 	-5.73669
0.633834 	-5.73086
0.634234 	-5.72503
0.634635 	-5.71922
0.635035 	-5.71342
0.635435 	-5.70762
0.635836 	-5.70183
0.636236 	-5.69605
0.636637 	-5.69028
0.637037 	-5.68451
0.637437 	-5.67876
0.637838 	-5.67301
0.638238 	-5.66727
0.638639 	-5.66154
0.639039 	-5.65581
0.639439 	-5.6501
0.63984 	-5.64439
0.64024 	-5.63869
0.640641 	-5.633
0.641041 	-5.62731
0.641441 	-5.62164
0.641842 	-5.61597
0.642242 	-5.61031
0.642643 	-5.60466
0.643043 	-5.59902
0.643443 	-5.59338
0.643844 	-5.58775
0.644244 	-5.58213
0.644645 	-5.57652
0.645045 	-5.57091
0.645445 	-5.56532
0.645846 	-5.55973
0.646246 	-5.55415
0.646647 	-5.54858
0.647047 	-5.54301
0.647447 	-5.53745
0.647848 	-5.5319
0.648248 	-5.52636
0.648649 	-5.52083
0.649049 	-5.5153
0.649449 	-5.50978
0.64985 	-5.50427
0.65025 	-5.49877
0.650651 	-5.49327
0.651051 	-5.48778
0.651451 	-5.4823
0.651852 	-5.47683
0.652252 	-5.47136
0.652653 	-5.46591
0.653053 	-5.46046
0.653453 	-5.45501
0.653854 	-5.44958
0.654254 	-5.44415
0.654655 	-5.43873
0.655055 	-5.43332
0.655455 	-5.42791
0.655856 	-5.42252
0.656256 	-5.41713
0.656657 	-5.41174
0.657057 	-5.40637
0.657457 	-5.401
0.657858 	-5.39564
0.658258 	-5.39029
0.658659 	-5.38494
0.659059 	-5.3796
0.659459 	-5.37427
0.65986 	-5.36895
0.66026 	-5.36363
0.660661 	-5.35832
0.661061 	-5.35302
0.661461 	-5.34773
0.661862 	-5.34244
0.662262 	-5.33716
0.662663 	-5.33189
0.663063 	-5.32662
0.663463 	-5.32136
0.663864 	-5.31611
0.664264 	-5.31087
0.664665 	-5.30563
0.665065 	-5.3004
0.665465 	-5.29518
0.665866 	-5.28996
0.666266 	-5.28476
0.666667 	-5.27955
0.667067 	-5.27436
0.667467 	-5.26917
0.667868 	-5.26399
0.668268 	-5.25882
0.668669 	-5.25365
0.669069 	-5.2485
0.669469 	-5.24334
0.66987 	-5.2382
0.67027 	-5.23306
0.670671 	-5.22793
0.671071 	-5.22281
0.671471 	-5.21769
0.671872 	-5.21258
0.672272 	-5.20748
0.672673 	-5.20238
0.673073 	-5.19729
0.673473 	-5.19221
0.673874 	-5.18713
0.674274 	-5.18206
0.674675 	-5.177
0.675075 	-5.17195
0.675475 	-5.1669
0.675876 	-5.16186
0.676276 	-5.15682
0.676677 	-5.1518
0.677077 	-5.14677
0.677477 	-5.14176
0.677878 	-5.13675
0.678278 	-5.13175
0.678679 	-5.12676
0.679079 	-5.12177
0.679479 	-5.11679
0.67988 	-5.11182
0.68028 	-5.10685
0.680681 	-5.10189
0.681081 	-5.09693
0.681481 	-5.09199
0.681882 	-5.08705
0.682282 	-5.08211
0.682683 	-5.07718
0.683083 	-5.07226
0.683483 	-5.06735
0.683884 	-5.06244
0.684284 	-5.05754
0.684685 	-5.05264
0.685085 	-5.04776
0.685485 	-5.04287
0.685886 	-5.038
0.686286 	-5.03313
0.686687 	-5.02827
0.687087 	-5.02341
0.687487 	-5.01856
0.687888 	-5.01372
0.688288 	-5.00888
0.688689 	-5.00405
0.689089 	-4.99923
0.689489 	-4.99441
0.68989 	-4.9896
0.69029 	-4.9848
0.690691 	-4.98
0.691091 	-4.97521
0.691491 	-4.97042
0.691892 	-4.96564
0.692292 	-4.96087
0.692693 	-4.9561
0.693093 	-4.95134
0.693493 	-4.94659
0.693894 	-4.94184
0.694294 	-4.9371
0.694695 	-4.93236
0.695095 	-4.92763
0.695495 	-4.92291
0.695896 	-4.91819
0.696296 	-4.91348
0.696697 	-4.90878
0.697097 	-4.90408
0.697497 	-4.89939
0.697898 	-4.8947
0.698298 	-4.89002
0.698699 	-4.88535
0.699099 	-4.88068
0.699499 	-4.87602
0.6999 	-4.87137
0.7003 	-4.86672
0.700701 	-4.86207
0.701101 	-4.85744
0.701502 	-4.8528
0.701902 	-4.84818
0.702302 	-4.84356
0.702703 	-4.83895
0.703103 	-4.83434
0.703504 	-4.82974
0.703904 	-4.82515
0.704304 	-4.82056
0.704705 	-4.81597
0.705105 	-4.8114
0.705506 	-4.80683
0.705906 	-4.80226
0.706306 	-4.7977
0.706707 	-4.79315
0.707107 	-4.7886
0.707508 	-4.78406
0.707908 	-4.77952
0.708308 	-4.77499
0.708709 	-4.77047
0.709109 	-4.76595
0.70951 	-4.76144
0.70991 	-4.75693
0.71031 	-4.75243
0.710711 	-4.74794
0.711111 	-4.74345
0.711512 	-4.73896
0.711912 	-4.73449
0.712312 	-4.73002
0.712713 	-4.72555
0.713113 	-4.72109
0.713514 	-4.71663
0.713914 	-4.71219
0.714314 	-4.70774
0.714715 	-4.70331
0.715115 	-4.69887
0.715516 	-4.69445
0.715916 	-4.69003
0.716316 	-4.68561
0.716717 	-4.6812
0.717117 	-4.6768
0.717518 	-4.6724
0.717918 	-4.66801
0.718318 	-4.66362
0.718719 	-4.65924
0.719119 	-4.65487
0.71952 	-4.6505
0.71992 	-4.64613
0.72032 	-4.64178
0.720721 	-4.63742
0.721121 	-4.63307
0.721522 	-4.62873
0.721922 	-4.6244
0.722322 	-4.62007
0.722723 	-4.61574
0.723123 	-4.61142
0.723524 	-4.60711
0.723924 	-4.6028
0.724324 	-4.59849
0.724725 	-4.59419
0.725125 	-4.5899
0.725526 	-4.58561
0.725926 	-4.58133
0.726326 	-4.57706
0.726727 	-4.57279
0.727127 	-4.56852
0.727528 	-4.56426
0.727928 	-4.56
0.728328 	-4.55576
0.728729 	-4.55151
0.729129 	-4.54727
0.72953 	-4.54304
0.72993 	-4.53881
0.73033 	-4.53459
0.730731 	-4.53037
0.731131 	-4.52616
0.731532 	-4.52195
0.731932 	-4.51775
0.732332 	-4.51355
0.732733 	-4.50936
0.733133 	-4.50518
0.733534 	-4.501
0.733934 	-4.49682
0.734334 	-4.49265
0.734735 	-4.48849
0.735135 	-4.48433
0.735536 	-4.48017
0.735936 	-4.47602
0.736336 	-4.47188
0.736737 	-4.46774
0.737137 	-4.46361
0.737538 	-4.45948
0.737938 	-4.45535
0.738338 	-4.45124
0.738739 	-4.44712
0.739139 	-4.44301
0.73954 	-4.43891
0.73994 	-4.43481
0.74034 	-4.43072
0.740741 	-4.42663
0.741141 	-4.42255
0.741542 	-4.41847
0.741942 	-4.4144
0.742342 	-4.41033
0.742743 	-4.40627
0.743143 	-4.40221
0.743544 	-4.39816
0.743944 	-4.39411
0.744344 	-4.39007
0.744745 	-4.38604
0.745145 	-4.382
0.745546 	-4.37798
0.745946 	-4.37395
0.746346 	-4.36994
0.746747 	-4.36592
0.747147 	-4.36192
0.747548 	-4.35791
0.747948 	-4.35392
0.748348 	-4.34992
0.748749 	-4.34594
0.749149 	-4.34195
0.74955 	-4.33798
0.74995 	-4.334
0.75035 	-4.33004
0.750751 	-4.32607
0.751151 	-4.32211
0.751552 	-4.31816
0.751952 	-4.31421
0.752352 	-4.31027
0.752753 	-4.30633
0.753153 	-4.3024
0.753554 	-4.29847
0.753954 	-4.29454
0.754354 	-4.29062
0.754755 	-4.28671
0.755155 	-4.2828
0.755556 	-4.27889
0.755956 	-4.27499
0.756356 	-4.2711
0.756757 	-4.26721
0.757157 	-4.26332
0.757558 	-4.25944
0.757958 	-4.25556
0.758358 	-4.25169
0.758759 	-4.24782
0.759159 	-4.24396
0.75956 	-4.2401
0.75996 	-4.23625
0.76036 	-4.2324
0.760761 	-4.22856
0.761161 	-4.22472
0.761562 	-4.22088
0.761962 	-4.21705
0.762362 	-4.21323
0.762763 	-4.20941
0.763163 	-4.20559
0.763564 	-4.20178
0.763964 	-4.19798
0.764364 	-4.19418
0.764765 	-4.19038
0.765165 	-4.18659
0.765566 	-4.1828
0.765966 	-4.17901
0.766366 	-4.17524
0.766767 	-4.17146
0.767167 	-4.16769
0.767568 	-4.16393
0.767968 	-4.16017
0.768368 	-4.15641
0.768769 	-4.15266
0.769169 	-4.14891
0.76957 	-4.14517
0.76997 	-4.14143
0.77037 	-4.1377
0.770771 	-4.13397
0.771171 	-4.13025
0.771572 	-4.12653
0.771972 	-4.12281
0.772372 	-4.1191
0.772773 	-4.1154
0.773173 	-4.1117
0.773574 	-4.108
0.773974 	-4.10431
0.774374 	-4.10062
0.774775 	-4.09694
0.775175 	-4.09326
0.775576 	-4.08958
0.775976 	-4.08591
0.776376 	-4.08225
0.776777 	-4.07858
0.777177 	-4.07493
0.777578 	-4.07127
0.777978 	-4.06763
0.778378 	-4.06398
0.778779 	-4.06034
0.779179 	-4.05671
0.77958 	-4.05308
0.77998 	-4.04945
0.78038 	-4.04583
0.780781 	-4.04221
0.781181 	-4.0386
0.781582 	-4.03499
0.781982 	-4.03139
0.782382 	-4.02779
0.782783 	-4.02419
0.783183 	-4.0206
0.783584 	-4.01701
0.783984 	-4.01343
0.784384 	-4.00985
0.784785 	-4.00628
0.785185 	-4.00271
0.785586 	-3.99914
0.785986 	-3.99558
0.786386 	-3.99202
0.786787 	-3.98847
0.787187 	-3.98492
0.787588 	-3.98138
0.787988 	-3.97784
0.788388 	-3.97431
0.788789 	-3.97077
0.789189 	-3.96725
0.78959 	-3.96372
0.78999 	-3.96021
0.79039 	-3.95669
0.790791 	-3.95318
0.791191 	-3.94968
0.791592 	-3.94618
0.791992 	-3.94268
0.792392 	-3.93919
0.792793 	-3.9357
0.793193 	-3.93221
0.793594 	-3.92873
0.793994 	-3.92526
0.794394 	-3.92179
0.794795 	-3.91832
0.795195 	-3.91485
0.795596 	-3.9114
0.795996 	-3.90794
0.796396 	-3.90449
0.796797 	-3.90104
0.797197 	-3.8976
0.797598 	-3.89416
0.797998 	-3.89073
0.798398 	-3.8873
0.798799 	-3.88387
0.799199 	-3.88045
0.7996 	-3.87703
0.8 	-3.87362
