# Parameters:
# kT = 0.6
# mu = -7.6
# Ngrid = 128
# 
# Plot:
# log10Cvac		log10alpha		freeEnergy	
# 
-8.000000e+00 	0.000000e+00 	8.499139e-01
-8.000000e+00 	8.685890e-02 	8.291319e-01
-8.000000e+00 	1.737178e-01 	7.630759e-01
-8.000000e+00 	2.605767e-01 	6.835749e-01
-8.000000e+00 	3.474356e-01 	6.417084e-01
-8.000000e+00 	4.342945e-01 	6.853938e-01
-8.000000e+00 	5.211534e-01 	8.280187e-01
-8.000000e+00 	6.080123e-01 	1.033766e+00
-8.000000e+00 	6.948712e-01 	1.239220e+00
-8.000000e+00 	7.817301e-01 	1.394039e+00
-8.000000e+00 	8.685890e-01 	1.481863e+00
-8.000000e+00 	9.554479e-01 	1.510390e+00
-8.000000e+00 	1.042307e+00 	1.492708e+00
-8.000000e+00 	1.129166e+00 	1.438613e+00
-8.000000e+00 	1.216025e+00 	1.355660e+00
-8.000000e+00 	1.302883e+00 	1.252023e+00
-8.000000e+00 	1.389742e+00 	1.136538e+00
-8.000000e+00 	1.476601e+00 	1.016375e+00
-8.000000e+00 	1.563460e+00 	8.950074e-01
-8.000000e+00 	1.650319e+00 	7.723037e-01
-8.000000e+00 	1.737178e+00 	6.465576e-01
-8.000000e+00 	1.824037e+00 	5.171172e-01
-8.000000e+00 	1.910896e+00 	3.863258e-01
-8.000000e+00 	1.997755e+00 	2.601590e-01
-8.000000e+00 	2.084614e+00 	1.475810e-01
-8.000000e+00 	2.171472e+00 	5.905067e-02
-8.000000e+00 	2.258331e+00 	4.740556e-03
-8.000000e+00 	2.345190e+00 	-7.058639e-03
-8.000000e+00 	2.432049e+00 	2.891605e-02
-8.000000e+00 	2.518908e+00 	1.142938e-01
-8.000000e+00 	2.605767e+00 	2.470179e-01
-8.000000e+00 	2.692626e+00 	4.218435e-01
-8.000000e+00 	2.779485e+00 	6.313275e-01
-8.000000e+00 	2.866344e+00 	8.671305e-01
-8.000000e+00 	2.953202e+00 	1.121329e+00

-7.739423e+00 	0.000000e+00 	8.499139e-01
-7.739423e+00 	8.685890e-02 	8.291319e-01
-7.739423e+00 	1.737178e-01 	7.630759e-01
-7.739423e+00 	2.605767e-01 	6.835749e-01
-7.739423e+00 	3.474356e-01 	6.417084e-01
-7.739423e+00 	4.342945e-01 	6.853938e-01
-7.739423e+00 	5.211534e-01 	8.280187e-01
-7.739423e+00 	6.080123e-01 	1.033766e+00
-7.739423e+00 	6.948712e-01 	1.239220e+00
-7.739423e+00 	7.817301e-01 	1.394038e+00
-7.739423e+00 	8.685890e-01 	1.481863e+00
-7.739423e+00 	9.554479e-01 	1.510390e+00
-7.739423e+00 	1.042307e+00 	1.492708e+00
-7.739423e+00 	1.129166e+00 	1.438613e+00
-7.739423e+00 	1.216025e+00 	1.355660e+00
-7.739423e+00 	1.302883e+00 	1.252023e+00
-7.739423e+00 	1.389742e+00 	1.136538e+00
-7.739423e+00 	1.476601e+00 	1.016375e+00
-7.739423e+00 	1.563460e+00 	8.950074e-01
-7.739423e+00 	1.650319e+00 	7.723036e-01
-7.739423e+00 	1.737178e+00 	6.465575e-01
-7.739423e+00 	1.824037e+00 	5.171172e-01
-7.739423e+00 	1.910896e+00 	3.863257e-01
-7.739423e+00 	1.997755e+00 	2.601589e-01
-7.739423e+00 	2.084614e+00 	1.475810e-01
-7.739423e+00 	2.171472e+00 	5.905063e-02
-7.739423e+00 	2.258331e+00 	4.740521e-03
-7.739423e+00 	2.345190e+00 	-7.058673e-03
-7.739423e+00 	2.432049e+00 	2.891602e-02
-7.739423e+00 	2.518908e+00 	1.142938e-01
-7.739423e+00 	2.605767e+00 	2.470178e-01
-7.739423e+00 	2.692626e+00 	4.218434e-01
-7.739423e+00 	2.779485e+00 	6.313275e-01
-7.739423e+00 	2.866344e+00 	8.671305e-01
-7.739423e+00 	2.953202e+00 	1.121329e+00

-7.478847e+00 	0.000000e+00 	8.499139e-01
-7.478847e+00 	8.685890e-02 	8.291319e-01
-7.478847e+00 	1.737178e-01 	7.630759e-01
-7.478847e+00 	2.605767e-01 	6.835749e-01
-7.478847e+00 	3.474356e-01 	6.417084e-01
-7.478847e+00 	4.342945e-01 	6.853937e-01
-7.478847e+00 	5.211534e-01 	8.280187e-01
-7.478847e+00 	6.080123e-01 	1.033766e+00
-7.478847e+00 	6.948712e-01 	1.239219e+00
-7.478847e+00 	7.817301e-01 	1.394038e+00
-7.478847e+00 	8.685890e-01 	1.481862e+00
-7.478847e+00 	9.554479e-01 	1.510390e+00
-7.478847e+00 	1.042307e+00 	1.492708e+00
-7.478847e+00 	1.129166e+00 	1.438613e+00
-7.478847e+00 	1.216025e+00 	1.355660e+00
-7.478847e+00 	1.302883e+00 	1.252023e+00
-7.478847e+00 	1.389742e+00 	1.136538e+00
-7.478847e+00 	1.476601e+00 	1.016375e+00
-7.478847e+00 	1.563460e+00 	8.950073e-01
-7.478847e+00 	1.650319e+00 	7.723035e-01
-7.478847e+00 	1.737178e+00 	6.465574e-01
-7.478847e+00 	1.824037e+00 	5.171171e-01
-7.478847e+00 	1.910896e+00 	3.863257e-01
-7.478847e+00 	1.997755e+00 	2.601588e-01
-7.478847e+00 	2.084614e+00 	1.475809e-01
-7.478847e+00 	2.171472e+00 	5.905057e-02
-7.478847e+00 	2.258331e+00 	4.740462e-03
-7.478847e+00 	2.345190e+00 	-7.058727e-03
-7.478847e+00 	2.432049e+00 	2.891597e-02
-7.478847e+00 	2.518908e+00 	1.142937e-01
-7.478847e+00 	2.605767e+00 	2.470178e-01
-7.478847e+00 	2.692626e+00 	4.218434e-01
-7.478847e+00 	2.779485e+00 	6.313274e-01
-7.478847e+00 	2.866344e+00 	8.671304e-01
-7.478847e+00 	2.953202e+00 	1.121329e+00

-7.218270e+00 	0.000000e+00 	8.499139e-01
-7.218270e+00 	8.685890e-02 	8.291319e-01
-7.218270e+00 	1.737178e-01 	7.630759e-01
-7.218270e+00 	2.605767e-01 	6.835749e-01
-7.218270e+00 	3.474356e-01 	6.417084e-01
-7.218270e+00 	4.342945e-01 	6.853937e-01
-7.218270e+00 	5.211534e-01 	8.280186e-01
-7.218270e+00 	6.080123e-01 	1.033766e+00
-7.218270e+00 	6.948712e-01 	1.239219e+00
-7.218270e+00 	7.817301e-01 	1.394038e+00
-7.218270e+00 	8.685890e-01 	1.481862e+00
-7.218270e+00 	9.554479e-01 	1.510390e+00
-7.218270e+00 	1.042307e+00 	1.492708e+00
-7.218270e+00 	1.129166e+00 	1.438613e+00
-7.218270e+00 	1.216025e+00 	1.355660e+00
-7.218270e+00 	1.302883e+00 	1.252023e+00
-7.218270e+00 	1.389742e+00 	1.136538e+00
-7.218270e+00 	1.476601e+00 	1.016374e+00
-7.218270e+00 	1.563460e+00 	8.950071e-01
-7.218270e+00 	1.650319e+00 	7.723033e-01
-7.218270e+00 	1.737178e+00 	6.465572e-01
-7.218270e+00 	1.824037e+00 	5.171169e-01
-7.218270e+00 	1.910896e+00 	3.863255e-01
-7.218270e+00 	1.997755e+00 	2.601587e-01
-7.218270e+00 	2.084614e+00 	1.475808e-01
-7.218270e+00 	2.171472e+00 	5.905046e-02
-7.218270e+00 	2.258331e+00 	4.740367e-03
-7.218270e+00 	2.345190e+00 	-7.058815e-03
-7.218270e+00 	2.432049e+00 	2.891589e-02
-7.218270e+00 	2.518908e+00 	1.142937e-01
-7.218270e+00 	2.605767e+00 	2.470177e-01
-7.218270e+00 	2.692626e+00 	4.218433e-01
-7.218270e+00 	2.779485e+00 	6.313273e-01
-7.218270e+00 	2.866344e+00 	8.671303e-01
-7.218270e+00 	2.953202e+00 	1.121329e+00

-6.957693e+00 	0.000000e+00 	8.499139e-01
-6.957693e+00 	8.685890e-02 	8.291319e-01
-6.957693e+00 	1.737178e-01 	7.630760e-01
-6.957693e+00 	2.605767e-01 	6.835749e-01
-6.957693e+00 	3.474356e-01 	6.417084e-01
-6.957693e+00 	4.342945e-01 	6.853936e-01
-6.957693e+00 	5.211534e-01 	8.280184e-01
-6.957693e+00 	6.080123e-01 	1.033765e+00
-6.957693e+00 	6.948712e-01 	1.239219e+00
-6.957693e+00 	7.817301e-01 	1.394038e+00
-6.957693e+00 	8.685890e-01 	1.481862e+00
-6.957693e+00 	9.554479e-01 	1.510389e+00
-6.957693e+00 	1.042307e+00 	1.492707e+00
-6.957693e+00 	1.129166e+00 	1.438612e+00
-6.957693e+00 	1.216025e+00 	1.355659e+00
-6.957693e+00 	1.302883e+00 	1.252023e+00
-6.957693e+00 	1.389742e+00 	1.136538e+00
-6.957693e+00 	1.476601e+00 	1.016374e+00
-6.957693e+00 	1.563460e+00 	8.950067e-01
-6.957693e+00 	1.650319e+00 	7.723030e-01
-6.957693e+00 	1.737178e+00 	6.465569e-01
-6.957693e+00 	1.824037e+00 	5.171166e-01
-6.957693e+00 	1.910896e+00 	3.863252e-01
-6.957693e+00 	1.997755e+00 	2.601585e-01
-6.957693e+00 	2.084614e+00 	1.475806e-01
-6.957693e+00 	2.171472e+00 	5.905028e-02
-6.957693e+00 	2.258331e+00 	4.740214e-03
-6.957693e+00 	2.345190e+00 	-7.058951e-03
-6.957693e+00 	2.432049e+00 	2.891576e-02
-6.957693e+00 	2.518908e+00 	1.142935e-01
-6.957693e+00 	2.605767e+00 	2.470176e-01
-6.957693e+00 	2.692626e+00 	4.218431e-01
-6.957693e+00 	2.779485e+00 	6.313272e-01
-6.957693e+00 	2.866344e+00 	8.671302e-01
-6.957693e+00 	2.953202e+00 	1.121329e+00

-6.697117e+00 	0.000000e+00 	8.499139e-01
-6.697117e+00 	8.685890e-02 	8.291319e-01
-6.697117e+00 	1.737178e-01 	7.630760e-01
-6.697117e+00 	2.605767e-01 	6.835750e-01
-6.697117e+00 	3.474356e-01 	6.417084e-01
-6.697117e+00 	4.342945e-01 	6.853935e-01
-6.697117e+00 	5.211534e-01 	8.280182e-01
-6.697117e+00 	6.080123e-01 	1.033765e+00
-6.697117e+00 	6.948712e-01 	1.239218e+00
-6.697117e+00 	7.817301e-01 	1.394037e+00
-6.697117e+00 	8.685890e-01 	1.481861e+00
-6.697117e+00 	9.554479e-01 	1.510388e+00
-6.697117e+00 	1.042307e+00 	1.492707e+00
-6.697117e+00 	1.129166e+00 	1.438612e+00
-6.697117e+00 	1.216025e+00 	1.355659e+00
-6.697117e+00 	1.302883e+00 	1.252022e+00
-6.697117e+00 	1.389742e+00 	1.136537e+00
-6.697117e+00 	1.476601e+00 	1.016373e+00
-6.697117e+00 	1.563460e+00 	8.950061e-01
-6.697117e+00 	1.650319e+00 	7.723024e-01
-6.697117e+00 	1.737178e+00 	6.465563e-01
-6.697117e+00 	1.824037e+00 	5.171160e-01
-6.697117e+00 	1.910896e+00 	3.863247e-01
-6.697117e+00 	1.997755e+00 	2.601580e-01
-6.697117e+00 	2.084614e+00 	1.475802e-01
-6.697117e+00 	2.171472e+00 	5.905000e-02
-6.697117e+00 	2.258331e+00 	4.739974e-03
-6.697117e+00 	2.345190e+00 	-7.059158e-03
-6.697117e+00 	2.432049e+00 	2.891557e-02
-6.697117e+00 	2.518908e+00 	1.142934e-01
-6.697117e+00 	2.605767e+00 	2.470174e-01
-6.697117e+00 	2.692626e+00 	4.218429e-01
-6.697117e+00 	2.779485e+00 	6.313269e-01
-6.697117e+00 	2.866344e+00 	8.671299e-01
-6.697117e+00 	2.953202e+00 	1.121328e+00

-6.436540e+00 	0.000000e+00 	8.499139e-01
-6.436540e+00 	8.685890e-02 	8.291320e-01
-6.436540e+00 	1.737178e-01 	7.630761e-01
-6.436540e+00 	2.605767e-01 	6.835751e-01
-6.436540e+00 	3.474356e-01 	6.417084e-01
-6.436540e+00 	4.342945e-01 	6.853934e-01
-6.436540e+00 	5.211534e-01 	8.280177e-01
-6.436540e+00 	6.080123e-01 	1.033764e+00
-6.436540e+00 	6.948712e-01 	1.239217e+00
-6.436540e+00 	7.817301e-01 	1.394035e+00
-6.436540e+00 	8.685890e-01 	1.481859e+00
-6.436540e+00 	9.554479e-01 	1.510387e+00
-6.436540e+00 	1.042307e+00 	1.492705e+00
-6.436540e+00 	1.129166e+00 	1.438610e+00
-6.436540e+00 	1.216025e+00 	1.355657e+00
-6.436540e+00 	1.302883e+00 	1.252020e+00
-6.436540e+00 	1.389742e+00 	1.136536e+00
-6.436540e+00 	1.476601e+00 	1.016372e+00
-6.436540e+00 	1.563460e+00 	8.950050e-01
-6.436540e+00 	1.650319e+00 	7.723012e-01
-6.436540e+00 	1.737178e+00 	6.465552e-01
-6.436540e+00 	1.824037e+00 	5.171150e-01
-6.436540e+00 	1.910896e+00 	3.863239e-01
-6.436540e+00 	1.997755e+00 	2.601574e-01
-6.436540e+00 	2.084614e+00 	1.475797e-01
-6.436540e+00 	2.171472e+00 	5.904955e-02
-6.436540e+00 	2.258331e+00 	4.739611e-03
-6.436540e+00 	2.345190e+00 	-7.059459e-03
-6.436540e+00 	2.432049e+00 	2.891531e-02
-6.436540e+00 	2.518908e+00 	1.142931e-01
-6.436540e+00 	2.605767e+00 	2.470171e-01
-6.436540e+00 	2.692626e+00 	4.218427e-01
-6.436540e+00 	2.779485e+00 	6.313266e-01
-6.436540e+00 	2.866344e+00 	8.671296e-01
-6.436540e+00 	2.953202e+00 	1.121328e+00

-6.175963e+00 	0.000000e+00 	8.499139e-01
-6.175963e+00 	8.685890e-02 	8.291321e-01
-6.175963e+00 	1.737178e-01 	7.630763e-01
-6.175963e+00 	2.605767e-01 	6.835752e-01
-6.175963e+00 	3.474356e-01 	6.417084e-01
-6.175963e+00 	4.342945e-01 	6.853930e-01
-6.175963e+00 	5.211534e-01 	8.280168e-01
-6.175963e+00 	6.080123e-01 	1.033762e+00
-6.175963e+00 	6.948712e-01 	1.239215e+00
-6.175963e+00 	7.817301e-01 	1.394033e+00
-6.175963e+00 	8.685890e-01 	1.481856e+00
-6.175963e+00 	9.554479e-01 	1.510384e+00
-6.175963e+00 	1.042307e+00 	1.492702e+00
-6.175963e+00 	1.129166e+00 	1.438607e+00
-6.175963e+00 	1.216025e+00 	1.355654e+00
-6.175963e+00 	1.302883e+00 	1.252018e+00
-6.175963e+00 	1.389742e+00 	1.136533e+00
-6.175963e+00 	1.476601e+00 	1.016370e+00
-6.175963e+00 	1.563460e+00 	8.950029e-01
-6.175963e+00 	1.650319e+00 	7.722992e-01
-6.175963e+00 	1.737178e+00 	6.465532e-01
-6.175963e+00 	1.824037e+00 	5.171133e-01
-6.175963e+00 	1.910896e+00 	3.863225e-01
-6.175963e+00 	1.997755e+00 	2.601562e-01
-6.175963e+00 	2.084614e+00 	1.475788e-01
-6.175963e+00 	2.171472e+00 	5.904885e-02
-6.175963e+00 	2.258331e+00 	4.739082e-03
-6.175963e+00 	2.345190e+00 	-7.059866e-03
-6.175963e+00 	2.432049e+00 	2.891498e-02
-6.175963e+00 	2.518908e+00 	1.142928e-01
-6.175963e+00 	2.605767e+00 	2.470168e-01
-6.175963e+00 	2.692626e+00 	4.218423e-01
-6.175963e+00 	2.779485e+00 	6.313262e-01
-6.175963e+00 	2.866344e+00 	8.671291e-01
-6.175963e+00 	2.953202e+00 	1.121327e+00

-5.915386e+00 	0.000000e+00 	8.499139e-01
-5.915386e+00 	8.685890e-02 	8.291322e-01
-5.915386e+00 	1.737178e-01 	7.630766e-01
-5.915386e+00 	2.605767e-01 	6.835755e-01
-5.915386e+00 	3.474356e-01 	6.417084e-01
-5.915386e+00 	4.342945e-01 	6.853924e-01
-5.915386e+00 	5.211534e-01 	8.280151e-01
-5.915386e+00 	6.080123e-01 	1.033760e+00
-5.915386e+00 	6.948712e-01 	1.239211e+00
-5.915386e+00 	7.817301e-01 	1.394028e+00
-5.915386e+00 	8.685890e-01 	1.481851e+00
-5.915386e+00 	9.554479e-01 	1.510379e+00
-5.915386e+00 	1.042307e+00 	1.492697e+00
-5.915386e+00 	1.129166e+00 	1.438602e+00
-5.915386e+00 	1.216025e+00 	1.355649e+00
-5.915386e+00 	1.302883e+00 	1.252013e+00
-5.915386e+00 	1.389742e+00 	1.136529e+00
-5.915386e+00 	1.476601e+00 	1.016366e+00
-5.915386e+00 	1.563460e+00 	8.949990e-01
-5.915386e+00 	1.650319e+00 	7.722955e-01
-5.915386e+00 	1.737178e+00 	6.465497e-01
-5.915386e+00 	1.824037e+00 	5.171104e-01
-5.915386e+00 	1.910896e+00 	3.863201e-01
-5.915386e+00 	1.997755e+00 	2.601543e-01
-5.915386e+00 	2.084614e+00 	1.475773e-01
-5.915386e+00 	2.171472e+00 	5.904782e-02
-5.915386e+00 	2.258331e+00 	4.738366e-03
-5.915386e+00 	2.345190e+00 	-7.060347e-03
-5.915386e+00 	2.432049e+00 	2.891465e-02
-5.915386e+00 	2.518908e+00 	1.142925e-01
-5.915386e+00 	2.605767e+00 	2.470166e-01
-5.915386e+00 	2.692626e+00 	4.218420e-01
-5.915386e+00 	2.779485e+00 	6.313258e-01
-5.915386e+00 	2.866344e+00 	8.671286e-01
-5.915386e+00 	2.953202e+00 	1.121327e+00

-5.654810e+00 	0.000000e+00 	8.499139e-01
-5.654810e+00 	8.685890e-02 	8.291325e-01
-5.654810e+00 	1.737178e-01 	7.630771e-01
-5.654810e+00 	2.605767e-01 	6.835761e-01
-5.654810e+00 	3.474356e-01 	6.417085e-01
-5.654810e+00 	4.342945e-01 	6.853913e-01
-5.654810e+00 	5.211534e-01 	8.280121e-01
-5.654810e+00 	6.080123e-01 	1.033754e+00
-5.654810e+00 	6.948712e-01 	1.239204e+00
-5.654810e+00 	7.817301e-01 	1.394019e+00
-5.654810e+00 	8.685890e-01 	1.481842e+00
-5.654810e+00 	9.554479e-01 	1.510369e+00
-5.654810e+00 	1.042307e+00 	1.492687e+00
-5.654810e+00 	1.129166e+00 	1.438593e+00
-5.654810e+00 	1.216025e+00 	1.355641e+00
-5.654810e+00 	1.302883e+00 	1.252005e+00
-5.654810e+00 	1.389742e+00 	1.136521e+00
-5.654810e+00 	1.476601e+00 	1.016359e+00
-5.654810e+00 	1.563460e+00 	8.949921e-01
-5.654810e+00 	1.650319e+00 	7.722888e-01
-5.654810e+00 	1.737178e+00 	6.465435e-01
-5.654810e+00 	1.824037e+00 	5.171053e-01
-5.654810e+00 	1.910896e+00 	3.863161e-01
-5.654810e+00 	1.997755e+00 	2.601512e-01
-5.654810e+00 	2.084614e+00 	1.475751e-01
-5.654810e+00 	2.171472e+00 	5.904636e-02
-5.654810e+00 	2.258331e+00 	4.737520e-03
-5.654810e+00 	2.345190e+00 	-7.060743e-03
-5.654810e+00 	2.432049e+00 	2.891454e-02
-5.654810e+00 	2.518908e+00 	1.142926e-01
-5.654810e+00 	2.605767e+00 	2.470166e-01
-5.654810e+00 	2.692626e+00 	4.218419e-01
-5.654810e+00 	2.779485e+00 	6.313256e-01
-5.654810e+00 	2.866344e+00 	8.671281e-01
-5.654810e+00 	2.953202e+00 	1.121326e+00

-5.394233e+00 	0.000000e+00 	8.499138e-01
-5.394233e+00 	8.685890e-02 	8.291330e-01
-5.394233e+00 	1.737178e-01 	7.630780e-01
-5.394233e+00 	2.605767e-01 	6.835771e-01
-5.394233e+00 	3.474356e-01 	6.417086e-01
-5.394233e+00 	4.342945e-01 	6.853892e-01
-5.394233e+00 	5.211534e-01 	8.280067e-01
-5.394233e+00 	6.080123e-01 	1.033745e+00
-5.394233e+00 	6.948712e-01 	1.239191e+00
-5.394233e+00 	7.817301e-01 	1.394004e+00
-5.394233e+00 	8.685890e-01 	1.481825e+00
-5.394233e+00 	9.554479e-01 	1.510351e+00
-5.394233e+00 	1.042307e+00 	1.492669e+00
-5.394233e+00 	1.129166e+00 	1.438575e+00
-5.394233e+00 	1.216025e+00 	1.355624e+00
-5.394233e+00 	1.302883e+00 	1.251990e+00
-5.394233e+00 	1.389742e+00 	1.136507e+00
-5.394233e+00 	1.476601e+00 	1.016345e+00
-5.394233e+00 	1.563460e+00 	8.949795e-01
-5.394233e+00 	1.650319e+00 	7.722767e-01
-5.394233e+00 	1.737178e+00 	6.465328e-01
-5.394233e+00 	1.824037e+00 	5.170967e-01
-5.394233e+00 	1.910896e+00 	3.863094e-01
-5.394233e+00 	1.997755e+00 	2.601463e-01
-5.394233e+00 	2.084614e+00 	1.475719e-01
-5.394233e+00 	2.171472e+00 	5.904451e-02
-5.394233e+00 	2.258331e+00 	4.736825e-03
-5.394233e+00 	2.345190e+00 	-7.060580e-03
-5.394233e+00 	2.432049e+00 	2.891526e-02
-5.394233e+00 	2.518908e+00 	1.142936e-01
-5.394233e+00 	2.605767e+00 	2.470176e-01
-5.394233e+00 	2.692626e+00 	4.218428e-01
-5.394233e+00 	2.779485e+00 	6.313261e-01
-5.394233e+00 	2.866344e+00 	8.671283e-01
-5.394233e+00 	2.953202e+00 	1.121326e+00

-5.133656e+00 	0.000000e+00 	8.499137e-01
-5.133656e+00 	8.685890e-02 	8.291339e-01
-5.133656e+00 	1.737178e-01 	7.630798e-01
-5.133656e+00 	2.605767e-01 	6.835788e-01
-5.133656e+00 	3.474356e-01 	6.417087e-01
-5.133656e+00 	4.342945e-01 	6.853854e-01
-5.133656e+00 	5.211534e-01 	8.279968e-01
-5.133656e+00 	6.080123e-01 	1.033728e+00
-5.133656e+00 	6.948712e-01 	1.239167e+00
-5.133656e+00 	7.817301e-01 	1.393975e+00
-5.133656e+00 	8.685890e-01 	1.481793e+00
-5.133656e+00 	9.554479e-01 	1.510319e+00
-5.133656e+00 	1.042307e+00 	1.492637e+00
-5.133656e+00 	1.129166e+00 	1.438544e+00
-5.133656e+00 	1.216025e+00 	1.355595e+00
-5.133656e+00 	1.302883e+00 	1.251962e+00
-5.133656e+00 	1.389742e+00 	1.136481e+00
-5.133656e+00 	1.476601e+00 	1.016321e+00
-5.133656e+00 	1.563460e+00 	8.949565e-01
-5.133656e+00 	1.650319e+00 	7.722550e-01
-5.133656e+00 	1.737178e+00 	6.465143e-01
-5.133656e+00 	1.824037e+00 	5.170820e-01
-5.133656e+00 	1.910896e+00 	3.862983e-01
-5.133656e+00 	1.997755e+00 	2.601386e-01
-5.133656e+00 	2.084614e+00 	1.475673e-01
-5.133656e+00 	2.171472e+00 	5.904262e-02
-5.133656e+00 	2.258331e+00 	4.737125e-03
-5.133656e+00 	2.345190e+00 	-7.058651e-03
-5.133656e+00 	2.432049e+00 	2.891826e-02
-5.133656e+00 	2.518908e+00 	1.142971e-01
-5.133656e+00 	2.605767e+00 	2.470213e-01
-5.133656e+00 	2.692626e+00 	4.218462e-01
-5.133656e+00 	2.779485e+00 	6.313290e-01
-5.133656e+00 	2.866344e+00 	8.671304e-01
-5.133656e+00 	2.953202e+00 	1.121327e+00

-4.873080e+00 	0.000000e+00 	8.499135e-01
-4.873080e+00 	8.685890e-02 	8.291355e-01
-4.873080e+00 	1.737178e-01 	7.630829e-01
-4.873080e+00 	2.605767e-01 	6.835821e-01
-4.873080e+00 	3.474356e-01 	6.417090e-01
-4.873080e+00 	4.342945e-01 	6.853785e-01
-4.873080e+00 	5.211534e-01 	8.279787e-01
-4.873080e+00 	6.080123e-01 	1.033697e+00
-4.873080e+00 	6.948712e-01 	1.239124e+00
-4.873080e+00 	7.817301e-01 	1.393923e+00
-4.873080e+00 	8.685890e-01 	1.481736e+00
-4.873080e+00 	9.554479e-01 	1.510260e+00
-4.873080e+00 	1.042307e+00 	1.492578e+00
-4.873080e+00 	1.129166e+00 	1.438487e+00
-4.873080e+00 	1.216025e+00 	1.355540e+00
-4.873080e+00 	1.302883e+00 	1.251911e+00
-4.873080e+00 	1.389742e+00 	1.136434e+00
-4.873080e+00 	1.476601e+00 	1.016277e+00
-4.873080e+00 	1.563460e+00 	8.949149e-01
-4.873080e+00 	1.650319e+00 	7.722166e-01
-4.873080e+00 	1.737178e+00 	6.464826e-01
-4.873080e+00 	1.824037e+00 	5.170574e-01
-4.873080e+00 	1.910896e+00 	3.862803e-01
-4.873080e+00 	1.997755e+00 	2.601270e-01
-4.873080e+00 	2.084614e+00 	1.475615e-01
-4.873080e+00 	2.171472e+00 	5.904194e-02
-4.873080e+00 	2.258331e+00 	4.740568e-03
-4.873080e+00 	2.345190e+00 	-7.052129e-03
-4.873080e+00 	2.432049e+00 	2.892682e-02
-4.873080e+00 	2.518908e+00 	1.143068e-01
-4.873080e+00 	2.605767e+00 	2.470312e-01
-4.873080e+00 	2.692626e+00 	4.218557e-01
-4.873080e+00 	2.779485e+00 	6.313376e-01
-4.873080e+00 	2.866344e+00 	8.671377e-01
-4.873080e+00 	2.953202e+00 	1.121333e+00

-4.612503e+00 	0.000000e+00 	8.499132e-01
-4.612503e+00 	8.685890e-02 	8.291385e-01
-4.612503e+00 	1.737178e-01 	7.630887e-01
-4.612503e+00 	2.605767e-01 	6.835880e-01
-4.612503e+00 	3.474356e-01 	6.417095e-01
-4.612503e+00 	4.342945e-01 	6.853660e-01
-4.612503e+00 	5.211534e-01 	8.279458e-01
-4.612503e+00 	6.080123e-01 	1.033640e+00
-4.612503e+00 	6.948712e-01 	1.239045e+00
-4.612503e+00 	7.817301e-01 	1.393828e+00
-4.612503e+00 	8.685890e-01 	1.481632e+00
-4.612503e+00 	9.554479e-01 	1.510152e+00
-4.612503e+00 	1.042307e+00 	1.492471e+00
-4.612503e+00 	1.129166e+00 	1.438383e+00
-4.612503e+00 	1.216025e+00 	1.355442e+00
-4.612503e+00 	1.302883e+00 	1.251819e+00
-4.612503e+00 	1.389742e+00 	1.136348e+00
-4.612503e+00 	1.476601e+00 	1.016197e+00
-4.612503e+00 	1.563460e+00 	8.948397e-01
-4.612503e+00 	1.650319e+00 	7.721493e-01
-4.612503e+00 	1.737178e+00 	6.464285e-01
-4.612503e+00 	1.824037e+00 	5.170162e-01
-4.612503e+00 	1.910896e+00 	3.862517e-01
-4.612503e+00 	1.997755e+00 	2.601104e-01
-4.612503e+00 	2.084614e+00 	1.475559e-01
-4.612503e+00 	2.171472e+00 	5.904583e-02
-4.612503e+00 	2.258331e+00 	4.752191e-03
-4.612503e+00 	2.345190e+00 	-7.034703e-03
-4.612503e+00 	2.432049e+00 	2.894813e-02
-4.612503e+00 	2.518908e+00 	1.143302e-01
-4.612503e+00 	2.605767e+00 	2.470552e-01
-4.612503e+00 	2.692626e+00 	4.218790e-01
-4.612503e+00 	2.779485e+00 	6.313592e-01
-4.612503e+00 	2.866344e+00 	8.671571e-01
-4.612503e+00 	2.953202e+00 	1.121350e+00

-4.351926e+00 	0.000000e+00 	8.499125e-01
-4.351926e+00 	8.685890e-02 	8.291439e-01
-4.351926e+00 	1.737178e-01 	7.630993e-01
-4.351926e+00 	2.605767e-01 	6.835988e-01
-4.351926e+00 	3.474356e-01 	6.417105e-01
-4.351926e+00 	4.342945e-01 	6.853432e-01
-4.351926e+00 	5.211534e-01 	8.278858e-01
-4.351926e+00 	6.080123e-01 	1.033536e+00
-4.351926e+00 	6.948712e-01 	1.238901e+00
-4.351926e+00 	7.817301e-01 	1.393655e+00
-4.351926e+00 	8.685890e-01 	1.481442e+00
-4.351926e+00 	9.554479e-01 	1.509956e+00
-4.351926e+00 	1.042307e+00 	1.492276e+00
-4.351926e+00 	1.129166e+00 	1.438194e+00
-4.351926e+00 	1.216025e+00 	1.355262e+00
-4.351926e+00 	1.302883e+00 	1.251651e+00
-4.351926e+00 	1.389742e+00 	1.136192e+00
-4.351926e+00 	1.476601e+00 	1.016051e+00
-4.351926e+00 	1.563460e+00 	8.947047e-01
-4.351926e+00 	1.650319e+00 	7.720326e-01
-4.351926e+00 	1.737178e+00 	6.463366e-01
-4.351926e+00 	1.824037e+00 	5.169485e-01
-4.351926e+00 	1.910896e+00 	3.862075e-01
-4.351926e+00 	1.997755e+00 	2.600887e-01
-4.351926e+00 	2.084614e+00 	1.475547e-01
-4.351926e+00 	2.171472e+00 	5.906242e-02
-4.351926e+00 	2.258331e+00 	4.783256e-03
-4.351926e+00 	2.345190e+00 	-6.992744e-03
-4.351926e+00 	2.432049e+00 	2.899743e-02
-4.351926e+00 	2.518908e+00 	1.143835e-01
-4.351926e+00 	2.605767e+00 	2.471097e-01
-4.351926e+00 	2.692626e+00 	4.219325e-01
-4.351926e+00 	2.779485e+00 	6.314099e-01
-4.351926e+00 	2.866344e+00 	8.672038e-01
-4.351926e+00 	2.953202e+00 	1.121391e+00

-4.091350e+00 	0.000000e+00 	8.499114e-01
-4.091350e+00 	8.685890e-02 	8.291537e-01
-4.091350e+00 	1.737178e-01 	7.631185e-01
-4.091350e+00 	2.605767e-01 	6.836184e-01
-4.091350e+00 	3.474356e-01 	6.417123e-01
-4.091350e+00 	4.342945e-01 	6.853016e-01
-4.091350e+00 	5.211534e-01 	8.277765e-01
-4.091350e+00 	6.080123e-01 	1.033347e+00
-4.091350e+00 	6.948712e-01 	1.238639e+00
-4.091350e+00 	7.817301e-01 	1.393340e+00
-4.091350e+00 	8.685890e-01 	1.481097e+00
-4.091350e+00 	9.554479e-01 	1.509599e+00
-4.091350e+00 	1.042307e+00 	1.491920e+00
-4.091350e+00 	1.129166e+00 	1.437850e+00
-4.091350e+00 	1.216025e+00 	1.354936e+00
-4.091350e+00 	1.302883e+00 	1.251345e+00
-4.091350e+00 	1.389742e+00 	1.135908e+00
-4.091350e+00 	1.476601e+00 	1.015788e+00
-4.091350e+00 	1.563460e+00 	8.944647e-01
-4.091350e+00 	1.650319e+00 	7.718321e-01
-4.091350e+00 	1.737178e+00 	6.461823e-01
-4.091350e+00 	1.824037e+00 	5.168389e-01
-4.091350e+00 	1.910896e+00 	3.861419e-01
-4.091350e+00 	1.997755e+00 	2.600650e-01
-4.091350e+00 	2.084614e+00 	1.475694e-01
-4.091350e+00 	2.171472e+00 	5.911026e-02
-4.091350e+00 	2.258331e+00 	4.858117e-03
-4.091350e+00 	2.345190e+00 	-6.897492e-03
-4.091350e+00 	2.432049e+00 	2.910650e-02
-4.091350e+00 	2.518908e+00 	1.145003e-01
-4.091350e+00 	2.605767e+00 	2.472290e-01
-4.091350e+00 	2.692626e+00 	4.220501e-01
-4.091350e+00 	2.779485e+00 	6.315226e-01
-4.091350e+00 	2.866344e+00 	8.673093e-01
-4.091350e+00 	2.953202e+00 	1.121488e+00

-3.830773e+00 	0.000000e+00 	8.499093e-01
-3.830773e+00 	8.685890e-02 	8.291716e-01
-3.830773e+00 	1.737178e-01 	7.631535e-01
-3.830773e+00 	2.605767e-01 	6.836542e-01
-3.830773e+00 	3.474356e-01 	6.417155e-01
-3.830773e+00 	4.342945e-01 	6.852259e-01
-3.830773e+00 	5.211534e-01 	8.275775e-01
-3.830773e+00 	6.080123e-01 	1.033003e+00
-3.830773e+00 	6.948712e-01 	1.238162e+00
-3.830773e+00 	7.817301e-01 	1.392766e+00
-3.830773e+00 	8.685890e-01 	1.480467e+00
-3.830773e+00 	9.554479e-01 	1.508948e+00
-3.830773e+00 	1.042307e+00 	1.491273e+00
-3.830773e+00 	1.129166e+00 	1.437223e+00
-3.830773e+00 	1.216025e+00 	1.354341e+00
-3.830773e+00 	1.302883e+00 	1.250789e+00
-3.830773e+00 	1.389742e+00 	1.135392e+00
-3.830773e+00 	1.476601e+00 	1.015312e+00
-3.830773e+00 	1.563460e+00 	8.940427e-01
-3.830773e+00 	1.650319e+00 	7.714907e-01
-3.830773e+00 	1.737178e+00 	6.459257e-01
-3.830773e+00 	1.824037e+00 	5.166657e-01
-3.830773e+00 	1.910896e+00 	3.860506e-01
-3.830773e+00 	1.997755e+00 	2.600519e-01
-3.830773e+00 	2.084614e+00 	1.476275e-01
-3.830773e+00 	2.171472e+00 	5.923007e-02
-3.830773e+00 	2.258331e+00 	5.028225e-03
-3.830773e+00 	2.345190e+00 	-6.689332e-03
-3.830773e+00 	2.432049e+00 	2.934059e-02
-3.830773e+00 	2.518908e+00 	1.147492e-01
-3.830773e+00 	2.605767e+00 	2.474830e-01
-3.830773e+00 	2.692626e+00 	4.223012e-01
-3.830773e+00 	2.779485e+00 	6.317651e-01
-3.830773e+00 	2.866344e+00 	8.675392e-01
-3.830773e+00 	2.953202e+00 	1.121703e+00

-3.570196e+00 	0.000000e+00 	8.499054e-01
-3.570196e+00 	8.685890e-02 	8.292043e-01
-3.570196e+00 	1.737178e-01 	7.632172e-01
-3.570196e+00 	2.605767e-01 	6.837194e-01
-3.570196e+00 	3.474356e-01 	6.417216e-01
-3.570196e+00 	4.342945e-01 	6.850881e-01
-3.570196e+00 	5.211534e-01 	8.272152e-01
-3.570196e+00 	6.080123e-01 	1.032377e+00
-3.570196e+00 	6.948712e-01 	1.237293e+00
-3.570196e+00 	7.817301e-01 	1.391720e+00
-3.570196e+00 	8.685890e-01 	1.479321e+00
-3.570196e+00 	9.554479e-01 	1.507764e+00
-3.570196e+00 	1.042307e+00 	1.490095e+00
-3.570196e+00 	1.129166e+00 	1.436081e+00
-3.570196e+00 	1.216025e+00 	1.353258e+00
-3.570196e+00 	1.302883e+00 	1.249778e+00
-3.570196e+00 	1.389742e+00 	1.134458e+00
-3.570196e+00 	1.476601e+00 	1.014462e+00
-3.570196e+00 	1.563460e+00 	8.933109e-01
-3.570196e+00 	1.650319e+00 	7.709146e-01
-3.570196e+00 	1.737178e+00 	6.455058e-01
-3.570196e+00 	1.824037e+00 	5.164007e-01
-3.570196e+00 	1.910896e+00 	3.859378e-01
-3.570196e+00 	1.997755e+00 	2.600840e-01
-3.570196e+00 	2.084614e+00 	1.477918e-01
-3.570196e+00 	2.171472e+00 	5.950882e-02
-3.570196e+00 	2.258331e+00 	5.400352e-03
-3.570196e+00 	2.345190e+00 	-6.246411e-03
-3.570196e+00 	2.432049e+00 	2.983198e-02
-3.570196e+00 	2.518908e+00 	1.152685e-01
-3.570196e+00 	2.605767e+00 	2.480123e-01
-3.570196e+00 	2.692626e+00 	4.228263e-01
-3.570196e+00 	2.779485e+00 	6.322751e-01
-3.570196e+00 	2.866344e+00 	8.680264e-01
-3.570196e+00 	2.953202e+00 	1.122163e+00

-3.309620e+00 	0.000000e+00 	8.498984e-01
-3.309620e+00 	8.685890e-02 	8.292638e-01
-3.309620e+00 	1.737178e-01 	7.633334e-01
-3.309620e+00 	2.605767e-01 	6.838384e-01
-3.309620e+00 	3.474356e-01 	6.417329e-01
-3.309620e+00 	4.342945e-01 	6.848378e-01
-3.309620e+00 	5.211534e-01 	8.265563e-01
-3.309620e+00 	6.080123e-01 	1.031238e+00
-3.309620e+00 	6.948712e-01 	1.235713e+00
-3.309620e+00 	7.817301e-01 	1.389819e+00
-3.309620e+00 	8.685890e-01 	1.477236e+00
-3.309620e+00 	9.554479e-01 	1.505609e+00
-3.309620e+00 	1.042307e+00 	1.487951e+00
-3.309620e+00 	1.129166e+00 	1.434007e+00
-3.309620e+00 	1.216025e+00 	1.351292e+00
-3.309620e+00 	1.302883e+00 	1.247946e+00
-3.309620e+00 	1.389742e+00 	1.132775e+00
-3.309620e+00 	1.476601e+00 	1.012958e+00
-3.309620e+00 	1.563460e+00 	8.920584e-01
-3.309620e+00 	1.650319e+00 	7.699533e-01
-3.309620e+00 	1.737178e+00 	6.448326e-01
-3.309620e+00 	1.824037e+00 	5.160143e-01
-3.309620e+00 	1.910896e+00 	3.858334e-01
-3.309620e+00 	1.997755e+00 	2.602479e-01
-3.309620e+00 	2.084614e+00 	1.482000e-01
-3.309620e+00 	2.171472e+00 	6.012862e-02
-3.309620e+00 	2.258331e+00 	6.192965e-03
-3.309620e+00 	2.345190e+00 	-5.322498e-03
-3.309620e+00 	2.432049e+00 	3.084618e-02
-3.309620e+00 	2.518908e+00 	1.163351e-01
-3.309620e+00 	2.605767e+00 	2.490988e-01
-3.309620e+00 	2.692626e+00 	4.239061e-01
-3.309620e+00 	2.779485e+00 	6.333282e-01
-3.309620e+00 	2.866344e+00 	8.690389e-01
-3.309620e+00 	2.953202e+00 	1.123125e+00

-3.049043e+00 	0.000000e+00 	8.498853e-01
-3.049043e+00 	8.685890e-02 	8.293720e-01
-3.049043e+00 	1.737178e-01 	7.635449e-01
-3.049043e+00 	2.605767e-01 	6.840554e-01
-3.049043e+00 	3.474356e-01 	6.417544e-01
-3.049043e+00 	4.342945e-01 	6.843839e-01
-3.049043e+00 	5.211534e-01 	8.253596e-01
-3.049043e+00 	6.080123e-01 	1.029169e+00
-3.049043e+00 	6.948712e-01 	1.232841e+00
-3.049043e+00 	7.817301e-01 	1.386363e+00
-3.049043e+00 	8.685890e-01 	1.473448e+00
-3.049043e+00 	9.554479e-01 	1.501695e+00
-3.049043e+00 	1.042307e+00 	1.484059e+00
-3.049043e+00 	1.129166e+00 	1.430242e+00
-3.049043e+00 	1.216025e+00 	1.347730e+00
-3.049043e+00 	1.302883e+00 	1.244640e+00
-3.049043e+00 	1.389742e+00 	1.129767e+00
-3.049043e+00 	1.476601e+00 	1.010336e+00
-3.049043e+00 	1.563460e+00 	8.899435e-01
-3.049043e+00 	1.650319e+00 	7.683744e-01
-3.049043e+00 	1.737178e+00 	6.437846e-01
-3.049043e+00 	1.824037e+00 	5.154959e-01
-3.049043e+00 	1.910896e+00 	3.858352e-01
-3.049043e+00 	1.997755e+00 	2.607439e-01
-3.049043e+00 	2.084614e+00 	1.491461e-01
-3.049043e+00 	2.171472e+00 	6.146470e-02
-3.049043e+00 	2.258331e+00 	7.847837e-03
-3.049043e+00 	2.345190e+00 	-3.424914e-03
-3.049043e+00 	2.432049e+00 	3.291132e-02
-3.049043e+00 	2.518908e+00 	1.184985e-01
-3.049043e+00 	2.605767e+00 	2.513004e-01
-3.049043e+00 	2.692626e+00 	4.260973e-01
-3.049043e+00 	2.779485e+00 	6.354724e-01
-3.049043e+00 	2.866344e+00 	8.711103e-01
-3.049043e+00 	2.953202e+00 	1.125107e+00

-2.788466e+00 	0.000000e+00 	8.498609e-01
-2.788466e+00 	8.685890e-02 	8.295684e-01
-2.788466e+00 	1.737178e-01 	7.639301e-01
-2.788466e+00 	2.605767e-01 	6.844516e-01
-2.788466e+00 	3.474356e-01 	6.417969e-01
-2.788466e+00 	4.342945e-01 	6.835640e-01
-2.788466e+00 	5.211534e-01 	8.231921e-01
-2.788466e+00 	6.080123e-01 	1.025417e+00
-2.788466e+00 	6.948712e-01 	1.227634e+00
-2.788466e+00 	7.817301e-01 	1.380097e+00
-2.788466e+00 	8.685890e-01 	1.466580e+00
-2.788466e+00 	9.554479e-01 	1.494602e+00
-2.788466e+00 	1.042307e+00 	1.477010e+00
-2.788466e+00 	1.129166e+00 	1.423432e+00
-2.788466e+00 	1.216025e+00 	1.341306e+00
-2.788466e+00 	1.302883e+00 	1.238713e+00
-2.788466e+00 	1.389742e+00 	1.124462e+00
-2.788466e+00 	1.476601e+00 	1.005847e+00
-2.788466e+00 	1.563460e+00 	8.864278e-01
-2.788466e+00 	1.650319e+00 	7.658398e-01
-2.788466e+00 	1.737178e+00 	6.422247e-01
-2.788466e+00 	1.824037e+00 	5.149090e-01
-2.788466e+00 	1.910896e+00 	3.862029e-01
-2.788466e+00 	1.997755e+00 	2.620183e-01
-2.788466e+00 	2.084614e+00 	1.512460e-01
-2.788466e+00 	2.171472e+00 	6.428018e-02
-2.788466e+00 	2.258331e+00 	1.124912e-02
-2.788466e+00 	2.345190e+00 	4.232974e-04
-2.788466e+00 	2.432049e+00 	3.706914e-02
-2.788466e+00 	2.518908e+00 	1.228391e-01
-2.788466e+00 	2.605767e+00 	2.557140e-01
-2.788466e+00 	2.692626e+00 	4.304949e-01
-2.788466e+00 	2.779485e+00 	6.397866e-01
-2.788466e+00 	2.866344e+00 	8.752939e-01
-2.788466e+00 	2.953202e+00 	1.129130e+00

-2.527890e+00 	0.000000e+00 	8.498143e-01
-2.527890e+00 	8.685890e-02 	8.299244e-01
-2.527890e+00 	1.737178e-01 	7.646310e-01
-2.527890e+00 	2.605767e-01 	6.851764e-01
-2.527890e+00 	3.474356e-01 	6.418847e-01
-2.527890e+00 	4.342945e-01 	6.820940e-01
-2.527890e+00 	5.211534e-01 	8.192855e-01
-2.527890e+00 	6.080123e-01 	1.018646e+00
-2.527890e+00 	6.948712e-01 	1.218233e+00
-2.527890e+00 	7.817301e-01 	1.368783e+00
-2.527890e+00 	8.685890e-01 	1.454182e+00
-2.527890e+00 	9.554479e-01 	1.481804e+00
-2.527890e+00 	1.042307e+00 	1.464310e+00
-2.527890e+00 	1.129166e+00 	1.411192e+00
-2.527890e+00 	1.216025e+00 	1.329814e+00
-2.527890e+00 	1.302883e+00 	1.228224e+00
-2.527890e+00 	1.389742e+00 	1.115277e+00
-2.527890e+00 	1.476601e+00 	9.983224e-01
-2.527890e+00 	1.563460e+00 	8.807090e-01
-2.527890e+00 	1.650319e+00 	7.619079e-01
-2.527890e+00 	1.737178e+00 	6.400725e-01
-2.527890e+00 	1.824037e+00 	5.145323e-01
-2.527890e+00 	1.910896e+00 	3.875667e-01
-2.527890e+00 	1.997755e+00 	2.650347e-01
-2.527890e+00 	2.084614e+00 	1.557681e-01
-2.527890e+00 	2.171472e+00 	7.010881e-02
-2.527890e+00 	2.258331e+00 	1.814894e-02
-2.527890e+00 	2.345190e+00 	8.142119e-03
-2.527890e+00 	2.432049e+00 	4.535713e-02
-2.527890e+00 	2.518908e+00 	1.314652e-01
-2.527890e+00 	2.605767e+00 	2.644778e-01
-2.527890e+00 	2.692626e+00 	4.392337e-01
-2.527890e+00 	2.779485e+00 	6.483770e-01
-2.527890e+00 	2.866344e+00 	8.836492e-01
-2.527890e+00 	2.953202e+00 	1.137194e+00

-2.267313e+00 	0.000000e+00 	8.497226e-01
-2.267313e+00 	8.685890e-02 	8.305660e-01
-2.267313e+00 	1.737178e-01 	7.659053e-01
-2.267313e+00 	2.605767e-01 	6.865059e-01
-2.267313e+00 	3.474356e-01 	6.420795e-01
-2.267313e+00 	4.342945e-01 	6.794941e-01
-2.267313e+00 	5.211534e-01 	8.123081e-01
-2.267313e+00 	6.080123e-01 	1.006522e+00
-2.267313e+00 	6.948712e-01 	1.201383e+00
-2.267313e+00 	7.817301e-01 	1.348504e+00
-2.267313e+00 	8.685890e-01 	1.431972e+00
-2.267313e+00 	9.554479e-01 	1.458905e+00
-2.267313e+00 	1.042307e+00 	1.441634e+00
-2.267313e+00 	1.129166e+00 	1.389431e+00
-2.267313e+00 	1.216025e+00 	1.309550e+00
-2.267313e+00 	1.302883e+00 	1.210031e+00
-2.267313e+00 	1.389742e+00 	1.099795e+00
-2.267313e+00 	1.476601e+00 	9.860452e-01
-2.267313e+00 	1.563460e+00 	8.717122e-01
-2.267313e+00 	1.650319e+00 	7.561419e-01
-2.267313e+00 	1.737178e+00 	6.375258e-01
-2.267313e+00 	1.824037e+00 	5.151952e-01
-2.267313e+00 	1.910896e+00 	3.913747e-01
-2.267313e+00 	1.997755e+00 	2.718303e-01
-2.267313e+00 	2.084614e+00 	1.652884e-01
-2.267313e+00 	2.171472e+00 	8.199749e-02
-2.267313e+00 	2.258331e+00 	3.198316e-02
-2.267313e+00 	2.345190e+00 	2.346729e-02
-2.267313e+00 	2.432049e+00 	6.172154e-02
-2.267313e+00 	2.518908e+00 	1.484498e-01
-2.267313e+00 	2.605767e+00 	2.817184e-01
-2.267313e+00 	2.692626e+00 	4.564340e-01
-2.267313e+00 	2.779485e+00 	6.653119e-01
-2.267313e+00 	2.866344e+00 	9.001601e-01
-2.267313e+00 	2.953202e+00 	1.153177e+00

-2.006736e+00 	0.000000e+00 	8.495326e-01
-2.006736e+00 	8.685890e-02 	8.317121e-01
-2.006736e+00 	1.737178e-01 	7.682166e-01
-2.006736e+00 	2.605767e-01 	6.889572e-01
-2.006736e+00 	3.474356e-01 	6.425470e-01
-2.006736e+00 	4.342945e-01 	6.750139e-01
-2.006736e+00 	5.211534e-01 	8.000552e-01
-2.006736e+00 	6.080123e-01 	9.851269e-01
-2.006736e+00 	6.948712e-01 	1.171601e+00
-2.006736e+00 	7.817301e-01 	1.312652e+00
-2.006736e+00 	8.685890e-01 	1.392738e+00
-2.006736e+00 	9.554479e-01 	1.418540e+00
-2.006736e+00 	1.042307e+00 	1.401820e+00
-2.006736e+00 	1.129166e+00 	1.351499e+00
-2.006736e+00 	1.216025e+00 	1.274702e+00
-2.006736e+00 	1.302883e+00 	1.179475e+00
-2.006736e+00 	1.389742e+00 	1.074640e+00
-2.006736e+00 	1.476601e+00 	9.667990e-01
-2.006736e+00 	1.563460e+00 	8.583282e-01
-2.006736e+00 	1.650319e+00 	7.485246e-01
-2.006736e+00 	1.737178e+00 	6.356525e-01
-2.006736e+00 	1.824037e+00 	5.190452e-01
-2.006736e+00 	1.910896e+00 	4.008348e-01
-2.006736e+00 	1.997755e+00 	2.866264e-01
-2.006736e+00 	2.084614e+00 	1.849607e-01
-2.006736e+00 	2.171472e+00 	1.059181e-01
-2.006736e+00 	2.258331e+00 	5.940254e-02
-2.006736e+00 	2.345190e+00 	5.357498e-02
-2.006736e+00 	2.432049e+00 	9.370809e-02
-2.006736e+00 	2.518908e+00 	1.815612e-01
-2.006736e+00 	2.605767e+00 	3.152969e-01
-2.006736e+00 	2.692626e+00 	4.899426e-01
-2.006736e+00 	2.779485e+00 	6.983420e-01
-2.006736e+00 	2.866344e+00 	9.324228e-01
-2.006736e+00 	2.953202e+00 	1.184483e+00

-1.746159e+00 	0.000000e+00 	8.491099e-01
-1.746159e+00 	8.685890e-02 	8.337226e-01
-1.746159e+00 	1.737178e-01 	7.723906e-01
-1.746159e+00 	2.605767e-01 	6.935128e-01
-1.746159e+00 	3.474356e-01 	6.437592e-01
-1.746159e+00 	4.342945e-01 	6.676771e-01
-1.746159e+00 	5.211534e-01 	7.792129e-01
-1.746159e+00 	6.080123e-01 	9.483833e-01
-1.746159e+00 	6.948712e-01 	1.120291e+00
-1.746159e+00 	7.817301e-01 	1.250857e+00
-1.746159e+00 	8.685890e-01 	1.325214e+00
-1.746159e+00 	9.554479e-01 	1.349320e+00
-1.746159e+00 	1.042307e+00 	1.334015e+00
-1.746159e+00 	1.129166e+00 	1.287682e+00
-1.746159e+00 	1.216025e+00 	1.217272e+00
-1.746159e+00 	1.302883e+00 	1.130672e+00
-1.746159e+00 	1.389742e+00 	1.035981e+00
-1.746159e+00 	1.476601e+00 	9.386185e-01
-1.746159e+00 	1.563460e+00 	8.404054e-01
-1.746159e+00 	1.650319e+00 	7.406850e-01
-1.746159e+00 	1.737178e+00 	6.378489e-01
-1.746159e+00 	1.824037e+00 	5.312412e-01
-1.746159e+00 	1.910896e+00 	4.228456e-01
-1.746159e+00 	1.997755e+00 	3.179949e-01
-1.746159e+00 	2.084614e+00 	2.249075e-01
-1.746159e+00 	2.171472e+00 	1.533640e-01
-1.746159e+00 	2.258331e+00 	1.130452e-01
-1.746159e+00 	2.345190e+00 	1.119931e-01
-1.746159e+00 	2.432049e+00 	1.554714e-01
-1.746159e+00 	2.518908e+00 	2.453288e-01
-1.746159e+00 	2.605767e+00 	3.798929e-01
-1.746159e+00 	2.692626e+00 	5.544028e-01
-1.746159e+00 	2.779485e+00 	7.619296e-01
-1.746159e+00 	2.866344e+00 	9.946153e-01
-1.746159e+00 	2.953202e+00 	1.244938e+00

-1.485583e+00 	0.000000e+00 	8.480830e-01
-1.485583e+00 	8.685890e-02 	8.371204e-01
-1.485583e+00 	1.737178e-01 	7.798545e-01
-1.485583e+00 	2.605767e-01 	7.020706e-01
-1.485583e+00 	3.474356e-01 	6.470848e-01
-1.485583e+00 	4.342945e-01 	6.568997e-01
-1.485583e+00 	5.211534e-01 	7.458975e-01
-1.485583e+00 	6.080123e-01 	8.884704e-01
-1.485583e+00 	6.948712e-01 	1.036069e+00
-1.485583e+00 	7.817301e-01 	1.149298e+00
-1.485583e+00 	8.685890e-01 	1.214507e+00
-1.485583e+00 	9.554479e-01 	1.236550e+00
-1.485583e+00 	1.042307e+00 	1.224837e+00
-1.485583e+00 	1.129166e+00 	1.186924e+00
-1.485583e+00 	1.216025e+00 	1.129303e+00
-1.485583e+00 	1.302883e+00 	1.058936e+00
-1.485583e+00 	1.389742e+00 	9.820825e-01
-1.485583e+00 	1.476601e+00 	9.025530e-01
-1.485583e+00 	1.563460e+00 	8.217089e-01
-1.485583e+00 	1.650319e+00 	7.390492e-01
-1.485583e+00 	1.737178e+00 	6.531868e-01
-1.485583e+00 	1.824037e+00 	5.635065e-01
-1.485583e+00 	1.910896e+00 	4.717691e-01
-1.485583e+00 	1.997755e+00 	3.828646e-01
-1.485583e+00 	2.084614e+00 	3.044639e-01
-1.485583e+00 	2.171472e+00 	2.458212e-01
-1.485583e+00 	2.258331e+00 	2.162090e-01
-1.485583e+00 	2.345190e+00 	2.234359e-01
-1.485583e+00 	2.432049e+00 	2.727219e-01
-1.485583e+00 	2.518908e+00 	3.660477e-01
-1.485583e+00 	2.605767e+00 	5.020123e-01
-1.485583e+00 	2.692626e+00 	6.762156e-01
-1.485583e+00 	2.779485e+00 	8.821239e-01
-1.485583e+00 	2.866344e+00 	1.112256e+00
-1.485583e+00 	2.953202e+00 	1.359410e+00

-1.225006e+00 	0.000000e+00 	8.453436e-01
-1.225006e+00 	8.685890e-02 	8.423883e-01
-1.225006e+00 	1.737178e-01 	7.928853e-01
-1.225006e+00 	2.605767e-01 	7.182961e-01
-1.225006e+00 	3.474356e-01 	6.563899e-01
-1.225006e+00 	4.342945e-01 	6.449846e-01
-1.225006e+00 	5.211534e-01 	6.991694e-01
-1.225006e+00 	6.080123e-01 	8.004025e-01
-1.225006e+00 	6.948712e-01 	9.103279e-01
-1.225006e+00 	7.817301e-01 	9.971095e-01
-1.225006e+00 	8.685890e-01 	1.049216e+00
-1.225006e+00 	9.554479e-01 	1.069993e+00
-1.225006e+00 	1.042307e+00 	1.066740e+00
-1.225006e+00 	1.129166e+00 	1.045546e+00
-1.225006e+00 	1.216025e+00 	1.011418e+00
-1.225006e+00 	1.302883e+00 	9.688110e-01
-1.225006e+00 	1.389742e+00 	9.210362e-01
-1.225006e+00 	1.476601e+00 	8.701617e-01
-1.225006e+00 	1.563460e+00 	8.171955e-01
-1.225006e+00 	1.650319e+00 	7.619172e-01
-1.225006e+00 	1.737178e+00 	7.033086e-01
-1.225006e+00 	1.824037e+00 	6.408676e-01
-1.225006e+00 	1.910896e+00 	5.760537e-01
-1.225006e+00 	1.997755e+00 	5.130777e-01
-1.225006e+00 	2.084614e+00 	4.587197e-01
-1.225006e+00 	2.171472e+00 	4.213360e-01
-1.225006e+00 	2.258331e+00 	4.094659e-01
-1.225006e+00 	2.345190e+00 	4.304588e-01
-1.225006e+00 	2.432049e+00 	4.893933e-01
-1.225006e+00 	2.518908e+00 	5.884138e-01
-1.225006e+00 	2.605767e+00 	7.265354e-01
-1.225006e+00 	2.692626e+00 	8.999457e-01
-1.225006e+00 	2.779485e+00 	1.102774e+00
-1.225006e+00 	2.866344e+00 	1.328186e+00
-1.225006e+00 	2.953202e+00 	1.569530e+00

