# Parameters:
# kT = 0.6
# mu = -7.6
# Ngrid = 32
# 
# Plot:
# log10Cvac		log10alpha		freeEnergy	
# 
-8.000000e+00 	0.000000e+00 	8.499121e-01
-8.000000e+00 	8.685890e-02 	8.293872e-01
-8.000000e+00 	1.737178e-01 	7.635886e-01
-8.000000e+00 	2.605767e-01 	6.841324e-01
-8.000000e+00 	3.474356e-01 	6.418282e-01
-8.000000e+00 	4.342945e-01 	6.844832e-01
-8.000000e+00 	5.211534e-01 	8.257971e-01
-8.000000e+00 	6.080123e-01 	1.030669e+00
-8.000000e+00 	6.948712e-01 	1.236352e+00
-8.000000e+00 	7.817301e-01 	1.392697e+00
-8.000000e+00 	8.685890e-01 	1.483153e+00
-8.000000e+00 	9.554479e-01 	1.515250e+00
-8.000000e+00 	1.042307e+00 	1.502057e+00
-8.000000e+00 	1.129166e+00 	1.453348e+00
-8.000000e+00 	1.216025e+00 	1.376518e+00
-8.000000e+00 	1.302883e+00 	1.279531e+00
-8.000000e+00 	1.389742e+00 	1.171200e+00
-8.000000e+00 	1.476601e+00 	1.059033e+00
-8.000000e+00 	1.563460e+00 	9.471905e-01
-8.000000e+00 	1.650319e+00 	8.363949e-01
-8.000000e+00 	1.737178e+00 	7.256990e-01
-8.000000e+00 	1.824037e+00 	6.148274e-01
-8.000000e+00 	1.910896e+00 	5.058804e-01
-8.000000e+00 	1.997755e+00 	4.038728e-01
-8.000000e+00 	2.084614e+00 	failed
-8.000000e+00 	2.171472e+00 	failed
-8.000000e+00 	2.258331e+00 	failed
-8.000000e+00 	2.345190e+00 	failed
-8.000000e+00 	2.432049e+00 	failed
-8.000000e+00 	2.518908e+00 	failed
-8.000000e+00 	2.605767e+00 	failed
-8.000000e+00 	2.692626e+00 	failed
-8.000000e+00 	2.779485e+00 	failed
-8.000000e+00 	2.866344e+00 	failed
-8.000000e+00 	2.953202e+00 	failed

-7.739423e+00 	0.000000e+00 	8.499121e-01
-7.739423e+00 	8.685890e-02 	8.293872e-01
-7.739423e+00 	1.737178e-01 	7.635886e-01
-7.739423e+00 	2.605767e-01 	6.841324e-01
-7.739423e+00 	3.474356e-01 	6.418282e-01
-7.739423e+00 	4.342945e-01 	6.844832e-01
-7.739423e+00 	5.211534e-01 	8.257971e-01
-7.739423e+00 	6.080123e-01 	1.030669e+00
-7.739423e+00 	6.948712e-01 	1.236352e+00
-7.739423e+00 	7.817301e-01 	1.392697e+00
-7.739423e+00 	8.685890e-01 	1.483153e+00
-7.739423e+00 	9.554479e-01 	1.515250e+00
-7.739423e+00 	1.042307e+00 	1.502057e+00
-7.739423e+00 	1.129166e+00 	1.453348e+00
-7.739423e+00 	1.216025e+00 	1.376518e+00
-7.739423e+00 	1.302883e+00 	1.279531e+00
-7.739423e+00 	1.389742e+00 	1.171200e+00
-7.739423e+00 	1.476601e+00 	1.059033e+00
-7.739423e+00 	1.563460e+00 	9.471904e-01
-7.739423e+00 	1.650319e+00 	8.363948e-01
-7.739423e+00 	1.737178e+00 	7.256989e-01
-7.739423e+00 	1.824037e+00 	6.148274e-01
-7.739423e+00 	1.910896e+00 	5.058804e-01
-7.739423e+00 	1.997755e+00 	4.038725e-01
-7.739423e+00 	2.084614e+00 	failed
-7.739423e+00 	2.171472e+00 	failed
-7.739423e+00 	2.258331e+00 	failed
-7.739423e+00 	2.345190e+00 	failed
-7.739423e+00 	2.432049e+00 	failed
-7.739423e+00 	2.518908e+00 	failed
-7.739423e+00 	2.605767e+00 	failed
-7.739423e+00 	2.692626e+00 	failed
-7.739423e+00 	2.779485e+00 	failed
-7.739423e+00 	2.866344e+00 	failed
-7.739423e+00 	2.953202e+00 	failed

-7.478847e+00 	0.000000e+00 	8.499121e-01
-7.478847e+00 	8.685890e-02 	8.293872e-01
-7.478847e+00 	1.737178e-01 	7.635886e-01
-7.478847e+00 	2.605767e-01 	6.841324e-01
-7.478847e+00 	3.474356e-01 	6.418282e-01
-7.478847e+00 	4.342945e-01 	6.844832e-01
-7.478847e+00 	5.211534e-01 	8.257970e-01
-7.478847e+00 	6.080123e-01 	1.030669e+00
-7.478847e+00 	6.948712e-01 	1.236352e+00
-7.478847e+00 	7.817301e-01 	1.392696e+00
-7.478847e+00 	8.685890e-01 	1.483153e+00
-7.478847e+00 	9.554479e-01 	1.515250e+00
-7.478847e+00 	1.042307e+00 	1.502057e+00
-7.478847e+00 	1.129166e+00 	1.453348e+00
-7.478847e+00 	1.216025e+00 	1.376518e+00
-7.478847e+00 	1.302883e+00 	1.279531e+00
-7.478847e+00 	1.389742e+00 	1.171200e+00
-7.478847e+00 	1.476601e+00 	1.059033e+00
-7.478847e+00 	1.563460e+00 	9.471903e-01
-7.478847e+00 	1.650319e+00 	8.363947e-01
-7.478847e+00 	1.737178e+00 	7.256988e-01
-7.478847e+00 	1.824037e+00 	6.148273e-01
-7.478847e+00 	1.910896e+00 	5.058803e-01
-7.478847e+00 	1.997755e+00 	4.038721e-01
-7.478847e+00 	2.084614e+00 	failed
-7.478847e+00 	2.171472e+00 	failed
-7.478847e+00 	2.258331e+00 	failed
-7.478847e+00 	2.345190e+00 	failed
-7.478847e+00 	2.432049e+00 	failed
-7.478847e+00 	2.518908e+00 	failed
-7.478847e+00 	2.605767e+00 	failed
-7.478847e+00 	2.692626e+00 	failed
-7.478847e+00 	2.779485e+00 	failed
-7.478847e+00 	2.866344e+00 	failed
-7.478847e+00 	2.953202e+00 	failed

-7.218270e+00 	0.000000e+00 	8.499121e-01
-7.218270e+00 	8.685890e-02 	8.293872e-01
-7.218270e+00 	1.737178e-01 	7.635886e-01
-7.218270e+00 	2.605767e-01 	6.841324e-01
-7.218270e+00 	3.474356e-01 	6.418282e-01
-7.218270e+00 	4.342945e-01 	6.844832e-01
-7.218270e+00 	5.211534e-01 	8.257970e-01
-7.218270e+00 	6.080123e-01 	1.030668e+00
-7.218270e+00 	6.948712e-01 	1.236352e+00
-7.218270e+00 	7.817301e-01 	1.392696e+00
-7.218270e+00 	8.685890e-01 	1.483153e+00
-7.218270e+00 	9.554479e-01 	1.515250e+00
-7.218270e+00 	1.042307e+00 	1.502057e+00
-7.218270e+00 	1.129166e+00 	1.453348e+00
-7.218270e+00 	1.216025e+00 	1.376517e+00
-7.218270e+00 	1.302883e+00 	1.279530e+00
-7.218270e+00 	1.389742e+00 	1.171200e+00
-7.218270e+00 	1.476601e+00 	1.059033e+00
-7.218270e+00 	1.563460e+00 	9.471901e-01
-7.218270e+00 	1.650319e+00 	8.363945e-01
-7.218270e+00 	1.737178e+00 	7.256986e-01
-7.218270e+00 	1.824037e+00 	6.148272e-01
-7.218270e+00 	1.910896e+00 	5.058802e-01
-7.218270e+00 	1.997755e+00 	4.038714e-01
-7.218270e+00 	2.084614e+00 	failed
-7.218270e+00 	2.171472e+00 	failed
-7.218270e+00 	2.258331e+00 	failed
-7.218270e+00 	2.345190e+00 	failed
-7.218270e+00 	2.432049e+00 	failed
-7.218270e+00 	2.518908e+00 	failed
-7.218270e+00 	2.605767e+00 	failed
-7.218270e+00 	2.692626e+00 	failed
-7.218270e+00 	2.779485e+00 	failed
-7.218270e+00 	2.866344e+00 	failed
-7.218270e+00 	2.953202e+00 	failed

-6.957693e+00 	0.000000e+00 	8.499121e-01
-6.957693e+00 	8.685890e-02 	8.293873e-01
-6.957693e+00 	1.737178e-01 	7.635887e-01
-6.957693e+00 	2.605767e-01 	6.841324e-01
-6.957693e+00 	3.474356e-01 	6.418282e-01
-6.957693e+00 	4.342945e-01 	6.844831e-01
-6.957693e+00 	5.211534e-01 	8.257968e-01
-6.957693e+00 	6.080123e-01 	1.030668e+00
-6.957693e+00 	6.948712e-01 	1.236352e+00
-6.957693e+00 	7.817301e-01 	1.392696e+00
-6.957693e+00 	8.685890e-01 	1.483152e+00
-6.957693e+00 	9.554479e-01 	1.515249e+00
-6.957693e+00 	1.042307e+00 	1.502056e+00
-6.957693e+00 	1.129166e+00 	1.453347e+00
-6.957693e+00 	1.216025e+00 	1.376517e+00
-6.957693e+00 	1.302883e+00 	1.279530e+00
-6.957693e+00 	1.389742e+00 	1.171199e+00
-6.957693e+00 	1.476601e+00 	1.059032e+00
-6.957693e+00 	1.563460e+00 	9.471898e-01
-6.957693e+00 	1.650319e+00 	8.363942e-01
-6.957693e+00 	1.737178e+00 	7.256983e-01
-6.957693e+00 	1.824037e+00 	6.148269e-01
-6.957693e+00 	1.910896e+00 	5.058800e-01
-6.957693e+00 	1.997755e+00 	4.038704e-01
-6.957693e+00 	2.084614e+00 	failed
-6.957693e+00 	2.171472e+00 	failed
-6.957693e+00 	2.258331e+00 	failed
-6.957693e+00 	2.345190e+00 	failed
-6.957693e+00 	2.432049e+00 	failed
-6.957693e+00 	2.518908e+00 	failed
-6.957693e+00 	2.605767e+00 	failed
-6.957693e+00 	2.692626e+00 	failed
-6.957693e+00 	2.779485e+00 	failed
-6.957693e+00 	2.866344e+00 	failed
-6.957693e+00 	2.953202e+00 	failed

-6.697117e+00 	0.000000e+00 	8.499121e-01
-6.697117e+00 	8.685890e-02 	8.293873e-01
-6.697117e+00 	1.737178e-01 	7.635887e-01
-6.697117e+00 	2.605767e-01 	6.841325e-01
-6.697117e+00 	3.474356e-01 	6.418282e-01
-6.697117e+00 	4.342945e-01 	6.844830e-01
-6.697117e+00 	5.211534e-01 	8.257965e-01
-6.697117e+00 	6.080123e-01 	1.030668e+00
-6.697117e+00 	6.948712e-01 	1.236351e+00
-6.697117e+00 	7.817301e-01 	1.392695e+00
-6.697117e+00 	8.685890e-01 	1.483152e+00
-6.697117e+00 	9.554479e-01 	1.515248e+00
-6.697117e+00 	1.042307e+00 	1.502055e+00
-6.697117e+00 	1.129166e+00 	1.453347e+00
-6.697117e+00 	1.216025e+00 	1.376516e+00
-6.697117e+00 	1.302883e+00 	1.279529e+00
-6.697117e+00 	1.389742e+00 	1.171199e+00
-6.697117e+00 	1.476601e+00 	1.059032e+00
-6.697117e+00 	1.563460e+00 	9.471892e-01
-6.697117e+00 	1.650319e+00 	8.363936e-01
-6.697117e+00 	1.737178e+00 	7.256978e-01
-6.697117e+00 	1.824037e+00 	6.148265e-01
-6.697117e+00 	1.910896e+00 	5.058796e-01
-6.697117e+00 	1.997755e+00 	4.038690e-01
-6.697117e+00 	2.084614e+00 	failed
-6.697117e+00 	2.171472e+00 	failed
-6.697117e+00 	2.258331e+00 	failed
-6.697117e+00 	2.345190e+00 	failed
-6.697117e+00 	2.432049e+00 	failed
-6.697117e+00 	2.518908e+00 	failed
-6.697117e+00 	2.605767e+00 	failed
-6.697117e+00 	2.692626e+00 	failed
-6.697117e+00 	2.779485e+00 	failed
-6.697117e+00 	2.866344e+00 	failed
-6.697117e+00 	2.953202e+00 	failed

-6.436540e+00 	0.000000e+00 	8.499121e-01
-6.436540e+00 	8.685890e-02 	8.293873e-01
-6.436540e+00 	1.737178e-01 	7.635888e-01
-6.436540e+00 	2.605767e-01 	6.841326e-01
-6.436540e+00 	3.474356e-01 	6.418282e-01
-6.436540e+00 	4.342945e-01 	6.844828e-01
-6.436540e+00 	5.211534e-01 	8.257960e-01
-6.436540e+00 	6.080123e-01 	1.030667e+00
-6.436540e+00 	6.948712e-01 	1.236350e+00
-6.436540e+00 	7.817301e-01 	1.392694e+00
-6.436540e+00 	8.685890e-01 	1.483150e+00
-6.436540e+00 	9.554479e-01 	1.515247e+00
-6.436540e+00 	1.042307e+00 	1.502054e+00
-6.436540e+00 	1.129166e+00 	1.453345e+00
-6.436540e+00 	1.216025e+00 	1.376515e+00
-6.436540e+00 	1.302883e+00 	1.279528e+00
-6.436540e+00 	1.389742e+00 	1.171197e+00
-6.436540e+00 	1.476601e+00 	1.059031e+00
-6.436540e+00 	1.563460e+00 	9.471880e-01
-6.436540e+00 	1.650319e+00 	8.363925e-01
-6.436540e+00 	1.737178e+00 	7.256968e-01
-6.436540e+00 	1.824037e+00 	6.148256e-01
-6.436540e+00 	1.910896e+00 	5.058790e-01
-6.436540e+00 	1.997755e+00 	4.038672e-01
-6.436540e+00 	2.084614e+00 	failed
-6.436540e+00 	2.171472e+00 	failed
-6.436540e+00 	2.258331e+00 	failed
-6.436540e+00 	2.345190e+00 	failed
-6.436540e+00 	2.432049e+00 	failed
-6.436540e+00 	2.518908e+00 	failed
-6.436540e+00 	2.605767e+00 	failed
-6.436540e+00 	2.692626e+00 	failed
-6.436540e+00 	2.779485e+00 	failed
-6.436540e+00 	2.866344e+00 	failed
-6.436540e+00 	2.953202e+00 	failed

-6.175963e+00 	0.000000e+00 	8.499121e-01
-6.175963e+00 	8.685890e-02 	8.293874e-01
-6.175963e+00 	1.737178e-01 	7.635890e-01
-6.175963e+00 	2.605767e-01 	6.841327e-01
-6.175963e+00 	3.474356e-01 	6.418282e-01
-6.175963e+00 	4.342945e-01 	6.844825e-01
-6.175963e+00 	5.211534e-01 	8.257952e-01
-6.175963e+00 	6.080123e-01 	1.030665e+00
-6.175963e+00 	6.948712e-01 	1.236348e+00
-6.175963e+00 	7.817301e-01 	1.392691e+00
-6.175963e+00 	8.685890e-01 	1.483147e+00
-6.175963e+00 	9.554479e-01 	1.515244e+00
-6.175963e+00 	1.042307e+00 	1.502051e+00
-6.175963e+00 	1.129166e+00 	1.453342e+00
-6.175963e+00 	1.216025e+00 	1.376512e+00
-6.175963e+00 	1.302883e+00 	1.279525e+00
-6.175963e+00 	1.389742e+00 	1.171195e+00
-6.175963e+00 	1.476601e+00 	1.059028e+00
-6.175963e+00 	1.563460e+00 	9.471859e-01
-6.175963e+00 	1.650319e+00 	8.363905e-01
-6.175963e+00 	1.737178e+00 	7.256950e-01
-6.175963e+00 	1.824037e+00 	6.148241e-01
-6.175963e+00 	1.910896e+00 	5.058777e-01
-6.175963e+00 	1.997755e+00 	4.038651e-01
-6.175963e+00 	2.084614e+00 	failed
-6.175963e+00 	2.171472e+00 	failed
-6.175963e+00 	2.258331e+00 	failed
-6.175963e+00 	2.345190e+00 	failed
-6.175963e+00 	2.432049e+00 	failed
-6.175963e+00 	2.518908e+00 	failed
-6.175963e+00 	2.605767e+00 	failed
-6.175963e+00 	2.692626e+00 	failed
-6.175963e+00 	2.779485e+00 	failed
-6.175963e+00 	2.866344e+00 	failed
-6.175963e+00 	2.953202e+00 	failed

-5.915386e+00 	0.000000e+00 	8.499121e-01
-5.915386e+00 	8.685890e-02 	8.293876e-01
-5.915386e+00 	1.737178e-01 	7.635892e-01
-5.915386e+00 	2.605767e-01 	6.841330e-01
-5.915386e+00 	3.474356e-01 	6.418282e-01
-5.915386e+00 	4.342945e-01 	6.844819e-01
-5.915386e+00 	5.211534e-01 	8.257935e-01
-5.915386e+00 	6.080123e-01 	1.030663e+00
-5.915386e+00 	6.948712e-01 	1.236344e+00
-5.915386e+00 	7.817301e-01 	1.392686e+00
-5.915386e+00 	8.685890e-01 	1.483142e+00
-5.915386e+00 	9.554479e-01 	1.515238e+00
-5.915386e+00 	1.042307e+00 	1.502045e+00
-5.915386e+00 	1.129166e+00 	1.453337e+00
-5.915386e+00 	1.216025e+00 	1.376507e+00
-5.915386e+00 	1.302883e+00 	1.279521e+00
-5.915386e+00 	1.389742e+00 	1.171191e+00
-5.915386e+00 	1.476601e+00 	1.059024e+00
-5.915386e+00 	1.563460e+00 	9.471821e-01
-5.915386e+00 	1.650319e+00 	8.363868e-01
-5.915386e+00 	1.737178e+00 	7.256917e-01
-5.915386e+00 	1.824037e+00 	6.148215e-01
-5.915386e+00 	1.910896e+00 	5.058756e-01
-5.915386e+00 	1.997755e+00 	4.038625e-01
-5.915386e+00 	2.084614e+00 	failed
-5.915386e+00 	2.171472e+00 	failed
-5.915386e+00 	2.258331e+00 	failed
-5.915386e+00 	2.345190e+00 	failed
-5.915386e+00 	2.432049e+00 	failed
-5.915386e+00 	2.518908e+00 	failed
-5.915386e+00 	2.605767e+00 	failed
-5.915386e+00 	2.692626e+00 	failed
-5.915386e+00 	2.779485e+00 	failed
-5.915386e+00 	2.866344e+00 	failed
-5.915386e+00 	2.953202e+00 	failed

-5.654810e+00 	0.000000e+00 	8.499120e-01
-5.654810e+00 	8.685890e-02 	8.293878e-01
-5.654810e+00 	1.737178e-01 	7.635898e-01
-5.654810e+00 	2.605767e-01 	6.841336e-01
-5.654810e+00 	3.474356e-01 	6.418283e-01
-5.654810e+00 	4.342945e-01 	6.844808e-01
-5.654810e+00 	5.211534e-01 	8.257906e-01
-5.654810e+00 	6.080123e-01 	1.030657e+00
-5.654810e+00 	6.948712e-01 	1.236337e+00
-5.654810e+00 	7.817301e-01 	1.392678e+00
-5.654810e+00 	8.685890e-01 	1.483133e+00
-5.654810e+00 	9.554479e-01 	1.515229e+00
-5.654810e+00 	1.042307e+00 	1.502036e+00
-5.654810e+00 	1.129166e+00 	1.453327e+00
-5.654810e+00 	1.216025e+00 	1.376498e+00
-5.654810e+00 	1.302883e+00 	1.279512e+00
-5.654810e+00 	1.389742e+00 	1.171183e+00
-5.654810e+00 	1.476601e+00 	1.059017e+00
-5.654810e+00 	1.563460e+00 	9.471751e-01
-5.654810e+00 	1.650319e+00 	8.363802e-01
-5.654810e+00 	1.737178e+00 	7.256858e-01
-5.654810e+00 	1.824037e+00 	6.148167e-01
-5.654810e+00 	1.910896e+00 	5.058717e-01
-5.654810e+00 	1.997755e+00 	4.038590e-01
-5.654810e+00 	2.084614e+00 	failed
-5.654810e+00 	2.171472e+00 	failed
-5.654810e+00 	2.258331e+00 	failed
-5.654810e+00 	2.345190e+00 	failed
-5.654810e+00 	2.432049e+00 	failed
-5.654810e+00 	2.518908e+00 	failed
-5.654810e+00 	2.605767e+00 	failed
-5.654810e+00 	2.692626e+00 	failed
-5.654810e+00 	2.779485e+00 	failed
-5.654810e+00 	2.866344e+00 	failed
-5.654810e+00 	2.953202e+00 	failed

-5.394233e+00 	0.000000e+00 	8.499120e-01
-5.394233e+00 	8.685890e-02 	8.293883e-01
-5.394233e+00 	1.737178e-01 	7.635907e-01
-5.394233e+00 	2.605767e-01 	6.841345e-01
-5.394233e+00 	3.474356e-01 	6.418284e-01
-5.394233e+00 	4.342945e-01 	6.844787e-01
-5.394233e+00 	5.211534e-01 	8.257852e-01
-5.394233e+00 	6.080123e-01 	1.030648e+00
-5.394233e+00 	6.948712e-01 	1.236324e+00
-5.394233e+00 	7.817301e-01 	1.392662e+00
-5.394233e+00 	8.685890e-01 	1.483115e+00
-5.394233e+00 	9.554479e-01 	1.515211e+00
-5.394233e+00 	1.042307e+00 	1.502018e+00
-5.394233e+00 	1.129166e+00 	1.453310e+00
-5.394233e+00 	1.216025e+00 	1.376482e+00
-5.394233e+00 	1.302883e+00 	1.279497e+00
-5.394233e+00 	1.389742e+00 	1.171168e+00
-5.394233e+00 	1.476601e+00 	1.059004e+00
-5.394233e+00 	1.563460e+00 	9.471624e-01
-5.394233e+00 	1.650319e+00 	8.363681e-01
-5.394233e+00 	1.737178e+00 	7.256753e-01
-5.394233e+00 	1.824037e+00 	6.148082e-01
-5.394233e+00 	1.910896e+00 	5.058650e-01
-5.394233e+00 	1.997755e+00 	4.038535e-01
-5.394233e+00 	2.084614e+00 	failed
-5.394233e+00 	2.171472e+00 	failed
-5.394233e+00 	2.258331e+00 	failed
-5.394233e+00 	2.345190e+00 	failed
-5.394233e+00 	2.432049e+00 	failed
-5.394233e+00 	2.518908e+00 	failed
-5.394233e+00 	2.605767e+00 	failed
-5.394233e+00 	2.692626e+00 	failed
-5.394233e+00 	2.779485e+00 	failed
-5.394233e+00 	2.866344e+00 	failed
-5.394233e+00 	2.953202e+00 	failed

-5.133656e+00 	0.000000e+00 	8.499119e-01
-5.133656e+00 	8.685890e-02 	8.293892e-01
-5.133656e+00 	1.737178e-01 	7.635925e-01
-5.133656e+00 	2.605767e-01 	6.841363e-01
-5.133656e+00 	3.474356e-01 	6.418286e-01
-5.133656e+00 	4.342945e-01 	6.844750e-01
-5.133656e+00 	5.211534e-01 	8.257753e-01
-5.133656e+00 	6.080123e-01 	1.030631e+00
-5.133656e+00 	6.948712e-01 	1.236300e+00
-5.133656e+00 	7.817301e-01 	1.392633e+00
-5.133656e+00 	8.685890e-01 	1.483084e+00
-5.133656e+00 	9.554479e-01 	1.515178e+00
-5.133656e+00 	1.042307e+00 	1.501986e+00
-5.133656e+00 	1.129166e+00 	1.453279e+00
-5.133656e+00 	1.216025e+00 	1.376452e+00
-5.133656e+00 	1.302883e+00 	1.279469e+00
-5.133656e+00 	1.389742e+00 	1.171142e+00
-5.133656e+00 	1.476601e+00 	1.058979e+00
-5.133656e+00 	1.563460e+00 	9.471393e-01
-5.133656e+00 	1.650319e+00 	8.363465e-01
-5.133656e+00 	1.737178e+00 	7.256568e-01
-5.133656e+00 	1.824037e+00 	6.147933e-01
-5.133656e+00 	1.910896e+00 	5.058535e-01
-5.133656e+00 	1.997755e+00 	4.038449e-01
-5.133656e+00 	2.084614e+00 	3.160936e-01
-5.133656e+00 	2.171472e+00 	failed
-5.133656e+00 	2.258331e+00 	failed
-5.133656e+00 	2.345190e+00 	failed
-5.133656e+00 	2.432049e+00 	failed
-5.133656e+00 	2.518908e+00 	failed
-5.133656e+00 	2.605767e+00 	failed
-5.133656e+00 	2.692626e+00 	failed
-5.133656e+00 	2.779485e+00 	failed
-5.133656e+00 	2.866344e+00 	failed
-5.133656e+00 	2.953202e+00 	failed

-4.873080e+00 	0.000000e+00 	8.499117e-01
-4.873080e+00 	8.685890e-02 	8.293908e-01
-4.873080e+00 	1.737178e-01 	7.635956e-01
-4.873080e+00 	2.605767e-01 	6.841396e-01
-4.873080e+00 	3.474356e-01 	6.418289e-01
-4.873080e+00 	4.342945e-01 	6.844682e-01
-4.873080e+00 	5.211534e-01 	8.257574e-01
-4.873080e+00 	6.080123e-01 	1.030600e+00
-4.873080e+00 	6.948712e-01 	1.236257e+00
-4.873080e+00 	7.817301e-01 	1.392581e+00
-4.873080e+00 	8.685890e-01 	1.483027e+00
-4.873080e+00 	9.554479e-01 	1.515119e+00
-4.873080e+00 	1.042307e+00 	1.501927e+00
-4.873080e+00 	1.129166e+00 	1.453222e+00
-4.873080e+00 	1.216025e+00 	1.376398e+00
-4.873080e+00 	1.302883e+00 	1.279418e+00
-4.873080e+00 	1.389742e+00 	1.171095e+00
-4.873080e+00 	1.476601e+00 	1.058935e+00
-4.873080e+00 	1.563460e+00 	9.470975e-01
-4.873080e+00 	1.650319e+00 	8.363078e-01
-4.873080e+00 	1.737178e+00 	7.256245e-01
-4.873080e+00 	1.824037e+00 	6.147677e-01
-4.873080e+00 	1.910896e+00 	5.058342e-01
-4.873080e+00 	1.997755e+00 	4.038314e-01
-4.873080e+00 	2.084614e+00 	3.160847e-01
-4.873080e+00 	2.171472e+00 	2.509592e-01
-4.873080e+00 	2.258331e+00 	failed
-4.873080e+00 	2.345190e+00 	failed
-4.873080e+00 	2.432049e+00 	failed
-4.873080e+00 	2.518908e+00 	failed
-4.873080e+00 	2.605767e+00 	failed
-4.873080e+00 	2.692626e+00 	failed
-4.873080e+00 	2.779485e+00 	failed
-4.873080e+00 	2.866344e+00 	failed
-4.873080e+00 	2.953202e+00 	failed

-4.612503e+00 	0.000000e+00 	8.499113e-01
-4.612503e+00 	8.685890e-02 	8.293938e-01
-4.612503e+00 	1.737178e-01 	7.636014e-01
-4.612503e+00 	2.605767e-01 	6.841455e-01
-4.612503e+00 	3.474356e-01 	6.418295e-01
-4.612503e+00 	4.342945e-01 	6.844559e-01
-4.612503e+00 	5.211534e-01 	8.257248e-01
-4.612503e+00 	6.080123e-01 	1.030544e+00
-4.612503e+00 	6.948712e-01 	1.236178e+00
-4.612503e+00 	7.817301e-01 	1.392487e+00
-4.612503e+00 	8.685890e-01 	1.482923e+00
-4.612503e+00 	9.554479e-01 	1.515012e+00
-4.612503e+00 	1.042307e+00 	1.501819e+00
-4.612503e+00 	1.129166e+00 	1.453118e+00
-4.612503e+00 	1.216025e+00 	1.376299e+00
-4.612503e+00 	1.302883e+00 	1.279325e+00
-4.612503e+00 	1.389742e+00 	1.171008e+00
-4.612503e+00 	1.476601e+00 	1.058854e+00
-4.612503e+00 	1.563460e+00 	9.470218e-01
-4.612503e+00 	1.650319e+00 	8.362394e-01
-4.612503e+00 	1.737178e+00 	7.255685e-01
-4.612503e+00 	1.824037e+00 	6.147242e-01
-4.612503e+00 	1.910896e+00 	5.058025e-01
-4.612503e+00 	1.997755e+00 	4.038108e-01
-4.612503e+00 	2.084614e+00 	3.160741e-01
-4.612503e+00 	2.171472e+00 	2.509566e-01
-4.612503e+00 	2.258331e+00 	2.164113e-01
-4.612503e+00 	2.345190e+00 	2.187184e-01
-4.612503e+00 	2.432049e+00 	failed
-4.612503e+00 	2.518908e+00 	failed
-4.612503e+00 	2.605767e+00 	failed
-4.612503e+00 	2.692626e+00 	failed
-4.612503e+00 	2.779485e+00 	failed
-4.612503e+00 	2.866344e+00 	failed
-4.612503e+00 	2.953202e+00 	failed

-4.351926e+00 	0.000000e+00 	8.499107e-01
-4.351926e+00 	8.685890e-02 	8.293991e-01
-4.351926e+00 	1.737178e-01 	7.636119e-01
-4.351926e+00 	2.605767e-01 	6.841563e-01
-4.351926e+00 	3.474356e-01 	6.418306e-01
-4.351926e+00 	4.342945e-01 	6.844334e-01
-4.351926e+00 	5.211534e-01 	8.256653e-01
-4.351926e+00 	6.080123e-01 	1.030441e+00
-4.351926e+00 	6.948712e-01 	1.236035e+00
-4.351926e+00 	7.817301e-01 	1.392314e+00
-4.351926e+00 	8.685890e-01 	1.482734e+00
-4.351926e+00 	9.554479e-01 	1.514816e+00
-4.351926e+00 	1.042307e+00 	1.501624e+00
-4.351926e+00 	1.129166e+00 	1.452928e+00
-4.351926e+00 	1.216025e+00 	1.376118e+00
-4.351926e+00 	1.302883e+00 	1.279156e+00
-4.351926e+00 	1.389742e+00 	1.170851e+00
-4.351926e+00 	1.476601e+00 	1.058707e+00
-4.351926e+00 	1.563460e+00 	9.468854e-01
-4.351926e+00 	1.650319e+00 	8.361196e-01
-4.351926e+00 	1.737178e+00 	7.254725e-01
-4.351926e+00 	1.824037e+00 	6.146512e-01
-4.351926e+00 	1.910896e+00 	5.057517e-01
-4.351926e+00 	1.997755e+00 	4.037811e-01
-4.351926e+00 	2.084614e+00 	3.160635e-01
-4.351926e+00 	2.171472e+00 	2.509626e-01
-4.351926e+00 	2.258331e+00 	2.164304e-01
-4.351926e+00 	2.345190e+00 	2.187462e-01
-4.351926e+00 	2.432049e+00 	2.615823e-01
-4.351926e+00 	2.518908e+00 	failed
-4.351926e+00 	2.605767e+00 	failed
-4.351926e+00 	2.692626e+00 	failed
-4.351926e+00 	2.779485e+00 	failed
-4.351926e+00 	2.866344e+00 	failed
-4.351926e+00 	2.953202e+00 	failed

-4.091350e+00 	0.000000e+00 	8.499095e-01
-4.091350e+00 	8.685890e-02 	8.294089e-01
-4.091350e+00 	1.737178e-01 	7.636311e-01
-4.091350e+00 	2.605767e-01 	6.841760e-01
-4.091350e+00 	3.474356e-01 	6.418327e-01
-4.091350e+00 	4.342945e-01 	6.843924e-01
-4.091350e+00 	5.211534e-01 	8.255571e-01
-4.091350e+00 	6.080123e-01 	1.030253e+00
-4.091350e+00 	6.948712e-01 	1.235775e+00
-4.091350e+00 	7.817301e-01 	1.392000e+00
-4.091350e+00 	8.685890e-01 	1.482388e+00
-4.091350e+00 	9.554479e-01 	1.514458e+00
-4.091350e+00 	1.042307e+00 	1.501268e+00
-4.091350e+00 	1.129166e+00 	1.452583e+00
-4.091350e+00 	1.216025e+00 	1.375790e+00
-4.091350e+00 	1.302883e+00 	1.278848e+00
-4.091350e+00 	1.389742e+00 	1.170565e+00
-4.091350e+00 	1.476601e+00 	1.058441e+00
-4.091350e+00 	1.563460e+00 	9.466418e-01
-4.091350e+00 	1.650319e+00 	8.359123e-01
-4.091350e+00 	1.737178e+00 	7.253095e-01
-4.091350e+00 	1.824037e+00 	6.145309e-01
-4.091350e+00 	1.910896e+00 	5.056730e-01
-4.091350e+00 	1.997755e+00 	4.037420e-01
-4.091350e+00 	2.084614e+00 	3.160604e-01
-4.091350e+00 	2.171472e+00 	2.509911e-01
-4.091350e+00 	2.258331e+00 	2.164845e-01
-4.091350e+00 	2.345190e+00 	2.188200e-01
-4.091350e+00 	2.432049e+00 	2.616676e-01
-4.091350e+00 	2.518908e+00 	3.456464e-01
-4.091350e+00 	2.605767e+00 	failed
-4.091350e+00 	2.692626e+00 	failed
-4.091350e+00 	2.779485e+00 	failed
-4.091350e+00 	2.866344e+00 	failed
-4.091350e+00 	2.953202e+00 	failed

-3.830773e+00 	0.000000e+00 	8.499073e-01
-3.830773e+00 	8.685890e-02 	8.294268e-01
-3.830773e+00 	1.737178e-01 	7.636660e-01
-3.830773e+00 	2.605767e-01 	6.842119e-01
-3.830773e+00 	3.474356e-01 	6.418364e-01
-3.830773e+00 	4.342945e-01 	6.843178e-01
-3.830773e+00 	5.211534e-01 	8.253598e-01
-3.830773e+00 	6.080123e-01 	1.029911e+00
-3.830773e+00 	6.948712e-01 	1.235300e+00
-3.830773e+00 	7.817301e-01 	1.391428e+00
-3.830773e+00 	8.685890e-01 	1.481760e+00
-3.830773e+00 	9.554479e-01 	1.513808e+00
-3.830773e+00 	1.042307e+00 	1.500620e+00
-3.830773e+00 	1.129166e+00 	1.451954e+00
-3.830773e+00 	1.216025e+00 	1.375192e+00
-3.830773e+00 	1.302883e+00 	1.278288e+00
-3.830773e+00 	1.389742e+00 	1.170044e+00
-3.830773e+00 	1.476601e+00 	1.057961e+00
-3.830773e+00 	1.563460e+00 	9.462112e-01
-3.830773e+00 	1.650319e+00 	8.355570e-01
-3.830773e+00 	1.737178e+00 	7.250359e-01
-3.830773e+00 	1.824037e+00 	6.143367e-01
-3.830773e+00 	1.910896e+00 	5.055562e-01
-3.830773e+00 	1.997755e+00 	4.036990e-01
-3.830773e+00 	2.084614e+00 	3.160849e-01
-3.830773e+00 	2.171472e+00 	2.510745e-01
-3.830773e+00 	2.258331e+00 	2.166165e-01
-3.830773e+00 	2.345190e+00 	2.189899e-01
-3.830773e+00 	2.432049e+00 	2.618623e-01
-3.830773e+00 	2.518908e+00 	3.458290e-01
-3.830773e+00 	2.605767e+00 	failed
-3.830773e+00 	2.692626e+00 	failed
-3.830773e+00 	2.779485e+00 	failed
-3.830773e+00 	2.866344e+00 	failed
-3.830773e+00 	2.953202e+00 	failed

-3.570196e+00 	0.000000e+00 	8.499033e-01
-3.570196e+00 	8.685890e-02 	8.294593e-01
-3.570196e+00 	1.737178e-01 	7.637296e-01
-3.570196e+00 	2.605767e-01 	6.842773e-01
-3.570196e+00 	3.474356e-01 	6.418433e-01
-3.570196e+00 	4.342945e-01 	6.841820e-01
-3.570196e+00 	5.211534e-01 	8.250008e-01
-3.570196e+00 	6.080123e-01 	1.029289e+00
-3.570196e+00 	6.948712e-01 	1.234435e+00
-3.570196e+00 	7.817301e-01 	1.390385e+00
-3.570196e+00 	8.685890e-01 	1.480616e+00
-3.570196e+00 	9.554479e-01 	1.512624e+00
-3.570196e+00 	1.042307e+00 	1.499440e+00
-3.570196e+00 	1.129166e+00 	1.450809e+00
-3.570196e+00 	1.216025e+00 	1.374104e+00
-3.570196e+00 	1.302883e+00 	1.277271e+00
-3.570196e+00 	1.389742e+00 	1.169102e+00
-3.570196e+00 	1.476601e+00 	1.057100e+00
-3.570196e+00 	1.563460e+00 	9.454599e-01
-3.570196e+00 	1.650319e+00 	8.349540e-01
-3.570196e+00 	1.737178e+00 	7.245832e-01
-3.570196e+00 	1.824037e+00 	6.140313e-01
-3.570196e+00 	1.910896e+00 	5.053947e-01
-3.570196e+00 	1.997755e+00 	4.036744e-01
-3.570196e+00 	2.084614e+00 	3.161858e-01
-3.570196e+00 	2.171472e+00 	2.512847e-01
-3.570196e+00 	2.258331e+00 	2.169176e-01
-3.570196e+00 	2.345190e+00 	2.193621e-01
-3.570196e+00 	2.432049e+00 	2.622830e-01
-3.570196e+00 	2.518908e+00 	3.462597e-01
-3.570196e+00 	2.605767e+00 	failed
-3.570196e+00 	2.692626e+00 	failed
-3.570196e+00 	2.779485e+00 	failed
-3.570196e+00 	2.866344e+00 	failed
-3.570196e+00 	2.953202e+00 	failed

-3.309620e+00 	0.000000e+00 	8.498960e-01
-3.309620e+00 	8.685890e-02 	8.295184e-01
-3.309620e+00 	1.737178e-01 	7.638455e-01
-3.309620e+00 	2.605767e-01 	6.843965e-01
-3.309620e+00 	3.474356e-01 	6.418561e-01
-3.309620e+00 	4.342945e-01 	6.839353e-01
-3.309620e+00 	5.211534e-01 	8.243479e-01
-3.309620e+00 	6.080123e-01 	1.028158e+00
-3.309620e+00 	6.948712e-01 	1.232862e+00
-3.309620e+00 	7.817301e-01 	1.388489e+00
-3.309620e+00 	8.685890e-01 	1.478534e+00
-3.309620e+00 	9.554479e-01 	1.510469e+00
-3.309620e+00 	1.042307e+00 	1.497293e+00
-3.309620e+00 	1.129166e+00 	1.448728e+00
-3.309620e+00 	1.216025e+00 	1.372129e+00
-3.309620e+00 	1.302883e+00 	1.275426e+00
-3.309620e+00 	1.389742e+00 	1.167403e+00
-3.309620e+00 	1.476601e+00 	1.055571e+00
-3.309620e+00 	1.563460e+00 	9.441672e-01
-3.309620e+00 	1.650319e+00 	8.339415e-01
-3.309620e+00 	1.737178e+00 	7.238473e-01
-3.309620e+00 	1.824037e+00 	6.135681e-01
-3.309620e+00 	1.910896e+00 	5.051983e-01
-3.309620e+00 	1.997755e+00 	4.037313e-01
-3.309620e+00 	2.084614e+00 	3.164748e-01
-3.309620e+00 	2.171472e+00 	2.517759e-01
-3.309620e+00 	2.258331e+00 	2.175777e-01
-3.309620e+00 	2.345190e+00 	2.201535e-01
-3.309620e+00 	2.432049e+00 	2.631672e-01
-3.309620e+00 	2.518908e+00 	3.471865e-01
-3.309620e+00 	2.605767e+00 	4.699911e-01
-3.309620e+00 	2.692626e+00 	failed
-3.309620e+00 	2.779485e+00 	failed
-3.309620e+00 	2.866344e+00 	failed
-3.309620e+00 	2.953202e+00 	failed

-3.049043e+00 	0.000000e+00 	8.498825e-01
-3.049043e+00 	8.685890e-02 	8.296260e-01
-3.049043e+00 	1.737178e-01 	7.640566e-01
-3.049043e+00 	2.605767e-01 	6.846140e-01
-3.049043e+00 	3.474356e-01 	6.418805e-01
-3.049043e+00 	4.342945e-01 	6.834879e-01
-3.049043e+00 	5.211534e-01 	8.231620e-01
-3.049043e+00 	6.080123e-01 	1.026102e+00
-3.049043e+00 	6.948712e-01 	1.230004e+00
-3.049043e+00 	7.817301e-01 	1.385044e+00
-3.049043e+00 	8.685890e-01 	1.474751e+00
-3.049043e+00 	9.554479e-01 	1.506555e+00
-3.049043e+00 	1.042307e+00 	1.493396e+00
-3.049043e+00 	1.129166e+00 	1.444951e+00
-3.049043e+00 	1.216025e+00 	1.368549e+00
-3.049043e+00 	1.302883e+00 	1.272095e+00
-3.049043e+00 	1.389742e+00 	1.164362e+00
-3.049043e+00 	1.476601e+00 	1.052895e+00
-3.049043e+00 	1.563460e+00 	9.419739e-01
-3.049043e+00 	1.650319e+00 	8.322665e-01
-3.049043e+00 	1.737178e+00 	7.226813e-01
-3.049043e+00 	1.824037e+00 	6.129053e-01
-3.049043e+00 	1.910896e+00 	5.050273e-01
-3.049043e+00 	1.997755e+00 	4.040275e-01
-3.049043e+00 	2.084614e+00 	3.171976e-01
-3.049043e+00 	2.171472e+00 	2.528720e-01
-3.049043e+00 	2.258331e+00 	2.189849e-01
-3.049043e+00 	2.345190e+00 	2.218025e-01
-3.049043e+00 	2.432049e+00 	2.649923e-01
-3.049043e+00 	2.518908e+00 	3.491107e-01
-3.049043e+00 	2.605767e+00 	4.717379e-01
-3.049043e+00 	2.692626e+00 	failed
-3.049043e+00 	2.779485e+00 	failed
-3.049043e+00 	2.866344e+00 	failed
-3.049043e+00 	2.953202e+00 	failed

-2.788466e+00 	0.000000e+00 	8.498572e-01
-2.788466e+00 	8.685890e-02 	8.298214e-01
-2.788466e+00 	1.737178e-01 	7.644410e-01
-2.788466e+00 	2.605767e-01 	6.850112e-01
-2.788466e+00 	3.474356e-01 	6.419280e-01
-2.788466e+00 	4.342945e-01 	6.826798e-01
-2.788466e+00 	5.211534e-01 	8.210140e-01
-2.788466e+00 	6.080123e-01 	1.022375e+00
-2.788466e+00 	6.948712e-01 	1.224821e+00
-2.788466e+00 	7.817301e-01 	1.378797e+00
-2.788466e+00 	8.685890e-01 	1.467893e+00
-2.788466e+00 	9.554479e-01 	1.499462e+00
-2.788466e+00 	1.042307e+00 	1.486337e+00
-2.788466e+00 	1.129166e+00 	1.438120e+00
-2.788466e+00 	1.216025e+00 	1.362090e+00
-2.788466e+00 	1.302883e+00 	1.266120e+00
-2.788466e+00 	1.389742e+00 	1.158984e+00
-2.788466e+00 	1.476601e+00 	1.048295e+00
-2.788466e+00 	1.563460e+00 	9.383101e-01
-2.788466e+00 	1.650319e+00 	8.295519e-01
-2.788466e+00 	1.737178e+00 	7.209006e-01
-2.788466e+00 	1.824037e+00 	6.120491e-01
-2.788466e+00 	1.910896e+00 	5.050734e-01
-2.788466e+00 	1.997755e+00 	4.049301e-01
-2.788466e+00 	2.084614e+00 	3.188822e-01
-2.788466e+00 	2.171472e+00 	2.552418e-01
-2.788466e+00 	2.258331e+00 	2.219240e-01
-2.788466e+00 	2.345190e+00 	2.251878e-01
-2.788466e+00 	2.432049e+00 	2.687065e-01
-2.788466e+00 	2.518908e+00 	3.530221e-01
-2.788466e+00 	2.605767e+00 	4.755736e-01
-2.788466e+00 	2.692626e+00 	failed
-2.788466e+00 	2.779485e+00 	failed
-2.788466e+00 	2.866344e+00 	failed
-2.788466e+00 	2.953202e+00 	failed

-2.527890e+00 	0.000000e+00 	8.498092e-01
-2.527890e+00 	8.685890e-02 	8.301753e-01
-2.527890e+00 	1.737178e-01 	7.651405e-01
-2.527890e+00 	2.605767e-01 	6.857376e-01
-2.527890e+00 	3.474356e-01 	6.420250e-01
-2.527890e+00 	4.342945e-01 	6.812313e-01
-2.527890e+00 	5.211534e-01 	8.171428e-01
-2.527890e+00 	6.080123e-01 	1.015649e+00
-2.527890e+00 	6.948712e-01 	1.215464e+00
-2.527890e+00 	7.817301e-01 	1.367516e+00
-2.527890e+00 	8.685890e-01 	1.455512e+00
-2.527890e+00 	9.554479e-01 	1.486664e+00
-2.527890e+00 	1.042307e+00 	1.473617e+00
-2.527890e+00 	1.129166e+00 	1.425839e+00
-2.527890e+00 	1.216025e+00 	1.350532e+00
-2.527890e+00 	1.302883e+00 	1.255531e+00
-2.527890e+00 	1.389742e+00 	1.149648e+00
-2.527890e+00 	1.476601e+00 	1.040549e+00
-2.527890e+00 	1.563460e+00 	9.323164e-01
-2.527890e+00 	1.650319e+00 	8.252863e-01
-2.527890e+00 	1.737178e+00 	7.183392e-01
-2.527890e+00 	1.824037e+00 	6.111741e-01
-2.527890e+00 	1.910896e+00 	5.058435e-01
-2.527890e+00 	1.997755e+00 	4.072598e-01
-2.527890e+00 	2.084614e+00 	3.226376e-01
-2.527890e+00 	2.171472e+00 	2.602456e-01
-2.527890e+00 	2.258331e+00 	2.279662e-01
-2.527890e+00 	2.345190e+00 	2.320504e-01
-2.527890e+00 	2.432049e+00 	2.761710e-01
-2.527890e+00 	2.518908e+00 	3.608612e-01
-2.527890e+00 	2.605767e+00 	4.834587e-01
-2.527890e+00 	2.692626e+00 	6.380555e-01
-2.527890e+00 	2.779485e+00 	failed
-2.527890e+00 	2.866344e+00 	failed
-2.527890e+00 	2.953202e+00 	failed

-2.267313e+00 	0.000000e+00 	8.497148e-01
-2.267313e+00 	8.685890e-02 	8.308133e-01
-2.267313e+00 	1.737178e-01 	7.664121e-01
-2.267313e+00 	2.605767e-01 	6.870701e-01
-2.267313e+00 	3.474356e-01 	6.422362e-01
-2.267313e+00 	4.342945e-01 	6.786700e-01
-2.267313e+00 	5.211534e-01 	8.102292e-01
-2.267313e+00 	6.080123e-01 	1.003605e+00
-2.267313e+00 	6.948712e-01 	1.198693e+00
-2.267313e+00 	7.817301e-01 	1.347296e+00
-2.267313e+00 	8.685890e-01 	1.433332e+00
-2.267313e+00 	9.554479e-01 	1.463763e+00
-2.267313e+00 	1.042307e+00 	1.450903e+00
-2.267313e+00 	1.129166e+00 	1.403997e+00
-2.267313e+00 	1.216025e+00 	1.330135e+00
-2.267313e+00 	1.302883e+00 	1.237131e+00
-2.267313e+00 	1.389742e+00 	1.133854e+00
-2.267313e+00 	1.476601e+00 	1.027856e+00
-2.267313e+00 	1.563460e+00 	9.228148e-01
-2.267313e+00 	1.650319e+00 	8.189074e-01
-2.267313e+00 	1.737178e+00 	7.150423e-01
-2.267313e+00 	1.824037e+00 	6.109247e-01
-2.267313e+00 	1.910896e+00 	5.085648e-01
-2.267313e+00 	1.997755e+00 	4.127981e-01
-2.267313e+00 	2.084614e+00 	3.307527e-01
-2.267313e+00 	2.171472e+00 	2.706177e-01
-2.267313e+00 	2.258331e+00 	2.402230e-01
-2.267313e+00 	2.345190e+00 	2.457976e-01
-2.267313e+00 	2.432049e+00 	2.910069e-01
-2.267313e+00 	2.518908e+00 	3.763978e-01
-2.267313e+00 	2.605767e+00 	4.992482e-01
-2.267313e+00 	2.692626e+00 	6.527459e-01
-2.267313e+00 	2.779485e+00 	failed
-2.267313e+00 	2.866344e+00 	failed
-2.267313e+00 	2.953202e+00 	failed

-2.006736e+00 	0.000000e+00 	8.495198e-01
-2.006736e+00 	8.685890e-02 	8.319528e-01
-2.006736e+00 	1.737178e-01 	7.687184e-01
-2.006736e+00 	2.605767e-01 	6.895264e-01
-2.006736e+00 	3.474356e-01 	6.427327e-01
-2.006736e+00 	4.342945e-01 	6.742581e-01
-2.006736e+00 	5.211534e-01 	7.980893e-01
-2.006736e+00 	6.080123e-01 	9.823526e-01
-2.006736e+00 	6.948712e-01 	1.169051e+00
-2.006736e+00 	7.817301e-01 	1.311550e+00
-2.006736e+00 	8.685890e-01 	1.394152e+00
-2.006736e+00 	9.554479e-01 	1.423389e+00
-2.006736e+00 	1.042307e+00 	1.411012e+00
-2.006736e+00 	1.129166e+00 	1.365905e+00
-2.006736e+00 	1.216025e+00 	1.295014e+00
-2.006736e+00 	1.302883e+00 	1.206148e+00
-2.006736e+00 	1.389742e+00 	1.108092e+00
-2.006736e+00 	1.476601e+00 	1.007848e+00
-2.006736e+00 	1.563460e+00 	9.085154e-01
-2.006736e+00 	1.650319e+00 	8.101801e-01
-2.006736e+00 	1.737178e+00 	7.118124e-01
-2.006736e+00 	1.824037e+00 	6.131268e-01
-2.006736e+00 	1.910896e+00 	5.160608e-01
-2.006736e+00 	1.997755e+00 	4.253188e-01
-2.006736e+00 	2.084614e+00 	3.478748e-01
-2.006736e+00 	2.171472e+00 	2.917788e-01
-2.006736e+00 	2.258331e+00 	2.647664e-01
-2.006736e+00 	2.345190e+00 	2.730122e-01
-2.006736e+00 	2.432049e+00 	3.201778e-01
-2.006736e+00 	2.518908e+00 	4.068577e-01
-2.006736e+00 	2.605767e+00 	5.303189e-01
-2.006736e+00 	2.692626e+00 	6.831931e-01
-2.006736e+00 	2.779485e+00 	8.509058e-01
-2.006736e+00 	2.866344e+00 	failed
-2.006736e+00 	2.953202e+00 	failed

-1.746159e+00 	0.000000e+00 	8.490882e-01
-1.746159e+00 	8.685890e-02 	8.339511e-01
-1.746159e+00 	1.737178e-01 	7.728828e-01
-1.746159e+00 	2.605767e-01 	6.940896e-01
-1.746159e+00 	3.474356e-01 	6.439946e-01
-1.746159e+00 	4.342945e-01 	6.670398e-01
-1.746159e+00 	5.211534e-01 	7.774436e-01
-1.746159e+00 	6.080123e-01 	9.458569e-01
-1.746159e+00 	6.948712e-01 	1.117983e+00
-1.746159e+00 	7.817301e-01 	1.249935e+00
-1.746159e+00 	8.685890e-01 	1.326711e+00
-1.746159e+00 	9.554479e-01 	1.354141e+00
-1.746159e+00 	1.042307e+00 	1.343045e+00
-1.746159e+00 	1.129166e+00 	1.301758e+00
-1.746159e+00 	1.216025e+00 	1.237028e+00
-1.746159e+00 	1.302883e+00 	1.156507e+00
-1.746159e+00 	1.389742e+00 	1.068316e+00
-1.746159e+00 	1.476601e+00 	9.783087e-01
-1.746159e+00 	1.563460e+00 	8.889651e-01
-1.746159e+00 	1.650319e+00 	8.003694e-01
-1.746159e+00 	1.737178e+00 	7.116030e-01
-1.746159e+00 	1.824037e+00 	6.224002e-01
-1.746159e+00 	1.910896e+00 	5.345833e-01
-1.746159e+00 	1.997755e+00 	4.526349e-01
-1.746159e+00 	2.084614e+00 	3.832632e-01
-1.746159e+00 	2.171472e+00 	3.342752e-01
-1.746159e+00 	2.258331e+00 	3.132247e-01
-1.746159e+00 	2.345190e+00 	3.261855e-01
-1.746159e+00 	2.432049e+00 	3.768211e-01
-1.746159e+00 	2.518908e+00 	4.658080e-01
-1.746159e+00 	2.605767e+00 	5.904781e-01
-1.746159e+00 	2.692626e+00 	7.431858e-01
-1.746159e+00 	2.779485e+00 	9.055605e-01
-1.746159e+00 	2.866344e+00 	failed
-1.746159e+00 	2.953202e+00 	failed

-1.485583e+00 	0.000000e+00 	8.480452e-01
-1.485583e+00 	8.685890e-02 	8.373265e-01
-1.485583e+00 	1.737178e-01 	7.803278e-01
-1.485583e+00 	2.605767e-01 	7.026571e-01
-1.485583e+00 	3.474356e-01 	6.474007e-01
-1.485583e+00 	4.342945e-01 	6.564593e-01
-1.485583e+00 	5.211534e-01 	7.444568e-01
-1.485583e+00 	6.080123e-01 	8.863583e-01
-1.485583e+00 	6.948712e-01 	1.034164e+00
-1.485583e+00 	7.817301e-01 	1.148669e+00
-1.485583e+00 	8.685890e-01 	1.216125e+00
-1.485583e+00 	9.554479e-01 	1.241283e+00
-1.485583e+00 	1.042307e+00 	1.233525e+00
-1.485583e+00 	1.129166e+00 	1.200327e+00
-1.485583e+00 	1.216025e+00 	1.147969e+00
-1.485583e+00 	1.302883e+00 	1.083224e+00
-1.485583e+00 	1.389742e+00 	1.012459e+00
-1.485583e+00 	1.476601e+00 	9.398921e-01
-1.485583e+00 	1.563460e+00 	8.674579e-01
-1.485583e+00 	1.650319e+00 	7.953340e-01
-1.485583e+00 	1.737178e+00 	7.227936e-01
-1.485583e+00 	1.824037e+00 	6.496217e-01
-1.485583e+00 	1.910896e+00 	5.774693e-01
-1.485583e+00 	1.997755e+00 	5.104598e-01
-1.485583e+00 	2.084614e+00 	4.548549e-01
-1.485583e+00 	2.171472e+00 	4.180339e-01
-1.485583e+00 	2.258331e+00 	4.072182e-01
-1.485583e+00 	2.345190e+00 	4.282989e-01
-1.485583e+00 	2.432049e+00 	4.849205e-01
-1.485583e+00 	2.518908e+00 	5.778797e-01
-1.485583e+00 	2.605767e+00 	7.047052e-01
-1.485583e+00 	2.692626e+00 	8.578534e-01
-1.485583e+00 	2.779485e+00 	1.017845e+00
-1.485583e+00 	2.866344e+00 	1.145155e+00
-1.485583e+00 	2.953202e+00 	failed

-1.225006e+00 	0.000000e+00 	8.452770e-01
-1.225006e+00 	8.685890e-02 	8.425533e-01
-1.225006e+00 	1.737178e-01 	7.933203e-01
-1.225006e+00 	2.605767e-01 	7.188874e-01
-1.225006e+00 	3.474356e-01 	6.568220e-01
-1.225006e+00 	4.342945e-01 	6.448452e-01
-1.225006e+00 	5.211534e-01 	6.982382e-01
-1.225006e+00 	6.080123e-01 	7.989331e-01
-1.225006e+00 	6.948712e-01 	9.090410e-01
-1.225006e+00 	7.817301e-01 	9.969120e-01
-1.225006e+00 	8.685890e-01 	1.050968e+00
-1.225006e+00 	9.554479e-01 	1.074486e+00
-1.225006e+00 	1.042307e+00 	1.074722e+00
-1.225006e+00 	1.129166e+00 	1.057658e+00
-1.225006e+00 	1.216025e+00 	1.028115e+00
-1.225006e+00 	1.302883e+00 	9.904617e-01
-1.225006e+00 	1.389742e+00 	9.481614e-01
-1.225006e+00 	1.476601e+00 	9.036167e-01
-1.225006e+00 	1.563460e+00 	8.583025e-01
-1.225006e+00 	1.650319e+00 	8.125893e-01
-1.225006e+00 	1.737178e+00 	7.660650e-01
-1.225006e+00 	1.824037e+00 	7.186308e-01
-1.225006e+00 	1.910896e+00 	6.717092e-01
-1.225006e+00 	1.997755e+00 	6.288771e-01
-1.225006e+00 	2.084614e+00 	5.956739e-01
-1.225006e+00 	2.171472e+00 	5.787526e-01
-1.225006e+00 	2.258331e+00 	5.847488e-01
-1.225006e+00 	2.345190e+00 	6.191981e-01
-1.225006e+00 	2.432049e+00 	6.856491e-01
-1.225006e+00 	2.518908e+00 	7.850596e-01
-1.225006e+00 	2.605767e+00 	9.153671e-01
-1.225006e+00 	2.692626e+00 	1.069715e+00
-1.225006e+00 	2.779485e+00 	1.229479e+00
-1.225006e+00 	2.866344e+00 	1.349662e+00
-1.225006e+00 	2.953202e+00 	failed

