#kT				rhoF			rhoS			muCoex			freeEnergy		Ngrid			Cvac			alpha			
3.00000000e-01 	1.84477828e-05 	1.15210104e+00 	-1.09028287e+01 	-1.84774828e-05 	1.21060915e+02 	1.90206291e-03 	1.32306958e+03 	
3.20000000e-01 	5.75670403e-05 	1.15263262e+00 	-9.76539595e+00 	-5.75734001e-05 	1.21041148e+02 	1.93136072e-03 	1.32353662e+03 	
3.40000000e-01 	1.56851220e-04 	1.15323059e+00 	-8.76230217e+00 	-1.56682325e-04 	1.21019369e+02 	1.95313825e-03 	1.32403301e+03 	
3.60000000e-01 	3.84138824e-04 	1.15374063e+00 	-7.87104450e+00 	-3.83226002e-04 	1.21001430e+02 	1.95585543e-03 	1.32442837e+03 	
3.80000000e-01 	8.55431107e-04 	1.15405955e+00 	-7.07356103e+00 	-8.51379732e-04 	1.20989892e+02 	1.96584944e-03 	1.32467449e+03 	
4.00000000e-01 	1.77306942e-03 	1.15459143e+00 	-6.35556412e+00 	-1.75673567e-03 	1.20970602e+02 	1.98394507e-03 	1.32559448e+03 	
4.20000000e-01 	3.44486260e-03 	1.15507773e+00 	-5.70529440e+00 	-3.38753690e-03 	1.20953004e+02 	1.99978383e-03 	1.32744263e+03 	
4.40000000e-01 	6.37663609e-03 	1.15551878e+00 	-5.11293267e+00 	-6.19384434e-03 	1.20937077e+02 	2.01351643e-03 	1.32983063e+03 	
4.60000000e-01 	1.14279081e-02 	1.15591922e+00 	-4.57010433e+00 	-1.08782837e-02 	1.20922648e+02 	2.02538140e-03 	1.33256210e+03 	
4.80000000e-01 	2.00501944e-02 	1.15628331e+00 	-4.06945484e+00 	-1.84735688e-02 	1.20909558e+02 	2.03557303e-03 	1.33549828e+03 	
5.00000000e-01 	3.51181410e-02 	1.15661586e+00 	-3.60410637e+00 	-3.06742610e-02 	1.20897631e+02 	2.04424107e-03 	1.33854471e+03 	
5.05000000e-01 	4.06452210e-02 	1.15669491e+00 	-3.49241304e+00 	-3.48163785e-02 	1.20894802e+02 	2.04619097e-03 	1.33931662e+03 	
5.10000000e-01 	4.72268728e-02 	1.15677262e+00 	-3.38232561e+00 	-3.95325367e-02 	1.20892022e+02 	2.04805454e-03 	1.34009183e+03 	
5.15000000e-01 	5.51931300e-02 	1.15684922e+00 	-3.27368569e+00 	-4.49351921e-02 	1.20889284e+02 	2.04984569e-03 	1.34087049e+03 	
5.20000000e-01 	6.50488533e-02 	1.15692502e+00 	-3.16630436e+00 	-5.11740065e-02 	1.20886577e+02 	2.05156299e-03 	1.34165261e+03 	
5.25000000e-01 	7.76348360e-02 	1.15700868e+00 	-3.05996665e+00 	-5.84596158e-02 	1.20883902e+02 	2.04568595e-03 	1.33666843e+03 	
5.30000000e-01 	9.45169102e-02 	1.15709787e+00 	-2.95444364e+00 	-6.71087461e-02 	1.20881312e+02 	2.03293432e-03 	1.32652643e+03 	
5.35000000e-01 	1.19273644e-01 	1.15718348e+00 	-2.84919667e+00 	-7.76852369e-02 	1.20878780e+02 	2.02182889e-03 	1.31687355e+03 	
5.40000000e-01 	1.63238309e-01 	1.15727309e+00 	-2.74310351e+00 	-9.14322120e-02 	1.20876239e+02 	2.00750283e-03 	1.30487978e+03 	
5.45000000e-01 	2.56619928e-01 	1.15736546e+00 	-2.63291141e+00 	-1.12056040e-01 	1.20873456e+02 	1.99680583e-03 	1.29703298e+03 	
5.50000000e-01 	3.31284880e-01 	1.15747044e+00 	-2.51575425e+00 	-1.42798598e-01 	1.20870189e+02 	1.98724009e-03 	1.28762208e+03 	
5.55000000e-01 	3.73614820e-01 	1.15758283e+00 	-2.39506994e+00 	-1.79636896e-01 	1.20866670e+02 	1.97753993e-03 	1.27804074e+03 	
5.60000000e-01 	4.03744913e-01 	1.15770388e+00 	-2.27280577e+00 	-2.20273220e-01 	1.20863041e+02 	1.96311517e-03 	1.26693823e+03 	
5.65000000e-01 	4.27489982e-01 	1.15781669e+00 	-2.14982556e+00 	-2.63636038e-01 	1.20859349e+02 	1.95736727e-03 	1.26105350e+03 	
5.70000000e-01 	4.47262673e-01 	1.15794064e+00 	-2.02665653e+00 	-3.09077427e-01 	1.20855649e+02 	1.94222742e-03 	1.24918536e+03 	
5.75000000e-01 	4.64297896e-01 	1.15805486e+00 	-1.90361935e+00 	-3.56169849e-01 	1.20851961e+02 	1.93517406e-03 	1.24284159e+03 	
5.80000000e-01 	4.78106769e-01 	1.16000301e+00 	-1.78802065e+00 	-4.01206214e-01 	1.20853313e+02 	2.16335570e-04 	1.23941751e+03 	
5.85000000e-01 	4.91706514e-01 	1.16004933e+00 	-1.66562124e+00 	-4.50766434e-01 	1.20849689e+02 	2.66445351e-04 	1.23105134e+03 	
5.90000000e-01 	5.03990247e-01 	1.16018682e+00 	-1.54421936e+00 	-5.01069338e-01 	1.20846369e+02 	2.30144881e-04 	1.22310407e+03 	
5.95000000e-01 	5.15262571e-01 	1.16027527e+00 	-1.42339794e+00 	-5.52216211e-01 	1.20843024e+02 	2.36888169e-04 	1.21517921e+03 	
6.00000000e-01 	5.25667211e-01 	1.16036066e+00 	-1.30340392e+00 	-6.03991796e-01 	1.20839785e+02 	2.43664057e-04 	1.20741654e+03 	
6.20000000e-01 	5.60776157e-01 	1.16066670e+00 	-8.32485651e-01 	-8.15678071e-01 	1.20828139e+02 	2.68907394e-04 	1.17769184e+03 	
6.40000000e-01 	5.88821886e-01 	1.16089749e+00 	-3.78130460e-01 	-1.03052802e+00 	1.20819277e+02 	2.89956375e-04 	1.14961365e+03 	
6.60000000e-01 	6.12149635e-01 	1.16103190e+00 	5.92178530e-02 	-1.24592358e+00 	1.20813922e+02 	3.07087056e-04 	1.12271039e+03 	
6.80000000e-01 	6.32109561e-01 	1.16105422e+00 	4.79523647e-01 	-1.45997640e+00 	1.20812701e+02 	3.18173789e-04 	1.09642719e+03 	
7.00000000e-01 	6.49533558e-01 	1.16095131e+00 	8.83114884e-01 	-1.67144496e+00 	1.20816081e+02 	3.22930567e-04 	1.07027790e+03 	
7.20000000e-01 	6.64966931e-01 	1.16071614e+00 	1.27058097e+00 	-1.87959050e+00 	1.20824318e+02 	3.21153074e-04 	1.04379136e+03 	
7.40000000e-01 	6.78804154e-01 	1.16034687e+00 	1.64240675e+00 	-2.08371644e+00 	1.20837453e+02 	3.13497135e-04 	1.01680413e+03 	
7.60000000e-01 	6.91323482e-01 	1.15987679e+00 	1.99913167e+00 	-2.28336109e+00 	1.20854363e+02 	2.99275384e-04 	9.87516508e+02 	
7.80000000e-01 	7.02727480e-01 	1.15941190e+00 	2.34122184e+00 	-2.47814550e+00 	1.20871107e+02 	2.84904964e-04 	9.58820949e+02 	
8.00000000e-01 	7.13183803e-01 	1.15896192e+00 	2.66937511e+00 	-2.66794790e+00 	1.20887279e+02 	2.72061424e-04 	9.31583965e+02 	
8.20000000e-01 	7.22826187e-01 	1.15852518e+00 	2.98429733e+00 	-2.85273740e+00 	1.20902932e+02 	2.60876551e-04 	9.05767112e+02 	
8.40000000e-01 	7.31762102e-01 	1.15810685e+00 	3.28666303e+00 	-3.03253176e+00 	1.20917950e+02 	2.49701442e-04 	8.81213337e+02 	
8.60000000e-01 	7.40068585e-01 	1.15805980e+00 	3.57685452e+00 	-3.20719240e+00 	1.20922373e+02 	1.82236191e-04 	8.61039618e+02 	
8.80000000e-01 	7.47843953e-01 	1.15763284e+00 	3.85610094e+00 	-3.37725771e+00 	1.20937039e+02 	1.87098111e-04 	8.38768109e+02 	
9.00000000e-01 	7.55134468e-01 	1.15722028e+00 	4.12463804e+00 	-3.54257745e+00 	1.20951241e+02 	1.91194943e-04 	8.17601456e+02 	
9.20000000e-01 	7.61991846e-01 	1.15682026e+00 	4.38302047e+00 	-3.70327264e+00 	1.20965007e+02 	1.95438957e-04 	7.97451011e+02 	
9.40000000e-01 	7.68460122e-01 	1.15643395e+00 	4.63176843e+00 	-3.85947081e+00 	1.20978360e+02 	1.98220541e-04 	7.78229149e+02 	
9.60000000e-01 	7.74577159e-01 	1.15605970e+00 	4.87137178e+00 	-4.01130486e+00 	1.20991321e+02 	2.00442675e-04 	7.59955960e+02 	
9.80000000e-01 	7.80375842e-01 	1.15569595e+00 	5.10229422e+00 	-4.15891275e+00 	1.21003910e+02 	2.02953871e-04 	7.42497677e+02 	
1.00000000e+00 	7.85884712e-01 	1.15534371e+00 	5.32496913e+00 	-4.30243105e+00 	1.21016144e+02 	2.04418039e-04 	7.25789215e+02 	
