# Parameters:
# kT = 0.6
# mu = -7.6
# Ngrid = 128
# 
# Plot:
# log10Cvac		log10alpha		freeEnergy	
# 
-8.000000e+00 	0.000000e+00 	8.499139e-01
-8.000000e+00 	8.685890e-02 	8.291318e-01
-8.000000e+00 	1.737178e-01 	7.630758e-01
-8.000000e+00 	2.605767e-01 	6.835748e-01
-8.000000e+00 	3.474356e-01 	6.417083e-01
-8.000000e+00 	4.342945e-01 	6.853939e-01
-8.000000e+00 	5.211534e-01 	8.280194e-01
-8.000000e+00 	6.080123e-01 	1.033768e+00
-8.000000e+00 	6.948712e-01 	1.239225e+00
-8.000000e+00 	7.817301e-01 	1.394051e+00
-8.000000e+00 	8.685890e-01 	1.481888e+00
-8.000000e+00 	9.554479e-01 	1.510436e+00
-8.000000e+00 	1.042307e+00 	1.492782e+00
-8.000000e+00 	1.129166e+00 	1.438723e+00
-8.000000e+00 	1.216025e+00 	1.355813e+00
-8.000000e+00 	1.302883e+00 	1.252226e+00
-8.000000e+00 	1.389742e+00 	1.136795e+00
-8.000000e+00 	1.476601e+00 	1.016689e+00
-8.000000e+00 	1.563460e+00 	8.953803e-01
-8.000000e+00 	1.650319e+00 	7.727338e-01
-8.000000e+00 	1.737178e+00 	6.470396e-01
-8.000000e+00 	1.824037e+00 	5.176409e-01
-8.000000e+00 	1.910896e+00 	3.868730e-01
-8.000000e+00 	1.997755e+00 	failed
-8.000000e+00 	2.084614e+00 	failed
-8.000000e+00 	2.171472e+00 	failed
-8.000000e+00 	2.258331e+00 	failed
-8.000000e+00 	2.345190e+00 	failed
-8.000000e+00 	2.432049e+00 	failed
-8.000000e+00 	2.518908e+00 	failed
-8.000000e+00 	2.605767e+00 	failed
-8.000000e+00 	2.692626e+00 	failed
-8.000000e+00 	2.779485e+00 	failed
-8.000000e+00 	2.866344e+00 	failed
-8.000000e+00 	2.953202e+00 	failed

-7.739423e+00 	0.000000e+00 	8.499139e-01
-7.739423e+00 	8.685890e-02 	8.291318e-01
-7.739423e+00 	1.737178e-01 	7.630759e-01
-7.739423e+00 	2.605767e-01 	6.835748e-01
-7.739423e+00 	3.474356e-01 	6.417083e-01
-7.739423e+00 	4.342945e-01 	6.853939e-01
-7.739423e+00 	5.211534e-01 	8.280194e-01
-7.739423e+00 	6.080123e-01 	1.033768e+00
-7.739423e+00 	6.948712e-01 	1.239225e+00
-7.739423e+00 	7.817301e-01 	1.394051e+00
-7.739423e+00 	8.685890e-01 	1.481888e+00
-7.739423e+00 	9.554479e-01 	1.510436e+00
-7.739423e+00 	1.042307e+00 	1.492782e+00
-7.739423e+00 	1.129166e+00 	1.438723e+00
-7.739423e+00 	1.216025e+00 	1.355813e+00
-7.739423e+00 	1.302883e+00 	1.252226e+00
-7.739423e+00 	1.389742e+00 	1.136795e+00
-7.739423e+00 	1.476601e+00 	1.016689e+00
-7.739423e+00 	1.563460e+00 	8.953802e-01
-7.739423e+00 	1.650319e+00 	7.727337e-01
-7.739423e+00 	1.737178e+00 	6.470396e-01
-7.739423e+00 	1.824037e+00 	5.176409e-01
-7.739423e+00 	1.910896e+00 	3.868730e-01
-7.739423e+00 	1.997755e+00 	failed
-7.739423e+00 	2.084614e+00 	failed
-7.739423e+00 	2.171472e+00 	failed
-7.739423e+00 	2.258331e+00 	failed
-7.739423e+00 	2.345190e+00 	failed
-7.739423e+00 	2.432049e+00 	failed
-7.739423e+00 	2.518908e+00 	failed
-7.739423e+00 	2.605767e+00 	failed
-7.739423e+00 	2.692626e+00 	failed
-7.739423e+00 	2.779485e+00 	failed
-7.739423e+00 	2.866344e+00 	failed
-7.739423e+00 	2.953202e+00 	failed

-7.478847e+00 	0.000000e+00 	8.499139e-01
-7.478847e+00 	8.685890e-02 	8.291318e-01
-7.478847e+00 	1.737178e-01 	7.630759e-01
-7.478847e+00 	2.605767e-01 	6.835748e-01
-7.478847e+00 	3.474356e-01 	6.417083e-01
-7.478847e+00 	4.342945e-01 	6.853939e-01
-7.478847e+00 	5.211534e-01 	8.280194e-01
-7.478847e+00 	6.080123e-01 	1.033768e+00
-7.478847e+00 	6.948712e-01 	1.239225e+00
-7.478847e+00 	7.817301e-01 	1.394051e+00
-7.478847e+00 	8.685890e-01 	1.481888e+00
-7.478847e+00 	9.554479e-01 	1.510436e+00
-7.478847e+00 	1.042307e+00 	1.492782e+00
-7.478847e+00 	1.129166e+00 	1.438723e+00
-7.478847e+00 	1.216025e+00 	1.355813e+00
-7.478847e+00 	1.302883e+00 	1.252226e+00
-7.478847e+00 	1.389742e+00 	1.136795e+00
-7.478847e+00 	1.476601e+00 	1.016689e+00
-7.478847e+00 	1.563460e+00 	8.953801e-01
-7.478847e+00 	1.650319e+00 	7.727336e-01
-7.478847e+00 	1.737178e+00 	6.470395e-01
-7.478847e+00 	1.824037e+00 	5.176408e-01
-7.478847e+00 	1.910896e+00 	3.868729e-01
-7.478847e+00 	1.997755e+00 	failed
-7.478847e+00 	2.084614e+00 	failed
-7.478847e+00 	2.171472e+00 	failed
-7.478847e+00 	2.258331e+00 	failed
-7.478847e+00 	2.345190e+00 	failed
-7.478847e+00 	2.432049e+00 	failed
-7.478847e+00 	2.518908e+00 	failed
-7.478847e+00 	2.605767e+00 	failed
-7.478847e+00 	2.692626e+00 	failed
-7.478847e+00 	2.779485e+00 	failed
-7.478847e+00 	2.866344e+00 	failed
-7.478847e+00 	2.953202e+00 	failed

-7.218270e+00 	0.000000e+00 	8.499139e-01
-7.218270e+00 	8.685890e-02 	8.291318e-01
-7.218270e+00 	1.737178e-01 	7.630759e-01
-7.218270e+00 	2.605767e-01 	6.835748e-01
-7.218270e+00 	3.474356e-01 	6.417083e-01
-7.218270e+00 	4.342945e-01 	6.853938e-01
-7.218270e+00 	5.211534e-01 	8.280193e-01
-7.218270e+00 	6.080123e-01 	1.033768e+00
-7.218270e+00 	6.948712e-01 	1.239225e+00
-7.218270e+00 	7.817301e-01 	1.394051e+00
-7.218270e+00 	8.685890e-01 	1.481888e+00
-7.218270e+00 	9.554479e-01 	1.510435e+00
-7.218270e+00 	1.042307e+00 	1.492781e+00
-7.218270e+00 	1.129166e+00 	1.438722e+00
-7.218270e+00 	1.216025e+00 	1.355813e+00
-7.218270e+00 	1.302883e+00 	1.252225e+00
-7.218270e+00 	1.389742e+00 	1.136795e+00
-7.218270e+00 	1.476601e+00 	1.016689e+00
-7.218270e+00 	1.563460e+00 	8.953799e-01
-7.218270e+00 	1.650319e+00 	7.727334e-01
-7.218270e+00 	1.737178e+00 	6.470393e-01
-7.218270e+00 	1.824037e+00 	5.176407e-01
-7.218270e+00 	1.910896e+00 	3.868728e-01
-7.218270e+00 	1.997755e+00 	failed
-7.218270e+00 	2.084614e+00 	failed
-7.218270e+00 	2.171472e+00 	failed
-7.218270e+00 	2.258331e+00 	failed
-7.218270e+00 	2.345190e+00 	failed
-7.218270e+00 	2.432049e+00 	failed
-7.218270e+00 	2.518908e+00 	failed
-7.218270e+00 	2.605767e+00 	failed
-7.218270e+00 	2.692626e+00 	failed
-7.218270e+00 	2.779485e+00 	failed
-7.218270e+00 	2.866344e+00 	failed
-7.218270e+00 	2.953202e+00 	failed

-6.957693e+00 	0.000000e+00 	8.499139e-01
-6.957693e+00 	8.685890e-02 	8.291319e-01
-6.957693e+00 	1.737178e-01 	7.630759e-01
-6.957693e+00 	2.605767e-01 	6.835749e-01
-6.957693e+00 	3.474356e-01 	6.417083e-01
-6.957693e+00 	4.342945e-01 	6.853938e-01
-6.957693e+00 	5.211534e-01 	8.280191e-01
-6.957693e+00 	6.080123e-01 	1.033768e+00
-6.957693e+00 	6.948712e-01 	1.239225e+00
-6.957693e+00 	7.817301e-01 	1.394051e+00
-6.957693e+00 	8.685890e-01 	1.481887e+00
-6.957693e+00 	9.554479e-01 	1.510435e+00
-6.957693e+00 	1.042307e+00 	1.492781e+00
-6.957693e+00 	1.129166e+00 	1.438722e+00
-6.957693e+00 	1.216025e+00 	1.355812e+00
-6.957693e+00 	1.302883e+00 	1.252225e+00
-6.957693e+00 	1.389742e+00 	1.136794e+00
-6.957693e+00 	1.476601e+00 	1.016688e+00
-6.957693e+00 	1.563460e+00 	8.953796e-01
-6.957693e+00 	1.650319e+00 	7.727331e-01
-6.957693e+00 	1.737178e+00 	6.470390e-01
-6.957693e+00 	1.824037e+00 	5.176404e-01
-6.957693e+00 	1.910896e+00 	3.868726e-01
-6.957693e+00 	1.997755e+00 	failed
-6.957693e+00 	2.084614e+00 	failed
-6.957693e+00 	2.171472e+00 	failed
-6.957693e+00 	2.258331e+00 	failed
-6.957693e+00 	2.345190e+00 	failed
-6.957693e+00 	2.432049e+00 	failed
-6.957693e+00 	2.518908e+00 	failed
-6.957693e+00 	2.605767e+00 	failed
-6.957693e+00 	2.692626e+00 	failed
-6.957693e+00 	2.779485e+00 	failed
-6.957693e+00 	2.866344e+00 	failed
-6.957693e+00 	2.953202e+00 	failed

-6.697117e+00 	0.000000e+00 	8.499139e-01
-6.697117e+00 	8.685890e-02 	8.291319e-01
-6.697117e+00 	1.737178e-01 	7.630759e-01
-6.697117e+00 	2.605767e-01 	6.835749e-01
-6.697117e+00 	3.474356e-01 	6.417083e-01
-6.697117e+00 	4.342945e-01 	6.853937e-01
-6.697117e+00 	5.211534e-01 	8.280189e-01
-6.697117e+00 	6.080123e-01 	1.033767e+00
-6.697117e+00 	6.948712e-01 	1.239224e+00
-6.697117e+00 	7.817301e-01 	1.394050e+00
-6.697117e+00 	8.685890e-01 	1.481886e+00
-6.697117e+00 	9.554479e-01 	1.510434e+00
-6.697117e+00 	1.042307e+00 	1.492780e+00
-6.697117e+00 	1.129166e+00 	1.438721e+00
-6.697117e+00 	1.216025e+00 	1.355811e+00
-6.697117e+00 	1.302883e+00 	1.252224e+00
-6.697117e+00 	1.389742e+00 	1.136794e+00
-6.697117e+00 	1.476601e+00 	1.016688e+00
-6.697117e+00 	1.563460e+00 	8.953790e-01
-6.697117e+00 	1.650319e+00 	7.727325e-01
-6.697117e+00 	1.737178e+00 	6.470384e-01
-6.697117e+00 	1.824037e+00 	5.176400e-01
-6.697117e+00 	1.910896e+00 	3.868722e-01
-6.697117e+00 	1.997755e+00 	failed
-6.697117e+00 	2.084614e+00 	failed
-6.697117e+00 	2.171472e+00 	failed
-6.697117e+00 	2.258331e+00 	failed
-6.697117e+00 	2.345190e+00 	failed
-6.697117e+00 	2.432049e+00 	failed
-6.697117e+00 	2.518908e+00 	failed
-6.697117e+00 	2.605767e+00 	failed
-6.697117e+00 	2.692626e+00 	failed
-6.697117e+00 	2.779485e+00 	failed
-6.697117e+00 	2.866344e+00 	failed
-6.697117e+00 	2.953202e+00 	failed

-6.436540e+00 	0.000000e+00 	8.499139e-01
-6.436540e+00 	8.685890e-02 	8.291319e-01
-6.436540e+00 	1.737178e-01 	7.630760e-01
-6.436540e+00 	2.605767e-01 	6.835750e-01
-6.436540e+00 	3.474356e-01 	6.417083e-01
-6.436540e+00 	4.342945e-01 	6.853935e-01
-6.436540e+00 	5.211534e-01 	8.280184e-01
-6.436540e+00 	6.080123e-01 	1.033766e+00
-6.436540e+00 	6.948712e-01 	1.239223e+00
-6.436540e+00 	7.817301e-01 	1.394048e+00
-6.436540e+00 	8.685890e-01 	1.481885e+00
-6.436540e+00 	9.554479e-01 	1.510432e+00
-6.436540e+00 	1.042307e+00 	1.492778e+00
-6.436540e+00 	1.129166e+00 	1.438719e+00
-6.436540e+00 	1.216025e+00 	1.355810e+00
-6.436540e+00 	1.302883e+00 	1.252223e+00
-6.436540e+00 	1.389742e+00 	1.136792e+00
-6.436540e+00 	1.476601e+00 	1.016686e+00
-6.436540e+00 	1.563460e+00 	8.953778e-01
-6.436540e+00 	1.650319e+00 	7.727314e-01
-6.436540e+00 	1.737178e+00 	6.470374e-01
-6.436540e+00 	1.824037e+00 	5.176391e-01
-6.436540e+00 	1.910896e+00 	3.868715e-01
-6.436540e+00 	1.997755e+00 	failed
-6.436540e+00 	2.084614e+00 	failed
-6.436540e+00 	2.171472e+00 	failed
-6.436540e+00 	2.258331e+00 	failed
-6.436540e+00 	2.345190e+00 	failed
-6.436540e+00 	2.432049e+00 	failed
-6.436540e+00 	2.518908e+00 	failed
-6.436540e+00 	2.605767e+00 	failed
-6.436540e+00 	2.692626e+00 	failed
-6.436540e+00 	2.779485e+00 	failed
-6.436540e+00 	2.866344e+00 	failed
-6.436540e+00 	2.953202e+00 	failed

-6.175963e+00 	0.000000e+00 	8.499139e-01
-6.175963e+00 	8.685890e-02 	8.291320e-01
-6.175963e+00 	1.737178e-01 	7.630762e-01
-6.175963e+00 	2.605767e-01 	6.835752e-01
-6.175963e+00 	3.474356e-01 	6.417083e-01
-6.175963e+00 	4.342945e-01 	6.853931e-01
-6.175963e+00 	5.211534e-01 	8.280175e-01
-6.175963e+00 	6.080123e-01 	1.033765e+00
-6.175963e+00 	6.948712e-01 	1.239221e+00
-6.175963e+00 	7.817301e-01 	1.394046e+00
-6.175963e+00 	8.685890e-01 	1.481882e+00
-6.175963e+00 	9.554479e-01 	1.510429e+00
-6.175963e+00 	1.042307e+00 	1.492775e+00
-6.175963e+00 	1.129166e+00 	1.438717e+00
-6.175963e+00 	1.216025e+00 	1.355807e+00
-6.175963e+00 	1.302883e+00 	1.252220e+00
-6.175963e+00 	1.389742e+00 	1.136790e+00
-6.175963e+00 	1.476601e+00 	1.016684e+00
-6.175963e+00 	1.563460e+00 	8.953757e-01
-6.175963e+00 	1.650319e+00 	7.727294e-01
-6.175963e+00 	1.737178e+00 	6.470355e-01
-6.175963e+00 	1.824037e+00 	5.176376e-01
-6.175963e+00 	1.910896e+00 	3.868703e-01
-6.175963e+00 	1.997755e+00 	2.607008e-01
-6.175963e+00 	2.084614e+00 	failed
-6.175963e+00 	2.171472e+00 	failed
-6.175963e+00 	2.258331e+00 	failed
-6.175963e+00 	2.345190e+00 	failed
-6.175963e+00 	2.432049e+00 	failed
-6.175963e+00 	2.518908e+00 	failed
-6.175963e+00 	2.605767e+00 	failed
-6.175963e+00 	2.692626e+00 	failed
-6.175963e+00 	2.779485e+00 	failed
-6.175963e+00 	2.866344e+00 	failed
-6.175963e+00 	2.953202e+00 	failed

-5.915386e+00 	0.000000e+00 	8.499139e-01
-5.915386e+00 	8.685890e-02 	8.291322e-01
-5.915386e+00 	1.737178e-01 	7.630765e-01
-5.915386e+00 	2.605767e-01 	6.835755e-01
-5.915386e+00 	3.474356e-01 	6.417084e-01
-5.915386e+00 	4.342945e-01 	6.853925e-01
-5.915386e+00 	5.211534e-01 	8.280158e-01
-5.915386e+00 	6.080123e-01 	1.033762e+00
-5.915386e+00 	6.948712e-01 	1.239217e+00
-5.915386e+00 	7.817301e-01 	1.394041e+00
-5.915386e+00 	8.685890e-01 	1.481877e+00
-5.915386e+00 	9.554479e-01 	1.510424e+00
-5.915386e+00 	1.042307e+00 	1.492770e+00
-5.915386e+00 	1.129166e+00 	1.438711e+00
-5.915386e+00 	1.216025e+00 	1.355802e+00
-5.915386e+00 	1.302883e+00 	1.252216e+00
-5.915386e+00 	1.389742e+00 	1.136786e+00
-5.915386e+00 	1.476601e+00 	1.016680e+00
-5.915386e+00 	1.563460e+00 	8.953719e-01
-5.915386e+00 	1.650319e+00 	7.727257e-01
-5.915386e+00 	1.737178e+00 	6.470322e-01
-5.915386e+00 	1.824037e+00 	5.176349e-01
-5.915386e+00 	1.910896e+00 	3.868681e-01
-5.915386e+00 	1.997755e+00 	2.606989e-01
-5.915386e+00 	2.084614e+00 	failed
-5.915386e+00 	2.171472e+00 	failed
-5.915386e+00 	2.258331e+00 	failed
-5.915386e+00 	2.345190e+00 	failed
-5.915386e+00 	2.432049e+00 	failed
-5.915386e+00 	2.518908e+00 	failed
-5.915386e+00 	2.605767e+00 	failed
-5.915386e+00 	2.692626e+00 	failed
-5.915386e+00 	2.779485e+00 	failed
-5.915386e+00 	2.866344e+00 	failed
-5.915386e+00 	2.953202e+00 	failed

-5.654810e+00 	0.000000e+00 	8.499138e-01
-5.654810e+00 	8.685890e-02 	8.291324e-01
-5.654810e+00 	1.737178e-01 	7.630770e-01
-5.654810e+00 	2.605767e-01 	6.835760e-01
-5.654810e+00 	3.474356e-01 	6.417084e-01
-5.654810e+00 	4.342945e-01 	6.853914e-01
-5.654810e+00 	5.211534e-01 	8.280128e-01
-5.654810e+00 	6.080123e-01 	1.033757e+00
-5.654810e+00 	6.948712e-01 	1.239210e+00
-5.654810e+00 	7.817301e-01 	1.394032e+00
-5.654810e+00 	8.685890e-01 	1.481867e+00
-5.654810e+00 	9.554479e-01 	1.510414e+00
-5.654810e+00 	1.042307e+00 	1.492760e+00
-5.654810e+00 	1.129166e+00 	1.438702e+00
-5.654810e+00 	1.216025e+00 	1.355793e+00
-5.654810e+00 	1.302883e+00 	1.252207e+00
-5.654810e+00 	1.389742e+00 	1.136778e+00
-5.654810e+00 	1.476601e+00 	1.016673e+00
-5.654810e+00 	1.563460e+00 	8.953650e-01
-5.654810e+00 	1.650319e+00 	7.727190e-01
-5.654810e+00 	1.737178e+00 	6.470263e-01
-5.654810e+00 	1.824037e+00 	5.176301e-01
-5.654810e+00 	1.910896e+00 	3.868644e-01
-5.654810e+00 	1.997755e+00 	2.606959e-01
-5.654810e+00 	2.084614e+00 	failed
-5.654810e+00 	2.171472e+00 	failed
-5.654810e+00 	2.258331e+00 	failed
-5.654810e+00 	2.345190e+00 	failed
-5.654810e+00 	2.432049e+00 	failed
-5.654810e+00 	2.518908e+00 	failed
-5.654810e+00 	2.605767e+00 	failed
-5.654810e+00 	2.692626e+00 	failed
-5.654810e+00 	2.779485e+00 	failed
-5.654810e+00 	2.866344e+00 	failed
-5.654810e+00 	2.953202e+00 	failed

-5.394233e+00 	0.000000e+00 	8.499138e-01
-5.394233e+00 	8.685890e-02 	8.291329e-01
-5.394233e+00 	1.737178e-01 	7.630780e-01
-5.394233e+00 	2.605767e-01 	6.835770e-01
-5.394233e+00 	3.474356e-01 	6.417085e-01
-5.394233e+00 	4.342945e-01 	6.853893e-01
-5.394233e+00 	5.211534e-01 	8.280074e-01
-5.394233e+00 	6.080123e-01 	1.033747e+00
-5.394233e+00 	6.948712e-01 	1.239197e+00
-5.394233e+00 	7.817301e-01 	1.394017e+00
-5.394233e+00 	8.685890e-01 	1.481850e+00
-5.394233e+00 	9.554479e-01 	1.510396e+00
-5.394233e+00 	1.042307e+00 	1.492743e+00
-5.394233e+00 	1.129166e+00 	1.438685e+00
-5.394233e+00 	1.216025e+00 	1.355777e+00
-5.394233e+00 	1.302883e+00 	1.252192e+00
-5.394233e+00 	1.389742e+00 	1.136764e+00
-5.394233e+00 	1.476601e+00 	1.016660e+00
-5.394233e+00 	1.563460e+00 	8.953523e-01
-5.394233e+00 	1.650319e+00 	7.727071e-01
-5.394233e+00 	1.737178e+00 	6.470160e-01
-5.394233e+00 	1.824037e+00 	5.176218e-01
-5.394233e+00 	1.910896e+00 	3.868579e-01
-5.394233e+00 	1.997755e+00 	2.606912e-01
-5.394233e+00 	2.084614e+00 	1.480756e-01
-5.394233e+00 	2.171472e+00 	failed
-5.394233e+00 	2.258331e+00 	failed
-5.394233e+00 	2.345190e+00 	failed
-5.394233e+00 	2.432049e+00 	failed
-5.394233e+00 	2.518908e+00 	failed
-5.394233e+00 	2.605767e+00 	failed
-5.394233e+00 	2.692626e+00 	failed
-5.394233e+00 	2.779485e+00 	failed
-5.394233e+00 	2.866344e+00 	failed
-5.394233e+00 	2.953202e+00 	failed

-5.133656e+00 	0.000000e+00 	8.499137e-01
-5.133656e+00 	8.685890e-02 	8.291338e-01
-5.133656e+00 	1.737178e-01 	7.630797e-01
-5.133656e+00 	2.605767e-01 	6.835788e-01
-5.133656e+00 	3.474356e-01 	6.417087e-01
-5.133656e+00 	4.342945e-01 	6.853855e-01
-5.133656e+00 	5.211534e-01 	8.279975e-01
-5.133656e+00 	6.080123e-01 	1.033730e+00
-5.133656e+00 	6.948712e-01 	1.239173e+00
-5.133656e+00 	7.817301e-01 	1.393988e+00
-5.133656e+00 	8.685890e-01 	1.481819e+00
-5.133656e+00 	9.554479e-01 	1.510364e+00
-5.133656e+00 	1.042307e+00 	1.492710e+00
-5.133656e+00 	1.129166e+00 	1.438654e+00
-5.133656e+00 	1.216025e+00 	1.355747e+00
-5.133656e+00 	1.302883e+00 	1.252164e+00
-5.133656e+00 	1.389742e+00 	1.136738e+00
-5.133656e+00 	1.476601e+00 	1.016635e+00
-5.133656e+00 	1.563460e+00 	8.953294e-01
-5.133656e+00 	1.650319e+00 	7.726856e-01
-5.133656e+00 	1.737178e+00 	6.469978e-01
-5.133656e+00 	1.824037e+00 	5.176075e-01
-5.133656e+00 	1.910896e+00 	3.868472e-01
-5.133656e+00 	1.997755e+00 	2.606837e-01
-5.133656e+00 	2.084614e+00 	1.480710e-01
-5.133656e+00 	2.171472e+00 	5.945370e-02
-5.133656e+00 	2.258331e+00 	failed
-5.133656e+00 	2.345190e+00 	failed
-5.133656e+00 	2.432049e+00 	failed
-5.133656e+00 	2.518908e+00 	failed
-5.133656e+00 	2.605767e+00 	failed
-5.133656e+00 	2.692626e+00 	failed
-5.133656e+00 	2.779485e+00 	failed
-5.133656e+00 	2.866344e+00 	failed
-5.133656e+00 	2.953202e+00 	failed

-4.873080e+00 	0.000000e+00 	8.499135e-01
-4.873080e+00 	8.685890e-02 	8.291354e-01
-4.873080e+00 	1.737178e-01 	7.630829e-01
-4.873080e+00 	2.605767e-01 	6.835820e-01
-4.873080e+00 	3.474356e-01 	6.417090e-01
-4.873080e+00 	4.342945e-01 	6.853787e-01
-4.873080e+00 	5.211534e-01 	8.279794e-01
-4.873080e+00 	6.080123e-01 	1.033699e+00
-4.873080e+00 	6.948712e-01 	1.239129e+00
-4.873080e+00 	7.817301e-01 	1.393936e+00
-4.873080e+00 	8.685890e-01 	1.481762e+00
-4.873080e+00 	9.554479e-01 	1.510305e+00
-4.873080e+00 	1.042307e+00 	1.492652e+00
-4.873080e+00 	1.129166e+00 	1.438597e+00
-4.873080e+00 	1.216025e+00 	1.355693e+00
-4.873080e+00 	1.302883e+00 	1.252114e+00
-4.873080e+00 	1.389742e+00 	1.136691e+00
-4.873080e+00 	1.476601e+00 	1.016591e+00
-4.873080e+00 	1.563460e+00 	8.952878e-01
-4.873080e+00 	1.650319e+00 	7.726474e-01
-4.873080e+00 	1.737178e+00 	6.469665e-01
-4.873080e+00 	1.824037e+00 	5.175832e-01
-4.873080e+00 	1.910896e+00 	3.868295e-01
-4.873080e+00 	1.997755e+00 	2.606724e-01
-4.873080e+00 	2.084614e+00 	1.480653e-01
-4.873080e+00 	2.171472e+00 	5.945254e-02
-4.873080e+00 	2.258331e+00 	4.985246e-03
-4.873080e+00 	2.345190e+00 	failed
-4.873080e+00 	2.432049e+00 	failed
-4.873080e+00 	2.518908e+00 	failed
-4.873080e+00 	2.605767e+00 	failed
-4.873080e+00 	2.692626e+00 	failed
-4.873080e+00 	2.779485e+00 	failed
-4.873080e+00 	2.866344e+00 	failed
-4.873080e+00 	2.953202e+00 	failed

-4.612503e+00 	0.000000e+00 	8.499131e-01
-4.612503e+00 	8.685890e-02 	8.291384e-01
-4.612503e+00 	1.737178e-01 	7.630887e-01
-4.612503e+00 	2.605767e-01 	6.835879e-01
-4.612503e+00 	3.474356e-01 	6.417095e-01
-4.612503e+00 	4.342945e-01 	6.853661e-01
-4.612503e+00 	5.211534e-01 	8.279465e-01
-4.612503e+00 	6.080123e-01 	1.033642e+00
-4.612503e+00 	6.948712e-01 	1.239050e+00
-4.612503e+00 	7.817301e-01 	1.393841e+00
-4.612503e+00 	8.685890e-01 	1.481658e+00
-4.612503e+00 	9.554479e-01 	1.510197e+00
-4.612503e+00 	1.042307e+00 	1.492544e+00
-4.612503e+00 	1.129166e+00 	1.438493e+00
-4.612503e+00 	1.216025e+00 	1.355595e+00
-4.612503e+00 	1.302883e+00 	1.252021e+00
-4.612503e+00 	1.389742e+00 	1.136605e+00
-4.612503e+00 	1.476601e+00 	1.016511e+00
-4.612503e+00 	1.563460e+00 	8.952127e-01
-4.612503e+00 	1.650319e+00 	7.725803e-01
-4.612503e+00 	1.737178e+00 	6.469127e-01
-4.612503e+00 	1.824037e+00 	5.175423e-01
-4.612503e+00 	1.910896e+00 	3.868012e-01
-4.612503e+00 	1.997755e+00 	2.606561e-01
-4.612503e+00 	2.084614e+00 	1.480598e-01
-4.612503e+00 	2.171472e+00 	5.945618e-02
-4.612503e+00 	2.258331e+00 	4.995426e-03
-4.612503e+00 	2.345190e+00 	-7.068997e-03
-4.612503e+00 	2.432049e+00 	failed
-4.612503e+00 	2.518908e+00 	failed
-4.612503e+00 	2.605767e+00 	failed
-4.612503e+00 	2.692626e+00 	failed
-4.612503e+00 	2.779485e+00 	failed
-4.612503e+00 	2.866344e+00 	failed
-4.612503e+00 	2.953202e+00 	failed

-4.351926e+00 	0.000000e+00 	8.499125e-01
-4.351926e+00 	8.685890e-02 	8.291438e-01
-4.351926e+00 	1.737178e-01 	7.630992e-01
-4.351926e+00 	2.605767e-01 	6.835987e-01
-4.351926e+00 	3.474356e-01 	6.417105e-01
-4.351926e+00 	4.342945e-01 	6.853433e-01
-4.351926e+00 	5.211534e-01 	8.278865e-01
-4.351926e+00 	6.080123e-01 	1.033538e+00
-4.351926e+00 	6.948712e-01 	1.238907e+00
-4.351926e+00 	7.817301e-01 	1.393668e+00
-4.351926e+00 	8.685890e-01 	1.481468e+00
-4.351926e+00 	9.554479e-01 	1.510001e+00
-4.351926e+00 	1.042307e+00 	1.492349e+00
-4.351926e+00 	1.129166e+00 	1.438304e+00
-4.351926e+00 	1.216025e+00 	1.355415e+00
-4.351926e+00 	1.302883e+00 	1.251853e+00
-4.351926e+00 	1.389742e+00 	1.136448e+00
-4.351926e+00 	1.476601e+00 	1.016365e+00
-4.351926e+00 	1.563460e+00 	8.950779e-01
-4.351926e+00 	1.650319e+00 	7.724639e-01
-4.351926e+00 	1.737178e+00 	6.468212e-01
-4.351926e+00 	1.824037e+00 	5.174750e-01
-4.351926e+00 	1.910896e+00 	3.867574e-01
-4.351926e+00 	1.997755e+00 	2.606346e-01
-4.351926e+00 	2.084614e+00 	1.480588e-01
-4.351926e+00 	2.171472e+00 	5.947262e-02
-4.351926e+00 	2.258331e+00 	5.025603e-03
-4.351926e+00 	2.345190e+00 	-7.029710e-03
-4.351926e+00 	2.432049e+00 	failed
-4.351926e+00 	2.518908e+00 	failed
-4.351926e+00 	2.605767e+00 	failed
-4.351926e+00 	2.692626e+00 	failed
-4.351926e+00 	2.779485e+00 	failed
-4.351926e+00 	2.866344e+00 	failed
-4.351926e+00 	2.953202e+00 	failed

-4.091350e+00 	0.000000e+00 	8.499113e-01
-4.091350e+00 	8.685890e-02 	8.291537e-01
-4.091350e+00 	1.737178e-01 	7.631184e-01
-4.091350e+00 	2.605767e-01 	6.836183e-01
-4.091350e+00 	3.474356e-01 	6.417122e-01
-4.091350e+00 	4.342945e-01 	6.853017e-01
-4.091350e+00 	5.211534e-01 	8.277772e-01
-4.091350e+00 	6.080123e-01 	1.033349e+00
-4.091350e+00 	6.948712e-01 	1.238645e+00
-4.091350e+00 	7.817301e-01 	1.393353e+00
-4.091350e+00 	8.685890e-01 	1.481122e+00
-4.091350e+00 	9.554479e-01 	1.509644e+00
-4.091350e+00 	1.042307e+00 	1.491994e+00
-4.091350e+00 	1.129166e+00 	1.437959e+00
-4.091350e+00 	1.216025e+00 	1.355088e+00
-4.091350e+00 	1.302883e+00 	1.251548e+00
-4.091350e+00 	1.389742e+00 	1.136164e+00
-4.091350e+00 	1.476601e+00 	1.016102e+00
-4.091350e+00 	1.563460e+00 	8.948380e-01
-4.091350e+00 	1.650319e+00 	7.722638e-01
-4.091350e+00 	1.737178e+00 	6.466671e-01
-4.091350e+00 	1.824037e+00 	5.173657e-01
-4.091350e+00 	1.910896e+00 	3.866920e-01
-4.091350e+00 	1.997755e+00 	2.606112e-01
-4.091350e+00 	2.084614e+00 	1.480736e-01
-4.091350e+00 	2.171472e+00 	5.952029e-02
-4.091350e+00 	2.258331e+00 	5.099752e-03
-4.091350e+00 	2.345190e+00 	-6.935980e-03
-4.091350e+00 	2.432049e+00 	2.861396e-02
-4.091350e+00 	2.518908e+00 	1.132881e-01
-4.091350e+00 	2.605767e+00 	failed
-4.091350e+00 	2.692626e+00 	failed
-4.091350e+00 	2.779485e+00 	failed
-4.091350e+00 	2.866344e+00 	failed
-4.091350e+00 	2.953202e+00 	failed

-3.830773e+00 	0.000000e+00 	8.499092e-01
-3.830773e+00 	8.685890e-02 	8.291716e-01
-3.830773e+00 	1.737178e-01 	7.631534e-01
-3.830773e+00 	2.605767e-01 	6.836541e-01
-3.830773e+00 	3.474356e-01 	6.417155e-01
-3.830773e+00 	4.342945e-01 	6.852260e-01
-3.830773e+00 	5.211534e-01 	8.275782e-01
-3.830773e+00 	6.080123e-01 	1.033006e+00
-3.830773e+00 	6.948712e-01 	1.238168e+00
-3.830773e+00 	7.817301e-01 	1.392779e+00
-3.830773e+00 	8.685890e-01 	1.480493e+00
-3.830773e+00 	9.554479e-01 	1.508993e+00
-3.830773e+00 	1.042307e+00 	1.491346e+00
-3.830773e+00 	1.129166e+00 	1.437332e+00
-3.830773e+00 	1.216025e+00 	1.354493e+00
-3.830773e+00 	1.302883e+00 	1.250991e+00
-3.830773e+00 	1.389742e+00 	1.135648e+00
-3.830773e+00 	1.476601e+00 	1.015626e+00
-3.830773e+00 	1.563460e+00 	8.944162e-01
-3.830773e+00 	1.650319e+00 	7.719227e-01
-3.830773e+00 	1.737178e+00 	6.464109e-01
-3.830773e+00 	1.824037e+00 	5.171928e-01
-3.830773e+00 	1.910896e+00 	3.866010e-01
-3.830773e+00 	1.997755e+00 	2.605982e-01
-3.830773e+00 	2.084614e+00 	1.481317e-01
-3.830773e+00 	2.171472e+00 	5.963985e-02
-3.830773e+00 	2.258331e+00 	5.269159e-03
-3.830773e+00 	2.345190e+00 	-6.729063e-03
-3.830773e+00 	2.432049e+00 	2.884648e-02
-3.830773e+00 	2.518908e+00 	1.135355e-01
-3.830773e+00 	2.605767e+00 	2.451698e-01
-3.830773e+00 	2.692626e+00 	4.183963e-01
-3.830773e+00 	2.779485e+00 	failed
-3.830773e+00 	2.866344e+00 	failed
-3.830773e+00 	2.953202e+00 	failed

-3.570196e+00 	0.000000e+00 	8.499054e-01
-3.570196e+00 	8.685890e-02 	8.292043e-01
-3.570196e+00 	1.737178e-01 	7.632171e-01
-3.570196e+00 	2.605767e-01 	6.837194e-01
-3.570196e+00 	3.474356e-01 	6.417215e-01
-3.570196e+00 	4.342945e-01 	6.850883e-01
-3.570196e+00 	5.211534e-01 	8.272159e-01
-3.570196e+00 	6.080123e-01 	1.032379e+00
-3.570196e+00 	6.948712e-01 	1.237299e+00
-3.570196e+00 	7.817301e-01 	1.391733e+00
-3.570196e+00 	8.685890e-01 	1.479347e+00
-3.570196e+00 	9.554479e-01 	1.507809e+00
-3.570196e+00 	1.042307e+00 	1.490168e+00
-3.570196e+00 	1.129166e+00 	1.436191e+00
-3.570196e+00 	1.216025e+00 	1.353411e+00
-3.570196e+00 	1.302883e+00 	1.249981e+00
-3.570196e+00 	1.389742e+00 	1.134714e+00
-3.570196e+00 	1.476601e+00 	1.014776e+00
-3.570196e+00 	1.563460e+00 	8.936846e-01
-3.570196e+00 	1.650319e+00 	7.713468e-01
-3.570196e+00 	1.737178e+00 	6.459911e-01
-3.570196e+00 	1.824037e+00 	5.169278e-01
-3.570196e+00 	1.910896e+00 	3.864882e-01
-3.570196e+00 	1.997755e+00 	2.606303e-01
-3.570196e+00 	2.084614e+00 	1.482958e-01
-3.570196e+00 	2.171472e+00 	5.991819e-02
-3.570196e+00 	2.258331e+00 	5.640498e-03
-3.570196e+00 	2.345190e+00 	-6.287304e-03
-3.570196e+00 	2.432049e+00 	2.933657e-02
-3.570196e+00 	2.518908e+00 	1.140537e-01
-3.570196e+00 	2.605767e+00 	2.456985e-01
-3.570196e+00 	2.692626e+00 	4.189206e-01
-3.570196e+00 	2.779485e+00 	6.262195e-01
-3.570196e+00 	2.866344e+00 	failed
-3.570196e+00 	2.953202e+00 	failed

-3.309620e+00 	0.000000e+00 	8.498983e-01
-3.309620e+00 	8.685890e-02 	8.292637e-01
-3.309620e+00 	1.737178e-01 	7.633333e-01
-3.309620e+00 	2.605767e-01 	6.838383e-01
-3.309620e+00 	3.474356e-01 	6.417328e-01
-3.309620e+00 	4.342945e-01 	6.848379e-01
-3.309620e+00 	5.211534e-01 	8.265570e-01
-3.309620e+00 	6.080123e-01 	1.031240e+00
-3.309620e+00 	6.948712e-01 	1.235719e+00
-3.309620e+00 	7.817301e-01 	1.389832e+00
-3.309620e+00 	8.685890e-01 	1.477262e+00
-3.309620e+00 	9.554479e-01 	1.505654e+00
-3.309620e+00 	1.042307e+00 	1.488025e+00
-3.309620e+00 	1.129166e+00 	1.434116e+00
-3.309620e+00 	1.216025e+00 	1.351445e+00
-3.309620e+00 	1.302883e+00 	1.248149e+00
-3.309620e+00 	1.389742e+00 	1.133031e+00
-3.309620e+00 	1.476601e+00 	1.013272e+00
-3.309620e+00 	1.563460e+00 	8.924322e-01
-3.309620e+00 	1.650319e+00 	7.703855e-01
-3.309620e+00 	1.737178e+00 	6.453179e-01
-3.309620e+00 	1.824037e+00 	5.165414e-01
-3.309620e+00 	1.910896e+00 	3.863837e-01
-3.309620e+00 	1.997755e+00 	2.607940e-01
-3.309620e+00 	2.084614e+00 	1.487036e-01
-3.309620e+00 	2.171472e+00 	6.053734e-02
-3.309620e+00 	2.258331e+00 	6.432159e-03
-3.309620e+00 	2.345190e+00 	-5.364560e-03
-3.309620e+00 	2.432049e+00 	3.034967e-02
-3.309620e+00 	2.518908e+00 	1.151197e-01
-3.309620e+00 	2.605767e+00 	2.467848e-01
-3.309620e+00 	2.692626e+00 	4.200008e-01
-3.309620e+00 	2.779485e+00 	6.272734e-01
-3.309620e+00 	2.866344e+00 	8.603125e-01
-3.309620e+00 	2.953202e+00 	1.111376e+00

-3.049043e+00 	0.000000e+00 	8.498853e-01
-3.049043e+00 	8.685890e-02 	8.293719e-01
-3.049043e+00 	1.737178e-01 	7.635448e-01
-3.049043e+00 	2.605767e-01 	6.840553e-01
-3.049043e+00 	3.474356e-01 	6.417544e-01
-3.049043e+00 	4.342945e-01 	6.843840e-01
-3.049043e+00 	5.211534e-01 	8.253603e-01
-3.049043e+00 	6.080123e-01 	1.029171e+00
-3.049043e+00 	6.948712e-01 	1.232847e+00
-3.049043e+00 	7.817301e-01 	1.386376e+00
-3.049043e+00 	8.685890e-01 	1.473474e+00
-3.049043e+00 	9.554479e-01 	1.501740e+00
-3.049043e+00 	1.042307e+00 	1.484132e+00
-3.049043e+00 	1.129166e+00 	1.430351e+00
-3.049043e+00 	1.216025e+00 	1.347883e+00
-3.049043e+00 	1.302883e+00 	1.244842e+00
-3.049043e+00 	1.389742e+00 	1.130024e+00
-3.049043e+00 	1.476601e+00 	1.010650e+00
-3.049043e+00 	1.563460e+00 	8.903172e-01
-3.049043e+00 	1.650319e+00 	7.688065e-01
-3.049043e+00 	1.737178e+00 	6.442697e-01
-3.049043e+00 	1.824037e+00 	5.160226e-01
-3.049043e+00 	1.910896e+00 	3.863850e-01
-3.049043e+00 	1.997755e+00 	2.612894e-01
-3.049043e+00 	2.084614e+00 	1.496490e-01
-3.049043e+00 	2.171472e+00 	6.187243e-02
-3.049043e+00 	2.258331e+00 	8.085848e-03
-3.049043e+00 	2.345190e+00 	-3.468190e-03
-3.049043e+00 	2.432049e+00 	3.241389e-02
-3.049043e+00 	2.518908e+00 	1.172828e-01
-3.049043e+00 	2.605767e+00 	2.489873e-01
-3.049043e+00 	2.692626e+00 	4.221942e-01
-3.049043e+00 	2.779485e+00 	6.294212e-01
-3.049043e+00 	2.866344e+00 	8.623892e-01
-3.049043e+00 	2.953202e+00 	1.113365e+00

-2.788466e+00 	0.000000e+00 	8.498609e-01
-2.788466e+00 	8.685890e-02 	8.295684e-01
-2.788466e+00 	1.737178e-01 	7.639300e-01
-2.788466e+00 	2.605767e-01 	6.844515e-01
-2.788466e+00 	3.474356e-01 	6.417968e-01
-2.788466e+00 	4.342945e-01 	6.835641e-01
-2.788466e+00 	5.211534e-01 	8.231928e-01
-2.788466e+00 	6.080123e-01 	1.025419e+00
-2.788466e+00 	6.948712e-01 	1.227640e+00
-2.788466e+00 	7.817301e-01 	1.380110e+00
-2.788466e+00 	8.685890e-01 	1.466606e+00
-2.788466e+00 	9.554479e-01 	1.494647e+00
-2.788466e+00 	1.042307e+00 	1.477083e+00
-2.788466e+00 	1.129166e+00 	1.423541e+00
-2.788466e+00 	1.216025e+00 	1.341458e+00
-2.788466e+00 	1.302883e+00 	1.238915e+00
-2.788466e+00 	1.389742e+00 	1.124718e+00
-2.788466e+00 	1.476601e+00 	1.006161e+00
-2.788466e+00 	1.563460e+00 	8.868010e-01
-2.788466e+00 	1.650319e+00 	7.662713e-01
-2.788466e+00 	1.737178e+00 	6.427090e-01
-2.788466e+00 	1.824037e+00 	5.154349e-01
-2.788466e+00 	1.910896e+00 	3.867517e-01
-2.788466e+00 	1.997755e+00 	2.625626e-01
-2.788466e+00 	2.084614e+00 	1.517475e-01
-2.788466e+00 	2.171472e+00 	6.468643e-02
-2.788466e+00 	2.258331e+00 	1.148562e-02
-2.788466e+00 	2.345190e+00 	3.787442e-04
-2.788466e+00 	2.432049e+00 	3.657109e-02
-2.788466e+00 	2.518908e+00 	1.216240e-01
-2.788466e+00 	2.605767e+00 	2.534032e-01
-2.788466e+00 	2.692626e+00 	4.265966e-01
-2.788466e+00 	2.779485e+00 	6.337434e-01
-2.788466e+00 	2.866344e+00 	8.665843e-01
-2.788466e+00 	2.953202e+00 	1.117403e+00

-2.527890e+00 	0.000000e+00 	8.498143e-01
-2.527890e+00 	8.685890e-02 	8.299243e-01
-2.527890e+00 	1.737178e-01 	7.646310e-01
-2.527890e+00 	2.605767e-01 	6.851763e-01
-2.527890e+00 	3.474356e-01 	6.418847e-01
-2.527890e+00 	4.342945e-01 	6.820941e-01
-2.527890e+00 	5.211534e-01 	8.192862e-01
-2.527890e+00 	6.080123e-01 	1.018649e+00
-2.527890e+00 	6.948712e-01 	1.218238e+00
-2.527890e+00 	7.817301e-01 	1.368796e+00
-2.527890e+00 	8.685890e-01 	1.454208e+00
-2.527890e+00 	9.554479e-01 	1.481850e+00
-2.527890e+00 	1.042307e+00 	1.464383e+00
-2.527890e+00 	1.129166e+00 	1.411301e+00
-2.527890e+00 	1.216025e+00 	1.329966e+00
-2.527890e+00 	1.302883e+00 	1.228425e+00
-2.527890e+00 	1.389742e+00 	1.115533e+00
-2.527890e+00 	1.476601e+00 	9.986354e-01
-2.527890e+00 	1.563460e+00 	8.810812e-01
-2.527890e+00 	1.650319e+00 	7.623382e-01
-2.527890e+00 	1.737178e+00 	6.405553e-01
-2.527890e+00 	1.824037e+00 	5.150565e-01
-2.527890e+00 	1.910896e+00 	3.881136e-01
-2.527890e+00 	1.997755e+00 	2.655770e-01
-2.527890e+00 	2.084614e+00 	1.562674e-01
-2.527890e+00 	2.171472e+00 	7.051286e-02
-2.527890e+00 	2.258331e+00 	1.838346e-02
-2.527890e+00 	2.345190e+00 	8.096210e-03
-2.527890e+00 	2.432049e+00 	4.485897e-02
-2.527890e+00 	2.518908e+00 	1.302520e-01
-2.527890e+00 	2.605767e+00 	2.621720e-01
-2.527890e+00 	2.692626e+00 	4.353447e-01
-2.527890e+00 	2.779485e+00 	6.423488e-01
-2.527890e+00 	2.866344e+00 	8.749615e-01
-2.527890e+00 	2.953202e+00 	1.125496e+00

-2.267313e+00 	0.000000e+00 	8.497226e-01
-2.267313e+00 	8.685890e-02 	8.305660e-01
-2.267313e+00 	1.737178e-01 	7.659052e-01
-2.267313e+00 	2.605767e-01 	6.865058e-01
-2.267313e+00 	3.474356e-01 	6.420794e-01
-2.267313e+00 	4.342945e-01 	6.794943e-01
-2.267313e+00 	5.211534e-01 	8.123088e-01
-2.267313e+00 	6.080123e-01 	1.006525e+00
-2.267313e+00 	6.948712e-01 	1.201389e+00
-2.267313e+00 	7.817301e-01 	1.348516e+00
-2.267313e+00 	8.685890e-01 	1.431997e+00
-2.267313e+00 	9.554479e-01 	1.458950e+00
-2.267313e+00 	1.042307e+00 	1.441706e+00
-2.267313e+00 	1.129166e+00 	1.389539e+00
-2.267313e+00 	1.216025e+00 	1.309701e+00
-2.267313e+00 	1.302883e+00 	1.210231e+00
-2.267313e+00 	1.389742e+00 	1.100049e+00
-2.267313e+00 	1.476601e+00 	9.863565e-01
-2.267313e+00 	1.563460e+00 	8.720825e-01
-2.267313e+00 	1.650319e+00 	7.565698e-01
-2.267313e+00 	1.737178e+00 	6.380059e-01
-2.267313e+00 	1.824037e+00 	5.157162e-01
-2.267313e+00 	1.910896e+00 	3.919182e-01
-2.267313e+00 	1.997755e+00 	2.723689e-01
-2.267313e+00 	2.084614e+00 	1.657841e-01
-2.267313e+00 	2.171472e+00 	8.239814e-02
-2.267313e+00 	2.258331e+00 	3.221493e-02
-2.267313e+00 	2.345190e+00 	2.341994e-02
-2.267313e+00 	2.432049e+00 	6.122417e-02
-2.267313e+00 	2.518908e+00 	1.472410e-01
-2.267313e+00 	2.605767e+00 	2.794224e-01
-2.267313e+00 	2.692626e+00 	4.525624e-01
-2.267313e+00 	2.779485e+00 	6.593114e-01
-2.267313e+00 	2.866344e+00 	8.915128e-01
-2.267313e+00 	2.953202e+00 	1.141534e+00

-2.006736e+00 	0.000000e+00 	8.495326e-01
-2.006736e+00 	8.685890e-02 	8.317121e-01
-2.006736e+00 	1.737178e-01 	7.682166e-01
-2.006736e+00 	2.605767e-01 	6.889572e-01
-2.006736e+00 	3.474356e-01 	6.425469e-01
-2.006736e+00 	4.342945e-01 	6.750140e-01
-2.006736e+00 	5.211534e-01 	8.000559e-01
-2.006736e+00 	6.080123e-01 	9.851291e-01
-2.006736e+00 	6.948712e-01 	1.171606e+00
-2.006736e+00 	7.817301e-01 	1.312665e+00
-2.006736e+00 	8.685890e-01 	1.392763e+00
-2.006736e+00 	9.554479e-01 	1.418584e+00
-2.006736e+00 	1.042307e+00 	1.401892e+00
-2.006736e+00 	1.129166e+00 	1.351606e+00
-2.006736e+00 	1.216025e+00 	1.274851e+00
-2.006736e+00 	1.302883e+00 	1.179673e+00
-2.006736e+00 	1.389742e+00 	1.074891e+00
-2.006736e+00 	1.476601e+00 	9.671072e-01
-2.006736e+00 	1.563460e+00 	8.586947e-01
-2.006736e+00 	1.650319e+00 	7.489481e-01
-2.006736e+00 	1.737178e+00 	6.361275e-01
-2.006736e+00 	1.824037e+00 	5.195606e-01
-2.006736e+00 	1.910896e+00 	4.013723e-01
-2.006736e+00 	1.997755e+00 	2.871588e-01
-2.006736e+00 	2.084614e+00 	1.854504e-01
-2.006736e+00 	2.171472e+00 	1.063134e-01
-2.006736e+00 	2.258331e+00 	5.963033e-02
-2.006736e+00 	2.345190e+00 	5.352608e-02
-2.006736e+00 	2.432049e+00 	9.321322e-02
-2.006736e+00 	2.518908e+00 	1.803612e-01
-2.006736e+00 	2.605767e+00 	3.130194e-01
-2.006736e+00 	2.692626e+00 	4.861035e-01
-2.006736e+00 	2.779485e+00 	6.923926e-01
-2.006736e+00 	2.866344e+00 	9.238498e-01
-2.006736e+00 	2.953202e+00 	1.172941e+00

-1.746159e+00 	0.000000e+00 	8.491099e-01
-1.746159e+00 	8.685890e-02 	8.337225e-01
-1.746159e+00 	1.737178e-01 	7.723906e-01
-1.746159e+00 	2.605767e-01 	6.935127e-01
-1.746159e+00 	3.474356e-01 	6.437592e-01
-1.746159e+00 	4.342945e-01 	6.676772e-01
-1.746159e+00 	5.211534e-01 	7.792135e-01
-1.746159e+00 	6.080123e-01 	9.483854e-01
-1.746159e+00 	6.948712e-01 	1.120296e+00
-1.746159e+00 	7.817301e-01 	1.250869e+00
-1.746159e+00 	8.685890e-01 	1.325238e+00
-1.746159e+00 	9.554479e-01 	1.349364e+00
-1.746159e+00 	1.042307e+00 	1.334085e+00
-1.746159e+00 	1.129166e+00 	1.287787e+00
-1.746159e+00 	1.216025e+00 	1.217419e+00
-1.746159e+00 	1.302883e+00 	1.130866e+00
-1.746159e+00 	1.389742e+00 	1.036228e+00
-1.746159e+00 	1.476601e+00 	9.389212e-01
-1.746159e+00 	1.563460e+00 	8.407652e-01
-1.746159e+00 	1.650319e+00 	7.411006e-01
-1.746159e+00 	1.737178e+00 	6.383150e-01
-1.746159e+00 	1.824037e+00 	5.317468e-01
-1.746159e+00 	1.910896e+00 	4.233727e-01
-1.746159e+00 	1.997755e+00 	3.185168e-01
-1.746159e+00 	2.084614e+00 	2.253872e-01
-1.746159e+00 	2.171472e+00 	1.537506e-01
-1.746159e+00 	2.258331e+00 	1.132669e-01
-1.746159e+00 	2.345190e+00 	1.119426e-01
-1.746159e+00 	2.432049e+00 	1.549823e-01
-1.746159e+00 	2.518908e+00 	2.441461e-01
-1.746159e+00 	2.605767e+00 	3.776501e-01
-1.746159e+00 	2.692626e+00 	5.506236e-01
-1.746159e+00 	2.779485e+00 	7.560740e-01
-1.746159e+00 	2.866344e+00 	9.861782e-01
-1.746159e+00 	2.953202e+00 	1.233579e+00

-1.485583e+00 	0.000000e+00 	8.480830e-01
-1.485583e+00 	8.685890e-02 	8.371203e-01
-1.485583e+00 	1.737178e-01 	7.798544e-01
-1.485583e+00 	2.605767e-01 	7.020705e-01
-1.485583e+00 	3.474356e-01 	6.470848e-01
-1.485583e+00 	4.342945e-01 	6.568999e-01
-1.485583e+00 	5.211534e-01 	7.458981e-01
-1.485583e+00 	6.080123e-01 	8.884725e-01
-1.485583e+00 	6.948712e-01 	1.036074e+00
-1.485583e+00 	7.817301e-01 	1.149310e+00
-1.485583e+00 	8.685890e-01 	1.214530e+00
-1.485583e+00 	9.554479e-01 	1.236593e+00
-1.485583e+00 	1.042307e+00 	1.224905e+00
-1.485583e+00 	1.129166e+00 	1.187026e+00
-1.485583e+00 	1.216025e+00 	1.129445e+00
-1.485583e+00 	1.302883e+00 	1.059124e+00
-1.485583e+00 	1.389742e+00 	9.823214e-01
-1.485583e+00 	1.476601e+00 	9.028457e-01
-1.485583e+00 	1.563460e+00 	8.220569e-01
-1.485583e+00 	1.650319e+00 	7.394510e-01
-1.485583e+00 	1.737178e+00 	6.536373e-01
-1.485583e+00 	1.824037e+00 	5.639952e-01
-1.485583e+00 	1.910896e+00 	4.722783e-01
-1.485583e+00 	1.997755e+00 	3.833686e-01
-1.485583e+00 	2.084614e+00 	3.049267e-01
-1.485583e+00 	2.171472e+00 	2.461935e-01
-1.485583e+00 	2.258331e+00 	2.164213e-01
-1.485583e+00 	2.345190e+00 	2.233840e-01
-1.485583e+00 	2.432049e+00 	2.722445e-01
-1.485583e+00 	2.518908e+00 	3.648974e-01
-1.485583e+00 	2.605767e+00 	4.998333e-01
-1.485583e+00 	2.692626e+00 	6.725457e-01
-1.485583e+00 	2.779485e+00 	8.764391e-01
-1.485583e+00 	2.866344e+00 	1.104066e+00
-1.485583e+00 	2.953202e+00 	1.348384e+00

-1.225006e+00 	0.000000e+00 	8.453435e-01
-1.225006e+00 	8.685890e-02 	8.423883e-01
-1.225006e+00 	1.737178e-01 	7.928852e-01
-1.225006e+00 	2.605767e-01 	7.182960e-01
-1.225006e+00 	3.474356e-01 	6.563898e-01
-1.225006e+00 	4.342945e-01 	6.449847e-01
-1.225006e+00 	5.211534e-01 	6.991700e-01
-1.225006e+00 	6.080123e-01 	8.004045e-01
-1.225006e+00 	6.948712e-01 	9.103330e-01
-1.225006e+00 	7.817301e-01 	9.971209e-01
-1.225006e+00 	8.685890e-01 	1.049238e+00
-1.225006e+00 	9.554479e-01 	1.070033e+00
-1.225006e+00 	1.042307e+00 	1.066804e+00
-1.225006e+00 	1.129166e+00 	1.045641e+00
-1.225006e+00 	1.216025e+00 	1.011552e+00
-1.225006e+00 	1.302883e+00 	9.689881e-01
-1.225006e+00 	1.389742e+00 	9.212611e-01
-1.225006e+00 	1.476601e+00 	8.704373e-01
-1.225006e+00 	1.563460e+00 	8.175230e-01
-1.225006e+00 	1.650319e+00 	7.622953e-01
-1.225006e+00 	1.737178e+00 	7.037324e-01
-1.225006e+00 	1.824037e+00 	6.413271e-01
-1.225006e+00 	1.910896e+00 	5.765324e-01
-1.225006e+00 	1.997755e+00 	5.135510e-01
-1.225006e+00 	2.084614e+00 	4.591539e-01
-1.225006e+00 	2.171472e+00 	4.216844e-01
-1.225006e+00 	2.258331e+00 	4.096630e-01
-1.225006e+00 	2.345190e+00 	4.304062e-01
-1.225006e+00 	2.432049e+00 	4.889385e-01
-1.225006e+00 	2.518908e+00 	5.873229e-01
-1.225006e+00 	2.605767e+00 	7.244722e-01
-1.225006e+00 	2.692626e+00 	8.964731e-01
-1.225006e+00 	2.779485e+00 	1.097397e+00
-1.225006e+00 	2.866344e+00 	1.320440e+00
-1.225006e+00 	2.953202e+00 	1.559102e+00

