# Parameters:
# kT = 0.9
# mu = 4.1
# Ngrid = 121
# 
# Plot:
# log10Cvac		log10alpha		freeEnergy	
# 
-8.000000e+00 	0.000000e+00 	-2.574578e+00
-8.000000e+00 	1.302883e-01 	-3.148239e+00
-8.000000e+00 	2.605767e-01 	-3.501499e+00
-8.000000e+00 	3.908650e-01 	-3.350104e+00
-8.000000e+00 	5.211534e-01 	-2.525495e+00
-8.000000e+00 	6.514417e-01 	-1.277072e+00
-8.000000e+00 	7.817301e-01 	-1.901385e-01
-8.000000e+00 	9.120184e-01 	3.962429e-01
-8.000000e+00 	1.042307e+00 	5.815354e-01
-8.000000e+00 	1.172595e+00 	5.605340e-01
-8.000000e+00 	1.302883e+00 	4.371131e-01
-8.000000e+00 	1.433172e+00 	2.686394e-01
-8.000000e+00 	1.563460e+00 	9.703496e-02
-8.000000e+00 	1.693748e+00 	-7.240488e-02
-8.000000e+00 	1.824037e+00 	-2.764151e-01
-8.000000e+00 	1.954325e+00 	-5.655575e-01
-8.000000e+00 	2.084614e+00 	failed
-8.000000e+00 	2.214902e+00 	failed
-8.000000e+00 	2.345190e+00 	failed
-8.000000e+00 	2.475479e+00 	failed
-8.000000e+00 	2.605767e+00 	failed
-8.000000e+00 	2.736055e+00 	failed
-8.000000e+00 	2.866344e+00 	failed
-8.000000e+00 	2.996632e+00 	failed
-8.000000e+00 	3.126920e+00 	failed
-8.000000e+00 	3.257209e+00 	failed
-8.000000e+00 	3.387497e+00 	failed
-8.000000e+00 	3.517785e+00 	failed
-8.000000e+00 	3.648074e+00 	failed
-8.000000e+00 	3.778362e+00 	failed
-8.000000e+00 	3.908650e+00 	failed

-7.739423e+00 	0.000000e+00 	-2.574578e+00
-7.739423e+00 	1.302883e-01 	-3.148239e+00
-7.739423e+00 	2.605767e-01 	-3.501499e+00
-7.739423e+00 	3.908650e-01 	-3.350104e+00
-7.739423e+00 	5.211534e-01 	-2.525495e+00
-7.739423e+00 	6.514417e-01 	-1.277072e+00
-7.739423e+00 	7.817301e-01 	-1.901388e-01
-7.739423e+00 	9.120184e-01 	3.962427e-01
-7.739423e+00 	1.042307e+00 	5.815351e-01
-7.739423e+00 	1.172595e+00 	5.605337e-01
-7.739423e+00 	1.302883e+00 	4.371128e-01
-7.739423e+00 	1.433172e+00 	2.686392e-01
-7.739423e+00 	1.563460e+00 	9.703469e-02
-7.739423e+00 	1.693748e+00 	-7.240515e-02
-7.739423e+00 	1.824037e+00 	-2.764154e-01
-7.739423e+00 	1.954325e+00 	-5.655577e-01
-7.739423e+00 	2.084614e+00 	failed
-7.739423e+00 	2.214902e+00 	failed
-7.739423e+00 	2.345190e+00 	failed
-7.739423e+00 	2.475479e+00 	failed
-7.739423e+00 	2.605767e+00 	failed
-7.739423e+00 	2.736055e+00 	failed
-7.739423e+00 	2.866344e+00 	failed
-7.739423e+00 	2.996632e+00 	failed
-7.739423e+00 	3.126920e+00 	failed
-7.739423e+00 	3.257209e+00 	failed
-7.739423e+00 	3.387497e+00 	failed
-7.739423e+00 	3.517785e+00 	failed
-7.739423e+00 	3.648074e+00 	failed
-7.739423e+00 	3.778362e+00 	failed
-7.739423e+00 	3.908650e+00 	failed

-7.478847e+00 	0.000000e+00 	-2.574578e+00
-7.478847e+00 	1.302883e-01 	-3.148239e+00
-7.478847e+00 	2.605767e-01 	-3.501499e+00
-7.478847e+00 	3.908650e-01 	-3.350104e+00
-7.478847e+00 	5.211534e-01 	-2.525495e+00
-7.478847e+00 	6.514417e-01 	-1.277072e+00
-7.478847e+00 	7.817301e-01 	-1.901392e-01
-7.478847e+00 	9.120184e-01 	3.962422e-01
-7.478847e+00 	1.042307e+00 	5.815346e-01
-7.478847e+00 	1.172595e+00 	5.605332e-01
-7.478847e+00 	1.302883e+00 	4.371123e-01
-7.478847e+00 	1.433172e+00 	2.686386e-01
-7.478847e+00 	1.563460e+00 	9.703419e-02
-7.478847e+00 	1.693748e+00 	-7.240565e-02
-7.478847e+00 	1.824037e+00 	-2.764158e-01
-7.478847e+00 	1.954325e+00 	-5.655582e-01
-7.478847e+00 	2.084614e+00 	failed
-7.478847e+00 	2.214902e+00 	failed
-7.478847e+00 	2.345190e+00 	failed
-7.478847e+00 	2.475479e+00 	failed
-7.478847e+00 	2.605767e+00 	failed
-7.478847e+00 	2.736055e+00 	failed
-7.478847e+00 	2.866344e+00 	failed
-7.478847e+00 	2.996632e+00 	failed
-7.478847e+00 	3.126920e+00 	failed
-7.478847e+00 	3.257209e+00 	failed
-7.478847e+00 	3.387497e+00 	failed
-7.478847e+00 	3.517785e+00 	failed
-7.478847e+00 	3.648074e+00 	failed
-7.478847e+00 	3.778362e+00 	failed
-7.478847e+00 	3.908650e+00 	failed

-7.218270e+00 	0.000000e+00 	-2.574578e+00
-7.218270e+00 	1.302883e-01 	-3.148239e+00
-7.218270e+00 	2.605767e-01 	-3.501499e+00
-7.218270e+00 	3.908650e-01 	-3.350104e+00
-7.218270e+00 	5.211534e-01 	-2.525495e+00
-7.218270e+00 	6.514417e-01 	-1.277073e+00
-7.218270e+00 	7.817301e-01 	-1.901399e-01
-7.218270e+00 	9.120184e-01 	3.962413e-01
-7.218270e+00 	1.042307e+00 	5.815337e-01
-7.218270e+00 	1.172595e+00 	5.605322e-01
-7.218270e+00 	1.302883e+00 	4.371113e-01
-7.218270e+00 	1.433172e+00 	2.686377e-01
-7.218270e+00 	1.563460e+00 	9.703328e-02
-7.218270e+00 	1.693748e+00 	-7.240655e-02
-7.218270e+00 	1.824037e+00 	-2.764167e-01
-7.218270e+00 	1.954325e+00 	-5.655589e-01
-7.218270e+00 	2.084614e+00 	failed
-7.218270e+00 	2.214902e+00 	failed
-7.218270e+00 	2.345190e+00 	failed
-7.218270e+00 	2.475479e+00 	failed
-7.218270e+00 	2.605767e+00 	failed
-7.218270e+00 	2.736055e+00 	failed
-7.218270e+00 	2.866344e+00 	failed
-7.218270e+00 	2.996632e+00 	failed
-7.218270e+00 	3.126920e+00 	failed
-7.218270e+00 	3.257209e+00 	failed
-7.218270e+00 	3.387497e+00 	failed
-7.218270e+00 	3.517785e+00 	failed
-7.218270e+00 	3.648074e+00 	failed
-7.218270e+00 	3.778362e+00 	failed
-7.218270e+00 	3.908650e+00 	failed

-6.957693e+00 	0.000000e+00 	-2.574578e+00
-6.957693e+00 	1.302883e-01 	-3.148239e+00
-6.957693e+00 	2.605767e-01 	-3.501499e+00
-6.957693e+00 	3.908650e-01 	-3.350104e+00
-6.957693e+00 	5.211534e-01 	-2.525496e+00
-6.957693e+00 	6.514417e-01 	-1.277074e+00
-6.957693e+00 	7.817301e-01 	-1.901413e-01
-6.957693e+00 	9.120184e-01 	3.962397e-01
-6.957693e+00 	1.042307e+00 	5.815320e-01
-6.957693e+00 	1.172595e+00 	5.605305e-01
-6.957693e+00 	1.302883e+00 	4.371096e-01
-6.957693e+00 	1.433172e+00 	2.686360e-01
-6.957693e+00 	1.563460e+00 	9.703162e-02
-6.957693e+00 	1.693748e+00 	-7.240820e-02
-6.957693e+00 	1.824037e+00 	-2.764183e-01
-6.957693e+00 	1.954325e+00 	-5.655603e-01
-6.957693e+00 	2.084614e+00 	failed
-6.957693e+00 	2.214902e+00 	failed
-6.957693e+00 	2.345190e+00 	failed
-6.957693e+00 	2.475479e+00 	failed
-6.957693e+00 	2.605767e+00 	failed
-6.957693e+00 	2.736055e+00 	failed
-6.957693e+00 	2.866344e+00 	failed
-6.957693e+00 	2.996632e+00 	failed
-6.957693e+00 	3.126920e+00 	failed
-6.957693e+00 	3.257209e+00 	failed
-6.957693e+00 	3.387497e+00 	failed
-6.957693e+00 	3.517785e+00 	failed
-6.957693e+00 	3.648074e+00 	failed
-6.957693e+00 	3.778362e+00 	failed
-6.957693e+00 	3.908650e+00 	failed

-6.697117e+00 	0.000000e+00 	-2.574578e+00
-6.697117e+00 	1.302883e-01 	-3.148239e+00
-6.697117e+00 	2.605767e-01 	-3.501499e+00
-6.697117e+00 	3.908650e-01 	-3.350105e+00
-6.697117e+00 	5.211534e-01 	-2.525497e+00
-6.697117e+00 	6.514417e-01 	-1.277075e+00
-6.697117e+00 	7.817301e-01 	-1.901439e-01
-6.697117e+00 	9.120184e-01 	3.962367e-01
-6.697117e+00 	1.042307e+00 	5.815288e-01
-6.697117e+00 	1.172595e+00 	5.605274e-01
-6.697117e+00 	1.302883e+00 	4.371065e-01
-6.697117e+00 	1.433172e+00 	2.686330e-01
-6.697117e+00 	1.563460e+00 	9.702860e-02
-6.697117e+00 	1.693748e+00 	-7.241119e-02
-6.697117e+00 	1.824037e+00 	-2.764211e-01
-6.697117e+00 	1.954325e+00 	-5.655629e-01
-6.697117e+00 	2.084614e+00 	failed
-6.697117e+00 	2.214902e+00 	failed
-6.697117e+00 	2.345190e+00 	failed
-6.697117e+00 	2.475479e+00 	failed
-6.697117e+00 	2.605767e+00 	failed
-6.697117e+00 	2.736055e+00 	failed
-6.697117e+00 	2.866344e+00 	failed
-6.697117e+00 	2.996632e+00 	failed
-6.697117e+00 	3.126920e+00 	failed
-6.697117e+00 	3.257209e+00 	failed
-6.697117e+00 	3.387497e+00 	failed
-6.697117e+00 	3.517785e+00 	failed
-6.697117e+00 	3.648074e+00 	failed
-6.697117e+00 	3.778362e+00 	failed
-6.697117e+00 	3.908650e+00 	failed

-6.436540e+00 	0.000000e+00 	-2.574577e+00
-6.436540e+00 	1.302883e-01 	-3.148239e+00
-6.436540e+00 	2.605767e-01 	-3.501499e+00
-6.436540e+00 	3.908650e-01 	-3.350105e+00
-6.436540e+00 	5.211534e-01 	-2.525499e+00
-6.436540e+00 	6.514417e-01 	-1.277079e+00
-6.436540e+00 	7.817301e-01 	-1.901485e-01
-6.436540e+00 	9.120184e-01 	3.962313e-01
-6.436540e+00 	1.042307e+00 	5.815232e-01
-6.436540e+00 	1.172595e+00 	5.605216e-01
-6.436540e+00 	1.302883e+00 	4.371008e-01
-6.436540e+00 	1.433172e+00 	2.686274e-01
-6.436540e+00 	1.563460e+00 	9.702309e-02
-6.436540e+00 	1.693748e+00 	-7.241664e-02
-6.436540e+00 	1.824037e+00 	-2.764262e-01
-6.436540e+00 	1.954325e+00 	-5.655676e-01
-6.436540e+00 	2.084614e+00 	failed
-6.436540e+00 	2.214902e+00 	failed
-6.436540e+00 	2.345190e+00 	failed
-6.436540e+00 	2.475479e+00 	failed
-6.436540e+00 	2.605767e+00 	failed
-6.436540e+00 	2.736055e+00 	failed
-6.436540e+00 	2.866344e+00 	failed
-6.436540e+00 	2.996632e+00 	failed
-6.436540e+00 	3.126920e+00 	failed
-6.436540e+00 	3.257209e+00 	failed
-6.436540e+00 	3.387497e+00 	failed
-6.436540e+00 	3.517785e+00 	failed
-6.436540e+00 	3.648074e+00 	failed
-6.436540e+00 	3.778362e+00 	failed
-6.436540e+00 	3.908650e+00 	failed

-6.175963e+00 	0.000000e+00 	-2.574577e+00
-6.175963e+00 	1.302883e-01 	-3.148238e+00
-6.175963e+00 	2.605767e-01 	-3.501498e+00
-6.175963e+00 	3.908650e-01 	-3.350106e+00
-6.175963e+00 	5.211534e-01 	-2.525502e+00
-6.175963e+00 	6.514417e-01 	-1.277085e+00
-6.175963e+00 	7.817301e-01 	-1.901569e-01
-6.175963e+00 	9.120184e-01 	3.962215e-01
-6.175963e+00 	1.042307e+00 	5.815128e-01
-6.175963e+00 	1.172595e+00 	5.605112e-01
-6.175963e+00 	1.302883e+00 	4.370905e-01
-6.175963e+00 	1.433172e+00 	2.686172e-01
-6.175963e+00 	1.563460e+00 	9.701306e-02
-6.175963e+00 	1.693748e+00 	-7.242657e-02
-6.175963e+00 	1.824037e+00 	-2.764356e-01
-6.175963e+00 	1.954325e+00 	-5.655760e-01
-6.175963e+00 	2.084614e+00 	failed
-6.175963e+00 	2.214902e+00 	failed
-6.175963e+00 	2.345190e+00 	failed
-6.175963e+00 	2.475479e+00 	failed
-6.175963e+00 	2.605767e+00 	failed
-6.175963e+00 	2.736055e+00 	failed
-6.175963e+00 	2.866344e+00 	failed
-6.175963e+00 	2.996632e+00 	failed
-6.175963e+00 	3.126920e+00 	failed
-6.175963e+00 	3.257209e+00 	failed
-6.175963e+00 	3.387497e+00 	failed
-6.175963e+00 	3.517785e+00 	failed
-6.175963e+00 	3.648074e+00 	failed
-6.175963e+00 	3.778362e+00 	failed
-6.175963e+00 	3.908650e+00 	failed

-5.915386e+00 	0.000000e+00 	-2.574576e+00
-5.915386e+00 	1.302883e-01 	-3.148237e+00
-5.915386e+00 	2.605767e-01 	-3.501498e+00
-5.915386e+00 	3.908650e-01 	-3.350108e+00
-5.915386e+00 	5.211534e-01 	-2.525507e+00
-5.915386e+00 	6.514417e-01 	-1.277095e+00
-5.915386e+00 	7.817301e-01 	-1.901722e-01
-5.915386e+00 	9.120184e-01 	3.962036e-01
-5.915386e+00 	1.042307e+00 	5.814940e-01
-5.915386e+00 	1.172595e+00 	5.604921e-01
-5.915386e+00 	1.302883e+00 	4.370716e-01
-5.915386e+00 	1.433172e+00 	2.685987e-01
-5.915386e+00 	1.563460e+00 	9.699478e-02
-5.915386e+00 	1.693748e+00 	-7.244463e-02
-5.915386e+00 	1.824037e+00 	-2.764525e-01
-5.915386e+00 	1.954325e+00 	-5.655913e-01
-5.915386e+00 	2.084614e+00 	failed
-5.915386e+00 	2.214902e+00 	failed
-5.915386e+00 	2.345190e+00 	failed
-5.915386e+00 	2.475479e+00 	failed
-5.915386e+00 	2.605767e+00 	failed
-5.915386e+00 	2.736055e+00 	failed
-5.915386e+00 	2.866344e+00 	failed
-5.915386e+00 	2.996632e+00 	failed
-5.915386e+00 	3.126920e+00 	failed
-5.915386e+00 	3.257209e+00 	failed
-5.915386e+00 	3.387497e+00 	failed
-5.915386e+00 	3.517785e+00 	failed
-5.915386e+00 	3.648074e+00 	failed
-5.915386e+00 	3.778362e+00 	failed
-5.915386e+00 	3.908650e+00 	failed

-5.654810e+00 	0.000000e+00 	-2.574574e+00
-5.654810e+00 	1.302883e-01 	-3.148235e+00
-5.654810e+00 	2.605767e-01 	-3.501497e+00
-5.654810e+00 	3.908650e-01 	-3.350111e+00
-5.654810e+00 	5.211534e-01 	-2.525517e+00
-5.654810e+00 	6.514417e-01 	-1.277115e+00
-5.654810e+00 	7.817301e-01 	-1.902001e-01
-5.654810e+00 	9.120184e-01 	3.961711e-01
-5.654810e+00 	1.042307e+00 	5.814596e-01
-5.654810e+00 	1.172595e+00 	5.604574e-01
-5.654810e+00 	1.302883e+00 	4.370372e-01
-5.654810e+00 	1.433172e+00 	2.685649e-01
-5.654810e+00 	1.563460e+00 	9.696149e-02
-5.654810e+00 	1.693748e+00 	-7.247746e-02
-5.654810e+00 	1.824037e+00 	-2.764831e-01
-5.654810e+00 	1.954325e+00 	-5.656188e-01
-5.654810e+00 	2.084614e+00 	-9.686377e-01
-5.654810e+00 	2.214902e+00 	failed
-5.654810e+00 	2.345190e+00 	failed
-5.654810e+00 	2.475479e+00 	failed
-5.654810e+00 	2.605767e+00 	failed
-5.654810e+00 	2.736055e+00 	failed
-5.654810e+00 	2.866344e+00 	failed
-5.654810e+00 	2.996632e+00 	failed
-5.654810e+00 	3.126920e+00 	failed
-5.654810e+00 	3.257209e+00 	failed
-5.654810e+00 	3.387497e+00 	failed
-5.654810e+00 	3.517785e+00 	failed
-5.654810e+00 	3.648074e+00 	failed
-5.654810e+00 	3.778362e+00 	failed
-5.654810e+00 	3.908650e+00 	failed

-5.394233e+00 	0.000000e+00 	-2.574570e+00
-5.394233e+00 	1.302883e-01 	-3.148231e+00
-5.394233e+00 	2.605767e-01 	-3.501496e+00
-5.394233e+00 	3.908650e-01 	-3.350116e+00
-5.394233e+00 	5.211534e-01 	-2.525536e+00
-5.394233e+00 	6.514417e-01 	-1.277151e+00
-5.394233e+00 	7.817301e-01 	-1.902509e-01
-5.394233e+00 	9.120184e-01 	3.961117e-01
-5.394233e+00 	1.042307e+00 	5.813970e-01
-5.394233e+00 	1.172595e+00 	5.603942e-01
-5.394233e+00 	1.302883e+00 	4.369746e-01
-5.394233e+00 	1.433172e+00 	2.685033e-01
-5.394233e+00 	1.563460e+00 	9.690083e-02
-5.394233e+00 	1.693748e+00 	-7.253702e-02
-5.394233e+00 	1.824037e+00 	-2.765383e-01
-5.394233e+00 	1.954325e+00 	-5.656683e-01
-5.394233e+00 	2.084614e+00 	-9.686804e-01
-5.394233e+00 	2.214902e+00 	-1.474049e+00
-5.394233e+00 	2.345190e+00 	failed
-5.394233e+00 	2.475479e+00 	failed
-5.394233e+00 	2.605767e+00 	failed
-5.394233e+00 	2.736055e+00 	failed
-5.394233e+00 	2.866344e+00 	failed
-5.394233e+00 	2.996632e+00 	failed
-5.394233e+00 	3.126920e+00 	failed
-5.394233e+00 	3.257209e+00 	failed
-5.394233e+00 	3.387497e+00 	failed
-5.394233e+00 	3.517785e+00 	failed
-5.394233e+00 	3.648074e+00 	failed
-5.394233e+00 	3.778362e+00 	failed
-5.394233e+00 	3.908650e+00 	failed

-5.133656e+00 	0.000000e+00 	-2.574563e+00
-5.133656e+00 	1.302883e-01 	-3.148225e+00
-5.133656e+00 	2.605767e-01 	-3.501494e+00
-5.133656e+00 	3.908650e-01 	-3.350126e+00
-5.133656e+00 	5.211534e-01 	-2.525569e+00
-5.133656e+00 	6.514417e-01 	-1.277216e+00
-5.133656e+00 	7.817301e-01 	-1.903436e-01
-5.133656e+00 	9.120184e-01 	3.960036e-01
-5.133656e+00 	1.042307e+00 	5.812830e-01
-5.133656e+00 	1.172595e+00 	5.602790e-01
-5.133656e+00 	1.302883e+00 	4.368605e-01
-5.133656e+00 	1.433172e+00 	2.683912e-01
-5.133656e+00 	1.563460e+00 	9.679038e-02
-5.133656e+00 	1.693748e+00 	-7.264486e-02
-5.133656e+00 	1.824037e+00 	-2.766378e-01
-5.133656e+00 	1.954325e+00 	-5.657571e-01
-5.133656e+00 	2.084614e+00 	-9.687563e-01
-5.133656e+00 	2.214902e+00 	-1.474111e+00
-5.133656e+00 	2.345190e+00 	-2.033668e+00
-5.133656e+00 	2.475479e+00 	failed
-5.133656e+00 	2.605767e+00 	failed
-5.133656e+00 	2.736055e+00 	failed
-5.133656e+00 	2.866344e+00 	failed
-5.133656e+00 	2.996632e+00 	failed
-5.133656e+00 	3.126920e+00 	failed
-5.133656e+00 	3.257209e+00 	failed
-5.133656e+00 	3.387497e+00 	failed
-5.133656e+00 	3.517785e+00 	failed
-5.133656e+00 	3.648074e+00 	failed
-5.133656e+00 	3.778362e+00 	failed
-5.133656e+00 	3.908650e+00 	failed

-4.873080e+00 	0.000000e+00 	-2.574551e+00
-4.873080e+00 	1.302883e-01 	-3.148213e+00
-4.873080e+00 	2.605767e-01 	-3.501490e+00
-4.873080e+00 	3.908650e-01 	-3.350144e+00
-4.873080e+00 	5.211534e-01 	-2.525631e+00
-4.873080e+00 	6.514417e-01 	-1.277335e+00
-4.873080e+00 	7.817301e-01 	-1.905124e-01
-4.873080e+00 	9.120184e-01 	3.958065e-01
-4.873080e+00 	1.042307e+00 	5.810751e-01
-4.873080e+00 	1.172595e+00 	5.600690e-01
-4.873080e+00 	1.302883e+00 	4.366525e-01
-4.873080e+00 	1.433172e+00 	2.681869e-01
-4.873080e+00 	1.563460e+00 	9.658934e-02
-4.873080e+00 	1.693748e+00 	-7.283961e-02
-4.873080e+00 	1.824037e+00 	-2.768168e-01
-4.873080e+00 	1.954325e+00 	-5.659163e-01
-4.873080e+00 	2.084614e+00 	-9.688915e-01
-4.873080e+00 	2.214902e+00 	-1.474220e+00
-4.873080e+00 	2.345190e+00 	-2.033752e+00
-4.873080e+00 	2.475479e+00 	-2.579155e+00
-4.873080e+00 	2.605767e+00 	failed
-4.873080e+00 	2.736055e+00 	failed
-4.873080e+00 	2.866344e+00 	failed
-4.873080e+00 	2.996632e+00 	failed
-4.873080e+00 	3.126920e+00 	failed
-4.873080e+00 	3.257209e+00 	failed
-4.873080e+00 	3.387497e+00 	failed
-4.873080e+00 	3.517785e+00 	failed
-4.873080e+00 	3.648074e+00 	failed
-4.873080e+00 	3.778362e+00 	failed
-4.873080e+00 	3.908650e+00 	failed

-4.612503e+00 	0.000000e+00 	-2.574529e+00
-4.612503e+00 	1.302883e-01 	-3.148192e+00
-4.612503e+00 	2.605767e-01 	-3.501482e+00
-4.612503e+00 	3.908650e-01 	-3.350177e+00
-4.612503e+00 	5.211534e-01 	-2.525742e+00
-4.612503e+00 	6.514417e-01 	-1.277551e+00
-4.612503e+00 	7.817301e-01 	-1.908200e-01
-4.612503e+00 	9.120184e-01 	3.954475e-01
-4.612503e+00 	1.042307e+00 	5.806965e-01
-4.612503e+00 	1.172595e+00 	5.596866e-01
-4.612503e+00 	1.302883e+00 	4.362737e-01
-4.612503e+00 	1.433172e+00 	2.678147e-01
-4.612503e+00 	1.563460e+00 	9.622369e-02
-4.612503e+00 	1.693748e+00 	-7.319041e-02
-4.612503e+00 	1.824037e+00 	-2.771383e-01
-4.612503e+00 	1.954325e+00 	-5.662012e-01
-4.612503e+00 	2.084614e+00 	-9.691319e-01
-4.612503e+00 	2.214902e+00 	-1.474413e+00
-4.612503e+00 	2.345190e+00 	-2.033897e+00
-4.612503e+00 	2.475479e+00 	-2.579259e+00
-4.612503e+00 	2.605767e+00 	-3.040377e+00
-4.612503e+00 	2.736055e+00 	failed
-4.612503e+00 	2.866344e+00 	failed
-4.612503e+00 	2.996632e+00 	failed
-4.612503e+00 	3.126920e+00 	failed
-4.612503e+00 	3.257209e+00 	failed
-4.612503e+00 	3.387497e+00 	failed
-4.612503e+00 	3.517785e+00 	failed
-4.612503e+00 	3.648074e+00 	failed
-4.612503e+00 	3.778362e+00 	failed
-4.612503e+00 	3.908650e+00 	failed

-4.351926e+00 	0.000000e+00 	-2.574489e+00
-4.351926e+00 	1.302883e-01 	-3.148153e+00
-4.351926e+00 	2.605767e-01 	-3.501468e+00
-4.351926e+00 	3.908650e-01 	-3.350237e+00
-4.351926e+00 	5.211534e-01 	-2.525946e+00
-4.351926e+00 	6.514417e-01 	-1.277946e+00
-4.351926e+00 	7.817301e-01 	-1.913804e-01
-4.351926e+00 	9.120184e-01 	3.947935e-01
-4.351926e+00 	1.042307e+00 	5.800067e-01
-4.351926e+00 	1.172595e+00 	5.589897e-01
-4.351926e+00 	1.302883e+00 	4.355836e-01
-4.351926e+00 	1.433172e+00 	2.671370e-01
-4.351926e+00 	1.563460e+00 	9.555956e-02
-4.351926e+00 	1.693748e+00 	-7.382109e-02
-4.351926e+00 	1.824037e+00 	-2.777148e-01
-4.351926e+00 	1.954325e+00 	-5.667100e-01
-4.351926e+00 	2.084614e+00 	-9.695588e-01
-4.351926e+00 	2.214902e+00 	-1.474751e+00
-4.351926e+00 	2.345190e+00 	-2.034150e+00
-4.351926e+00 	2.475479e+00 	-2.579436e+00
-4.351926e+00 	2.605767e+00 	-3.040496e+00
-4.351926e+00 	2.736055e+00 	failed
-4.351926e+00 	2.866344e+00 	failed
-4.351926e+00 	2.996632e+00 	failed
-4.351926e+00 	3.126920e+00 	failed
-4.351926e+00 	3.257209e+00 	failed
-4.351926e+00 	3.387497e+00 	failed
-4.351926e+00 	3.517785e+00 	failed
-4.351926e+00 	3.648074e+00 	failed
-4.351926e+00 	3.778362e+00 	failed
-4.351926e+00 	3.908650e+00 	failed

-4.091350e+00 	0.000000e+00 	-2.574416e+00
-4.091350e+00 	1.302883e-01 	-3.148083e+00
-4.091350e+00 	2.605767e-01 	-3.501443e+00
-4.091350e+00 	3.908650e-01 	-3.350346e+00
-4.091350e+00 	5.211534e-01 	-2.526317e+00
-4.091350e+00 	6.514417e-01 	-1.278664e+00
-4.091350e+00 	7.817301e-01 	-1.924013e-01
-4.091350e+00 	9.120184e-01 	3.936019e-01
-4.091350e+00 	1.042307e+00 	5.787500e-01
-4.091350e+00 	1.172595e+00 	5.577204e-01
-4.091350e+00 	1.302883e+00 	4.343267e-01
-4.091350e+00 	1.433172e+00 	2.659035e-01
-4.091350e+00 	1.563460e+00 	9.435586e-02
-4.091350e+00 	1.693748e+00 	-7.495310e-02
-4.091350e+00 	1.824037e+00 	-2.787472e-01
-4.091350e+00 	1.954325e+00 	-5.676172e-01
-4.091350e+00 	2.084614e+00 	-9.703157e-01
-4.091350e+00 	2.214902e+00 	-1.475346e+00
-4.091350e+00 	2.345190e+00 	-2.034588e+00
-4.091350e+00 	2.475479e+00 	-2.579736e+00
-4.091350e+00 	2.605767e+00 	-3.040688e+00
-4.091350e+00 	2.736055e+00 	-3.360473e+00
-4.091350e+00 	2.866344e+00 	failed
-4.091350e+00 	2.996632e+00 	failed
-4.091350e+00 	3.126920e+00 	failed
-4.091350e+00 	3.257209e+00 	failed
-4.091350e+00 	3.387497e+00 	failed
-4.091350e+00 	3.517785e+00 	failed
-4.091350e+00 	3.648074e+00 	failed
-4.091350e+00 	3.778362e+00 	failed
-4.091350e+00 	3.908650e+00 	failed

-3.830773e+00 	0.000000e+00 	-2.574282e+00
-3.830773e+00 	1.302883e-01 	-3.147954e+00
-3.830773e+00 	2.605767e-01 	-3.501396e+00
-3.830773e+00 	3.908650e-01 	-3.350545e+00
-3.830773e+00 	5.211534e-01 	-2.526992e+00
-3.830773e+00 	6.514417e-01 	-1.279973e+00
-3.830773e+00 	7.817301e-01 	-1.942608e-01
-3.830773e+00 	9.120184e-01 	3.914316e-01
-3.830773e+00 	1.042307e+00 	5.764611e-01
-3.830773e+00 	1.172595e+00 	5.554087e-01
-3.830773e+00 	1.302883e+00 	4.320382e-01
-3.830773e+00 	1.433172e+00 	2.636602e-01
-3.830773e+00 	1.563460e+00 	9.218087e-02
-3.830773e+00 	1.693748e+00 	-7.698178e-02
-3.830773e+00 	1.824037e+00 	-2.805923e-01
-3.830773e+00 	1.954325e+00 	-5.692320e-01
-3.830773e+00 	2.084614e+00 	-9.716548e-01
-3.830773e+00 	2.214902e+00 	-1.476389e+00
-3.830773e+00 	2.345190e+00 	-2.035344e+00
-3.830773e+00 	2.475479e+00 	-2.580240e+00
-3.830773e+00 	2.605767e+00 	-3.040991e+00
-3.830773e+00 	2.736055e+00 	-3.360638e+00
-3.830773e+00 	2.866344e+00 	-3.505848e+00
-3.830773e+00 	2.996632e+00 	failed
-3.830773e+00 	3.126920e+00 	failed
-3.830773e+00 	3.257209e+00 	failed
-3.830773e+00 	3.387497e+00 	failed
-3.830773e+00 	3.517785e+00 	failed
-3.830773e+00 	3.648074e+00 	failed
-3.830773e+00 	3.778362e+00 	failed
-3.830773e+00 	3.908650e+00 	failed

-3.570196e+00 	0.000000e+00 	-2.574039e+00
-3.570196e+00 	1.302883e-01 	-3.147719e+00
-3.570196e+00 	2.605767e-01 	-3.501312e+00
-3.570196e+00 	3.908650e-01 	-3.350907e+00
-3.570196e+00 	5.211534e-01 	-2.528222e+00
-3.570196e+00 	6.514417e-01 	-1.282356e+00
-3.570196e+00 	7.817301e-01 	-1.976470e-01
-3.570196e+00 	9.120184e-01 	3.874796e-01
-3.570196e+00 	1.042307e+00 	5.722936e-01
-3.570196e+00 	1.172595e+00 	5.512004e-01
-3.570196e+00 	1.302883e+00 	4.278744e-01
-3.570196e+00 	1.433172e+00 	2.595868e-01
-3.570196e+00 	1.563460e+00 	8.826604e-02
-3.570196e+00 	1.693748e+00 	-8.061037e-02
-3.570196e+00 	1.824037e+00 	-2.838827e-01
-3.570196e+00 	1.954325e+00 	-5.720994e-01
-3.570196e+00 	2.084614e+00 	-9.740182e-01
-3.570196e+00 	2.214902e+00 	-1.478211e+00
-3.570196e+00 	2.345190e+00 	-2.036643e+00
-3.570196e+00 	2.475479e+00 	-2.581080e+00
-3.570196e+00 	2.605767e+00 	-3.041464e+00
-3.570196e+00 	2.736055e+00 	-3.360848e+00
-3.570196e+00 	2.866344e+00 	-3.505899e+00
-3.570196e+00 	2.996632e+00 	-3.471769e+00
-3.570196e+00 	3.126920e+00 	failed
-3.570196e+00 	3.257209e+00 	failed
-3.570196e+00 	3.387497e+00 	failed
-3.570196e+00 	3.517785e+00 	failed
-3.570196e+00 	3.648074e+00 	failed
-3.570196e+00 	3.778362e+00 	failed
-3.570196e+00 	3.908650e+00 	failed

-3.309620e+00 	0.000000e+00 	-2.573597e+00
-3.309620e+00 	1.302883e-01 	-3.147291e+00
-3.309620e+00 	2.605767e-01 	-3.501157e+00
-3.309620e+00 	3.908650e-01 	-3.351565e+00
-3.309620e+00 	5.211534e-01 	-2.530460e+00
-3.309620e+00 	6.514417e-01 	-1.286694e+00
-3.309620e+00 	7.817301e-01 	-2.038098e-01
-3.309620e+00 	9.120184e-01 	3.802874e-01
-3.309620e+00 	1.042307e+00 	5.647103e-01
-3.309620e+00 	1.172595e+00 	5.435454e-01
-3.309620e+00 	1.302883e+00 	4.203071e-01
-3.309620e+00 	1.433172e+00 	2.522092e-01
-3.309620e+00 	1.563460e+00 	8.125028e-02
-3.309620e+00 	1.693748e+00 	-8.708393e-02
-3.309620e+00 	1.824037e+00 	-2.897346e-01
-3.309620e+00 	1.954325e+00 	-5.771771e-01
-3.309620e+00 	2.084614e+00 	-9.781773e-01
-3.309620e+00 	2.214902e+00 	-1.481386e+00
-3.309620e+00 	2.345190e+00 	-2.038866e+00
-3.309620e+00 	2.475479e+00 	-2.582466e+00
-3.309620e+00 	2.605767e+00 	-3.042178e+00
-3.309620e+00 	2.736055e+00 	-3.361076e+00
-3.309620e+00 	2.866344e+00 	-3.505819e+00
-3.309620e+00 	2.996632e+00 	-3.471534e+00
-3.309620e+00 	3.126920e+00 	-nan
-3.309620e+00 	3.257209e+00 	failed
-3.309620e+00 	3.387497e+00 	failed
-3.309620e+00 	3.517785e+00 	failed
-3.309620e+00 	3.648074e+00 	failed
-3.309620e+00 	3.778362e+00 	failed
-3.309620e+00 	3.908650e+00 	failed

-3.049043e+00 	0.000000e+00 	-2.572790e+00
-3.049043e+00 	1.302883e-01 	-3.146510e+00
-3.049043e+00 	2.605767e-01 	-3.500874e+00
-3.049043e+00 	3.908650e-01 	-3.352761e+00
-3.049043e+00 	5.211534e-01 	-2.534530e+00
-3.049043e+00 	6.514417e-01 	-1.294581e+00
-3.049043e+00 	7.817301e-01 	-2.150155e-01
-3.049043e+00 	9.120184e-01 	3.672118e-01
-3.049043e+00 	1.042307e+00 	5.509269e-01
-3.049043e+00 	1.172595e+00 	5.296397e-01
-3.049043e+00 	1.302883e+00 	4.065831e-01
-3.049043e+00 	1.433172e+00 	2.389024e-01
-3.049043e+00 	1.563460e+00 	6.873556e-02
-3.049043e+00 	1.693748e+00 	-9.859237e-02
-3.049043e+00 	1.824037e+00 	-3.001039e-01
-3.049043e+00 	1.954325e+00 	-5.861362e-01
-3.049043e+00 	2.084614e+00 	-9.854687e-01
-3.049043e+00 	2.214902e+00 	-1.486891e+00
-3.049043e+00 	2.345190e+00 	-2.042644e+00
-3.049043e+00 	2.475479e+00 	-2.584722e+00
-3.049043e+00 	2.605767e+00 	-3.043211e+00
-3.049043e+00 	2.736055e+00 	-3.361219e+00
-3.049043e+00 	2.866344e+00 	-3.505390e+00
-3.049043e+00 	2.996632e+00 	-3.470802e+00
-3.049043e+00 	3.126920e+00 	-nan
-3.049043e+00 	3.257209e+00 	failed
-3.049043e+00 	3.387497e+00 	failed
-3.049043e+00 	3.517785e+00 	failed
-3.049043e+00 	3.648074e+00 	failed
-3.049043e+00 	3.778362e+00 	failed
-3.049043e+00 	3.908650e+00 	failed

-2.788466e+00 	0.000000e+00 	-2.571318e+00
-2.788466e+00 	1.302883e-01 	-3.145087e+00
-2.788466e+00 	2.605767e-01 	-3.500354e+00
-2.788466e+00 	3.908650e-01 	-3.354928e+00
-2.788466e+00 	5.211534e-01 	-2.541917e+00
-2.788466e+00 	6.514417e-01 	-1.308899e+00
-2.788466e+00 	7.817301e-01 	-2.353551e-01
-2.788466e+00 	9.120184e-01 	3.434833e-01
-2.788466e+00 	1.042307e+00 	5.259255e-01
-2.788466e+00 	1.172595e+00 	5.044428e-01
-2.788466e+00 	1.302883e+00 	3.817848e-01
-2.788466e+00 	1.433172e+00 	2.150532e-01
-2.788466e+00 	1.563460e+00 	4.653087e-02
-2.788466e+00 	1.693748e+00 	-1.189508e-01
-2.788466e+00 	1.824037e+00 	-3.183868e-01
-2.788466e+00 	1.954325e+00 	-6.018657e-01
-2.788466e+00 	2.084614e+00 	-9.981870e-01
-2.788466e+00 	2.214902e+00 	-1.496384e+00
-2.788466e+00 	2.345190e+00 	-2.049011e+00
-2.788466e+00 	2.475479e+00 	-2.588331e+00
-2.788466e+00 	2.605767e+00 	-3.044599e+00
-2.788466e+00 	2.736055e+00 	-3.360985e+00
-2.788466e+00 	2.866344e+00 	-3.504106e+00
-2.788466e+00 	2.996632e+00 	-3.468956e+00
-2.788466e+00 	3.126920e+00 	-nan
-2.788466e+00 	3.257209e+00 	-nan
-2.788466e+00 	3.387497e+00 	failed
-2.788466e+00 	3.517785e+00 	failed
-2.788466e+00 	3.648074e+00 	failed
-2.788466e+00 	3.778362e+00 	failed
-2.788466e+00 	3.908650e+00 	failed

-2.527890e+00 	0.000000e+00 	-2.568636e+00
-2.527890e+00 	1.302883e-01 	-3.142487e+00
-2.527890e+00 	2.605767e-01 	-3.499391e+00
-2.527890e+00 	3.908650e-01 	-3.358835e+00
-2.527890e+00 	5.211534e-01 	-2.555281e+00
-2.527890e+00 	6.514417e-01 	-1.334810e+00
-2.527890e+00 	7.817301e-01 	-2.721571e-01
-2.527890e+00 	9.120184e-01 	3.005668e-01
-2.527890e+00 	1.042307e+00 	4.807434e-01
-2.527890e+00 	1.172595e+00 	4.589916e-01
-2.527890e+00 	1.302883e+00 	3.372616e-01
-2.527890e+00 	1.433172e+00 	1.726935e-01
-2.527890e+00 	1.563460e+00 	7.413160e-03
-2.527890e+00 	1.693748e+00 	-1.547091e-01
-2.527890e+00 	1.824037e+00 	-3.503951e-01
-2.527890e+00 	1.954325e+00 	-6.292893e-01
-2.527890e+00 	2.084614e+00 	-1.020213e+00
-2.527890e+00 	2.214902e+00 	-1.512621e+00
-2.527890e+00 	2.345190e+00 	-2.059624e+00
-2.527890e+00 	2.475479e+00 	-2.593967e+00
-2.527890e+00 	2.605767e+00 	-3.046213e+00
-2.527890e+00 	2.736055e+00 	-3.359654e+00
-2.527890e+00 	2.866344e+00 	-3.500866e+00
-2.527890e+00 	2.996632e+00 	-3.464686e+00
-2.527890e+00 	3.126920e+00 	-nan
-2.527890e+00 	3.257209e+00 	-nan
-2.527890e+00 	3.387497e+00 	-nan
-2.527890e+00 	3.517785e+00 	failed
-2.527890e+00 	3.648074e+00 	failed
-2.527890e+00 	3.778362e+00 	failed
-2.527890e+00 	3.908650e+00 	failed

-2.267313e+00 	0.000000e+00 	-2.563742e+00
-2.267313e+00 	1.302883e-01 	-3.137734e+00
-2.267313e+00 	2.605767e-01 	-3.497586e+00
-2.267313e+00 	3.908650e-01 	-3.365818e+00
-2.267313e+00 	5.211534e-01 	-2.579317e+00
-2.267313e+00 	6.514417e-01 	-1.381439e+00
-2.267313e+00 	7.817301e-01 	-3.383622e-01
-2.267313e+00 	9.120184e-01 	2.234175e-01
-2.267313e+00 	1.042307e+00 	3.996383e-01
-2.267313e+00 	1.172595e+00 	3.776639e-01
-2.267313e+00 	1.302883e+00 	2.581789e-01
-2.267313e+00 	1.433172e+00 	9.838348e-02
-2.267313e+00 	1.563460e+00 	-6.078201e-02
-2.267313e+00 	1.693748e+00 	-2.168555e-01
-2.267313e+00 	1.824037e+00 	-4.058473e-01
-2.267313e+00 	1.954325e+00 	-6.766069e-01
-2.267313e+00 	2.084614e+00 	-1.057958e+00
-2.267313e+00 	2.214902e+00 	-1.540071e+00
-2.267313e+00 	2.345190e+00 	-2.077032e+00
-2.267313e+00 	2.475479e+00 	-2.602451e+00
-2.267313e+00 	2.605767e+00 	-3.047460e+00
-2.267313e+00 	2.736055e+00 	-3.355583e+00
-2.267313e+00 	2.866344e+00 	-3.493337e+00
-2.267313e+00 	2.996632e+00 	-3.455286e+00
-2.267313e+00 	3.126920e+00 	-nan
-2.267313e+00 	3.257209e+00 	-nan
-2.267313e+00 	3.387497e+00 	-nan
-2.267313e+00 	3.517785e+00 	-nan
-2.267313e+00 	3.648074e+00 	failed
-2.267313e+00 	3.778362e+00 	failed
-2.267313e+00 	3.908650e+00 	failed

-2.006736e+00 	0.000000e+00 	-2.554806e+00
-2.006736e+00 	1.302883e-01 	-3.129016e+00
-2.006736e+00 	2.605767e-01 	-3.494131e+00
-2.006736e+00 	3.908650e-01 	-3.378094e+00
-2.006736e+00 	5.211534e-01 	-2.622079e+00
-2.006736e+00 	6.514417e-01 	-1.464493e+00
-2.006736e+00 	7.817301e-01 	-4.562151e-01
-2.006736e+00 	9.120184e-01 	8.625689e-02
-2.006736e+00 	1.042307e+00 	2.558066e-01
-2.006736e+00 	1.172595e+00 	2.342014e-01
-2.006736e+00 	1.302883e+00 	1.201423e-01
-2.006736e+00 	1.433172e+00 	-2.972975e-02
-2.006736e+00 	1.563460e+00 	-1.777689e-01
-2.006736e+00 	1.693748e+00 	-3.231238e-01
-2.006736e+00 	1.824037e+00 	-5.003755e-01
-2.006736e+00 	1.954325e+00 	-7.569512e-01
-2.006736e+00 	2.084614e+00 	-1.121595e+00
-2.006736e+00 	2.214902e+00 	-1.585651e+00
-2.006736e+00 	2.345190e+00 	-2.104897e+00
-2.006736e+00 	2.475479e+00 	-2.614482e+00
-2.006736e+00 	2.605767e+00 	-3.046582e+00
-2.006736e+00 	2.736055e+00 	-3.345176e+00
-2.006736e+00 	2.866344e+00 	-3.476710e+00
-2.006736e+00 	2.996632e+00 	-3.435286e+00
-2.006736e+00 	3.126920e+00 	-nan
-2.006736e+00 	3.257209e+00 	-nan
-2.006736e+00 	3.387497e+00 	-nan
-2.006736e+00 	3.517785e+00 	-nan
-2.006736e+00 	3.648074e+00 	-nan
-2.006736e+00 	3.778362e+00 	failed
-2.006736e+00 	3.908650e+00 	failed

-1.746159e+00 	0.000000e+00 	-2.538460e+00
-1.746159e+00 	1.302883e-01 	-3.112944e+00
-1.746159e+00 	2.605767e-01 	-3.487293e+00
-1.746159e+00 	3.908650e-01 	-3.399005e+00
-1.746159e+00 	5.211534e-01 	-2.696645e+00
-1.746159e+00 	6.514417e-01 	-1.609658e+00
-1.746159e+00 	7.817301e-01 	-6.620136e-01
-1.746159e+00 	9.120184e-01 	-1.527370e-01
-1.746159e+00 	1.042307e+00 	6.244049e-03
-1.746159e+00 	1.172595e+00 	-1.267151e-02
-1.746159e+00 	1.302883e+00 	-1.142424e-01
-1.746159e+00 	1.433172e+00 	-2.449323e-01
-1.746159e+00 	1.563460e+00 	-3.734032e-01
-1.746159e+00 	1.693748e+00 	-5.002294e-01
-1.746159e+00 	1.824037e+00 	-6.574262e-01
-1.746159e+00 	1.954325e+00 	-8.899081e-01
-1.746159e+00 	2.084614e+00 	-1.226090e+00
-1.746159e+00 	2.214902e+00 	-1.659161e+00
-1.746159e+00 	2.345190e+00 	-2.147743e+00
-1.746159e+00 	2.475479e+00 	-2.629691e+00
-1.746159e+00 	2.605767e+00 	-3.039089e+00
-1.746159e+00 	2.736055e+00 	-3.320823e+00
-1.746159e+00 	2.866344e+00 	-3.441303e+00
-1.746159e+00 	2.996632e+00 	-3.393874e+00
-1.746159e+00 	3.126920e+00 	-nan
-1.746159e+00 	3.257209e+00 	-nan
-1.746159e+00 	3.387497e+00 	-nan
-1.746159e+00 	3.517785e+00 	-nan
-1.746159e+00 	3.648074e+00 	-nan
-1.746159e+00 	3.778362e+00 	-nan
-1.746159e+00 	3.908650e+00 	-nan

-1.485583e+00 	0.000000e+00 	-2.508465e+00
-1.485583e+00 	1.302883e-01 	-3.083053e+00
-1.485583e+00 	2.605767e-01 	-3.473078e+00
-1.485583e+00 	3.908650e-01 	-3.432428e+00
-1.485583e+00 	5.211534e-01 	-2.821841e+00
-1.485583e+00 	6.514417e-01 	-1.854689e+00
-1.485583e+00 	7.817301e-01 	-1.008958e+00
-1.485583e+00 	9.120184e-01 	-5.542224e-01
-1.485583e+00 	1.042307e+00 	-4.102067e-01
-1.485583e+00 	1.172595e+00 	-4.198714e-01
-1.485583e+00 	1.302883e+00 	-4.952919e-01
-1.485583e+00 	1.433172e+00 	-5.917507e-01
-1.485583e+00 	1.563460e+00 	-6.872463e-01
-1.485583e+00 	1.693748e+00 	-7.832521e-01
-1.485583e+00 	1.824037e+00 	-9.075271e-01
-1.485583e+00 	1.954325e+00 	-1.100684e+00
-1.485583e+00 	2.084614e+00 	-1.390180e+00
-1.485583e+00 	2.214902e+00 	-1.771877e+00
-1.485583e+00 	2.345190e+00 	-2.208980e+00
-1.485583e+00 	2.475479e+00 	-2.643968e+00
-1.485583e+00 	2.605767e+00 	-3.014383e+00
-1.485583e+00 	2.736055e+00 	-3.266914e+00
-1.485583e+00 	2.866344e+00 	-3.368134e+00
-1.485583e+00 	2.996632e+00 	-3.310227e+00
-1.485583e+00 	3.126920e+00 	-nan
-1.485583e+00 	3.257209e+00 	-nan
-1.485583e+00 	3.387497e+00 	-nan
-1.485583e+00 	3.517785e+00 	-nan
-1.485583e+00 	3.648074e+00 	-nan
-1.485583e+00 	3.778362e+00 	-nan
-1.485583e+00 	3.908650e+00 	-nan

-1.225006e+00 	0.000000e+00 	-2.453132e+00
-1.225006e+00 	1.302883e-01 	-3.026644e+00
-1.225006e+00 	2.605767e-01 	-3.441621e+00
-1.225006e+00 	3.908650e-01 	-3.478711e+00
-1.225006e+00 	5.211534e-01 	-3.017114e+00
-1.225006e+00 	6.514417e-01 	-2.242037e+00
-1.225006e+00 	7.817301e-01 	-1.557016e+00
-1.225006e+00 	9.120184e-01 	-1.185176e+00
-1.225006e+00 	1.042307e+00 	-1.058458e+00
-1.225006e+00 	1.172595e+00 	-1.044793e+00
-1.225006e+00 	1.302883e+00 	-1.072335e+00
-1.225006e+00 	1.433172e+00 	-1.113165e+00
-1.225006e+00 	1.563460e+00 	-1.156582e+00
-1.225006e+00 	1.693748e+00 	-1.204338e+00
-1.225006e+00 	1.824037e+00 	-1.277789e+00
-1.225006e+00 	1.954325e+00 	-1.410625e+00
-1.225006e+00 	2.084614e+00 	-1.627986e+00
-1.225006e+00 	2.214902e+00 	-1.929077e+00
-1.225006e+00 	2.345190e+00 	-2.283969e+00
-1.225006e+00 	2.475479e+00 	-2.642664e+00
-1.225006e+00 	2.605767e+00 	-2.948774e+00
-1.225006e+00 	2.736055e+00 	-3.152543e+00
-1.225006e+00 	2.866344e+00 	-3.221352e+00
-1.225006e+00 	2.996632e+00 	-3.145832e+00
-1.225006e+00 	3.126920e+00 	-nan
-1.225006e+00 	3.257209e+00 	-nan
-1.225006e+00 	3.387497e+00 	-nan
-1.225006e+00 	3.517785e+00 	-nan
-1.225006e+00 	3.648074e+00 	-nan
-1.225006e+00 	3.778362e+00 	-nan
-1.225006e+00 	3.908650e+00 	-nan

