#kT				rhoF			rhoS			muCoex			freeEnergy		Ngrid			Cvac			alpha			
3.00000000e-01 	1.85599136e-05 	1.15208683e+00 	-1.08968278e+01 	-1.85495413e-05 	1.21061195e+02 	1.90755952e-03 	1.32306005e+03 	
3.20000000e-01 	5.78798258e-05 	1.15261445e+00 	-9.75998747e+00 	-5.78614069e-05 	1.21041696e+02 	1.93358082e-03 	1.32352385e+03 	
3.40000000e-01 	1.57648651e-04 	1.15320051e+00 	-8.75723466e+00 	-1.57488208e-04 	1.21020428e+02 	1.95297492e-03 	1.32400924e+03 	
3.60000000e-01 	3.86019159e-04 	1.15354968e+00 	-7.86618143e+00 	-3.85091124e-04 	1.21008343e+02 	1.94980601e-03 	1.32427684e+03 	
3.80000000e-01 	8.59645058e-04 	1.15407126e+00 	-7.06869362e+00 	-8.55513529e-04 	1.20989564e+02 	1.96377644e-03 	1.32468733e+03 	
4.00000000e-01 	1.78215125e-03 	1.15457377e+00 	-6.35054961e+00 	-1.76564696e-03 	1.20971474e+02 	1.97746625e-03 	1.32580049e+03 	
4.20000000e-01 	3.46353049e-03 	1.15502717e+00 	-5.70007527e+00 	-3.40557528e-03 	1.20955142e+02 	1.99029574e-03 	1.32759526e+03 	
4.40000000e-01 	6.41295327e-03 	1.15543925e+00 	-5.10757092e+00 	-6.22806290e-03 	1.20940300e+02 	2.00209726e-03 	1.32985013e+03 	
4.60000000e-01 	1.14973237e-02 	1.15581450e+00 	-4.56462839e+00 	-1.09410130e-02 	1.20926812e+02 	2.01233839e-03 	1.33243882e+03 	
4.80000000e-01 	2.01835828e-02 	1.15615267e+00 	-4.06386435e+00 	-1.85860285e-02 	1.20914650e+02 	2.02183247e-03 	1.33515999e+03 	
5.00000000e-01 	3.53874552e-02 	1.15645996e+00 	-3.59840778e+00 	-3.08759731e-02 	1.20903601e+02 	2.03052004e-03 	1.33798352e+03 	
5.05000000e-01 	4.09717721e-02 	1.15653300e+00 	-3.48668678e+00 	-3.50505861e-02 	1.20900981e+02 	2.03244647e-03 	1.33868528e+03 	
5.10000000e-01 	4.76280613e-02 	1.15660466e+00 	-3.37657055e+00 	-3.98055026e-02 	1.20898409e+02 	2.03438250e-03 	1.33945425e+03 	
5.15000000e-01 	5.56970910e-02 	1.15667518e+00 	-3.26789468e+00 	-4.52563017e-02 	1.20895879e+02 	2.03624820e-03 	1.34015033e+03 	
5.20000000e-01 	6.56927593e-02 	1.15676137e+00 	-3.16052892e+00 	-5.15515255e-02 	1.20893418e+02 	2.02287335e-03 	1.32941433e+03 	
5.25000000e-01 	7.84751324e-02 	1.15684207e+00 	-3.05430875e+00 	-5.89011182e-02 	1.20891063e+02 	2.01159548e-03 	1.32053808e+03 	
5.30000000e-01 	9.56921722e-02 	1.15692043e+00 	-2.94887707e+00 	-6.76380115e-02 	1.20888790e+02 	2.00031503e-03 	1.31015654e+03 	
5.35000000e-01 	1.21145111e-01 	1.15699349e+00 	-2.84368143e+00 	-7.83480765e-02 	1.20886577e+02 	1.99212668e-03 	1.30273930e+03 	
5.40000000e-01 	1.67244416e-01 	1.15706951e+00 	-2.73752029e+00 	-9.23550581e-02 	1.20884346e+02 	1.98182875e-03 	1.29409841e+03 	
5.45000000e-01 	2.63599926e-01 	1.15715763e+00 	-2.62692206e+00 	-1.13616132e-01 	1.20881841e+02 	1.96788398e-03 	1.28214129e+03 	
5.50000000e-01 	3.34975152e-01 	1.15724934e+00 	-2.50943015e+00 	-1.44906313e-01 	1.20878861e+02 	1.96266783e-03 	1.27578529e+03 	
5.55000000e-01 	3.76153068e-01 	1.15735825e+00 	-2.38862037e+00 	-1.82054963e-01 	1.20875653e+02 	1.94824714e-03 	1.26446624e+03 	
5.60000000e-01 	4.05718361e-01 	1.15746310e+00 	-2.26628445e+00 	-2.22912698e-01 	1.20872325e+02 	1.94029459e-03 	1.25680158e+03 	
5.65000000e-01 	4.29120935e-01 	1.15757059e+00 	-2.14329028e+00 	-2.66435155e-01 	1.20868951e+02 	1.93123619e-03 	1.24948661e+03 	
5.70000000e-01 	4.48664709e-01 	1.15767756e+00 	-2.02011853e+00 	-3.12006230e-01 	1.20865566e+02 	1.92291126e-03 	1.24454488e+03 	
5.75000000e-01 	4.65532671e-01 	1.15778663e+00 	-1.89709652e+00 	-3.59202411e-01 	1.20862189e+02 	1.91258199e-03 	1.23237069e+03 	
5.80000000e-01 	4.80413933e-01 	1.15789676e+00 	-1.77449091e+00 	-4.07695749e-01 	1.20858868e+02 	1.89994931e-03 	1.22814239e+03 	
5.85000000e-01 	4.92792128e-01 	1.15950766e+00 	-1.65870250e+00 	-4.54167661e-01 	1.20859856e+02 	4.81911712e-04 	1.22023268e+03 	
5.90000000e-01 	5.04997086e-01 	1.15960779e+00 	-1.53723154e+00 	-5.04594697e-01 	1.20856733e+02 	4.73010790e-04 	1.21235858e+03 	
5.95000000e-01 	5.16184847e-01 	1.15970038e+00 	-1.41651427e+00 	-5.55766230e-01 	1.20853694e+02 	4.68540445e-04 	1.20474039e+03 	
6.00000000e-01 	5.26517835e-01 	1.15978752e+00 	-1.29662406e+00 	-6.07558578e-01 	1.20850755e+02 	4.66291652e-04 	1.19743001e+03 	
6.20000000e-01 	5.61419541e-01 	1.16009192e+00 	-8.26153900e-01 	-8.19229984e-01 	1.20840239e+02 	4.64739564e-04 	1.16915292e+03 	
6.40000000e-01 	5.89325843e-01 	1.16032426e+00 	-3.72312746e-01 	-1.03395413e+00 	1.20832379e+02 	4.59429864e-04 	1.14173586e+03 	
6.60000000e-01 	6.12552390e-01 	1.16047137e+00 	6.44961813e-02 	-1.24915484e+00 	1.20827885e+02 	4.44088496e-04 	1.11509115e+03 	
6.80000000e-01 	6.32438629e-01 	1.16049674e+00 	4.84312593e-01 	-1.46300358e+00 	1.20827362e+02 	4.35135066e-04 	1.08858467e+03 	
7.00000000e-01 	6.49805333e-01 	1.16039506e+00 	8.87436656e-01 	-1.67425209e+00 	1.20831233e+02 	4.26655042e-04 	1.06331472e+03 	
7.20000000e-01 	6.65190798e-01 	1.16016888e+00 	1.27442965e+00 	-1.88215119e+00 	1.20839720e+02 	4.10997952e-04 	1.03693799e+03 	
7.40000000e-01 	6.78987379e-01 	1.15982046e+00 	1.64577288e+00 	-2.08600231e+00 	1.20852849e+02 	3.85587994e-04 	1.01023095e+03 	
7.60000000e-01 	6.91467559e-01 	1.15941482e+00 	2.00193890e+00 	-2.28530236e+00 	1.20868301e+02 	3.52107452e-04 	9.80610979e+02 	
7.80000000e-01 	7.02837794e-01 	1.15901408e+00 	2.34348675e+00 	-2.47973734e+00 	1.20883312e+02 	3.25531892e-04 	9.52869136e+02 	
8.00000000e-01 	7.13265341e-01 	1.15861564e+00 	2.67112992e+00 	-2.66919940e+00 	1.20897916e+02 	3.07220872e-04 	9.26685434e+02 	
8.20000000e-01 	7.22876566e-01 	1.15842479e+00 	2.98542833e+00 	-2.85355471e+00 	1.20906503e+02 	2.59856525e-04 	9.03303918e+02 	
8.40000000e-01 	7.31787433e-01 	1.15819217e+00 	3.28725365e+00 	-3.03296368e+00 	1.20916127e+02 	2.22814232e-04 	8.80737807e+02 	
8.60000000e-01 	7.40092559e-01 	1.15781103e+00 	3.57743508e+00 	-3.20762206e+00 	1.20929399e+02 	2.22651263e-04 	8.58081649e+02 	
8.80000000e-01 	7.47854665e-01 	1.15739923e+00 	3.85636819e+00 	-3.37745737e+00 	1.20943671e+02 	2.24313174e-04 	8.36133819e+02 	
9.00000000e-01 	7.55133484e-01 	1.15701876e+00 	4.12461177e+00 	-3.54255743e+00 	1.20956919e+02 	2.24454684e-04 	8.15417343e+02 	
9.20000000e-01 	7.61980365e-01 	1.15664749e+00 	4.38271516e+00 	-3.70303983e+00 	1.20969832e+02 	2.25075720e-04 	7.95632238e+02 	
9.40000000e-01 	7.68438995e-01 	1.15628593e+00 	4.63119241e+00 	-3.85902803e+00 	1.20982417e+02 	2.25581431e-04 	7.76767718e+02 	
9.60000000e-01 	7.74546989e-01 	1.15593422e+00 	4.87052912e+00 	-4.01065205e+00 	1.20994678e+02 	2.25726760e-04 	7.58745256e+02 	
9.80000000e-01 	7.80337142e-01 	1.15559178e+00 	5.10118872e+00 	-4.15804997e+00 	1.21006633e+02 	2.25561750e-04 	7.41472053e+02 	
1.00000000e+00 	7.85837982e-01 	1.15525786e+00 	5.32360567e+00 	-4.30135950e+00 	1.21018289e+02 	2.25525886e-04 	7.24984246e+02 	
