# x              	y             
0.7 	0.914476
0.700801 	0.914341
0.701602 	0.914207
0.702402 	0.914076
0.703203 	0.913946
0.704004 	0.913818
0.704805 	0.913692
0.705606 	0.913568
0.706406 	0.913446
0.707207 	0.913325
0.708008 	0.913206
0.708809 	0.913088
0.70961 	0.912973
0.71041 	0.912859
0.711211 	0.912747
0.712012 	0.912636
0.712813 	0.912527
0.713614 	0.91242
0.714414 	0.912315
0.715215 	0.912211
0.716016 	0.912109
0.716817 	0.912008
0.717618 	0.911909
0.718418 	0.911811
0.719219 	0.911715
0.72002 	0.911621
0.720821 	0.911528
0.721622 	0.911437
0.722422 	0.911347
0.723223 	0.911258
0.724024 	0.911172
0.724825 	0.911086
0.725626 	0.911002
0.726426 	0.91092
0.727227 	0.910839
0.728028 	0.91076
0.728829 	0.910681
0.72963 	0.910605
0.73043 	0.91053
0.731231 	0.910456
0.732032 	0.910383
0.732833 	0.910312
0.733634 	0.910242
0.734434 	0.910174
0.735235 	0.910107
0.736036 	0.910041
0.736837 	0.909977
0.737638 	0.909913
0.738438 	0.909852
0.739239 	0.909791
0.74004 	0.909732
0.740841 	0.909674
0.741642 	0.909617
0.742442 	0.909562
0.743243 	0.909507
0.744044 	0.909454
0.744845 	0.909402
0.745646 	0.909352
0.746446 	0.909302
0.747247 	0.909254
0.748048 	0.909207
0.748849 	0.909161
0.74965 	0.909116
0.75045 	0.909073
0.751251 	0.90903
0.752052 	0.908989
0.752853 	0.908949
0.753654 	0.90891
0.754454 	0.908872
0.755255 	0.908835
0.756056 	0.908799
0.756857 	0.908764
0.757658 	0.90873
0.758458 	0.908698
0.759259 	0.908666
0.76006 	0.908635
0.760861 	0.908606
0.761662 	0.908577
0.762462 	0.90855
0.763263 	0.908523
0.764064 	0.908498
0.764865 	0.908473
0.765666 	0.90845
0.766466 	0.908427
0.767267 	0.908405
0.768068 	0.908385
0.768869 	0.908365
0.76967 	0.908346
0.77047 	0.908328
0.771271 	0.908311
0.772072 	0.908295
0.772873 	0.90828
0.773674 	0.908266
0.774474 	0.908253
0.775275 	0.90824
0.776076 	0.908229
0.776877 	0.908218
0.777678 	0.908208
0.778478 	0.908199
0.779279 	0.908191
0.78008 	0.908183
0.780881 	0.908177
0.781682 	0.908171
0.782482 	0.908166
0.783283 	0.908162
0.784084 	0.908159
0.784885 	0.908156
0.785686 	0.908155
0.786486 	0.908154
0.787287 	0.908154
0.788088 	0.908154
0.788889 	0.908156
0.78969 	0.908158
0.79049 	0.908161
0.791291 	0.908164
0.792092 	0.908168
0.792893 	0.908174
0.793694 	0.908179
0.794494 	0.908186
0.795295 	0.908193
0.796096 	0.908201
0.796897 	0.908209
0.797698 	0.908219
0.798498 	0.908229
0.799299 	0.908239
0.8001 	0.90825
0.800901 	0.908262
0.801702 	0.908275
0.802503 	0.908288
0.803303 	0.908302
0.804104 	0.908316
0.804905 	0.908332
0.805706 	0.908347
0.806507 	0.908364
0.807307 	0.908381
0.808108 	0.908398
0.808909 	0.908416
0.80971 	0.908435
0.810511 	0.908455
0.811311 	0.908475
0.812112 	0.908495
0.812913 	0.908516
0.813714 	0.908538
0.814515 	0.90856
0.815315 	0.908583
0.816116 	0.908606
0.816917 	0.90863
0.817718 	0.908655
0.818519 	0.90868
0.819319 	0.908705
0.82012 	0.908731
0.820921 	0.908758
0.821722 	0.908785
0.822523 	0.908812
0.823323 	0.908841
0.824124 	0.908869
0.824925 	0.908898
0.825726 	0.908928
0.826527 	0.908958
0.827327 	0.908988
0.828128 	0.909019
0.828929 	0.909051
0.82973 	0.909083
0.830531 	0.909115
0.831331 	0.909148
0.832132 	0.909182
0.832933 	0.909215
0.833734 	0.90925
0.834535 	0.909284
0.835335 	0.909319
0.836136 	0.909355
0.836937 	0.909391
0.837738 	0.909427
0.838539 	0.909464
0.839339 	0.909501
0.84014 	0.909539
0.840941 	0.909577
0.841742 	0.909616
0.842543 	0.909654
0.843343 	0.909694
0.844144 	0.909733
0.844945 	0.909773
0.845746 	0.909814
0.846547 	0.909855
0.847347 	0.909896
0.848148 	0.909937
0.848949 	0.909979
0.84975 	0.910022
0.850551 	0.910064
0.851351 	0.910107
0.852152 	0.910151
0.852953 	0.910194
0.853754 	0.910239
0.854555 	0.910283
0.855355 	0.910328
0.856156 	0.910373
0.856957 	0.910418
0.857758 	0.910464
0.858559 	0.91051
0.859359 	0.910556
0.86016 	0.910603
0.860961 	0.91065
0.861762 	0.910698
0.862563 	0.910745
0.863363 	0.910793
0.864164 	0.910841
0.864965 	0.91089
0.865766 	0.910939
0.866567 	0.910988
0.867367 	0.911038
0.868168 	0.911087
0.868969 	0.911137
0.86977 	0.911188
0.870571 	0.911238
0.871371 	0.911289
0.872172 	0.91134
0.872973 	0.911392
0.873774 	0.911444
0.874575 	0.911496
0.875375 	0.911548
0.876176 	0.9116
0.876977 	0.911653
0.877778 	0.911706
0.878579 	0.911759
0.879379 	0.911813
0.88018 	0.911867
0.880981 	0.911921
0.881782 	0.911975
0.882583 	0.912029
0.883383 	0.912084
0.884184 	0.912139
0.884985 	0.912194
0.885786 	0.91225
0.886587 	0.912305
0.887387 	0.912361
0.888188 	0.912418
0.888989 	0.912474
0.88979 	0.91253
0.890591 	0.912587
0.891391 	0.912644
0.892192 	0.912701
0.892993 	0.912759
0.893794 	0.912817
0.894595 	0.912874
0.895395 	0.912932
0.896196 	0.912991
0.896997 	0.913049
0.897798 	0.913108
0.898599 	0.913167
0.899399 	0.913226
0.9002 	0.913285
0.901001 	0.913344
0.901802 	0.913404
0.902603 	0.913464
0.903403 	0.913524
0.904204 	0.913584
0.905005 	0.913644
0.905806 	0.913705
0.906607 	0.913766
0.907407 	0.913827
0.908208 	0.913888
0.909009 	0.913949
0.90981 	0.91401
0.910611 	0.914072
0.911411 	0.914134
0.912212 	0.914196
0.913013 	0.914258
0.913814 	0.91432
0.914615 	0.914382
0.915415 	0.914445
0.916216 	0.914508
0.917017 	0.914571
0.917818 	0.914634
0.918619 	0.914697
0.919419 	0.91476
0.92022 	0.914824
0.921021 	0.914888
0.921822 	0.914951
0.922623 	0.915015
0.923423 	0.91508
0.924224 	0.915144
0.925025 	0.915208
0.925826 	0.915273
0.926627 	0.915337
0.927427 	0.915402
0.928228 	0.915467
0.929029 	0.915532
0.92983 	0.915598
0.930631 	0.915663
0.931431 	0.915729
0.932232 	0.915794
0.933033 	0.91586
0.933834 	0.915926
0.934635 	0.915992
0.935435 	0.916058
0.936236 	0.916125
0.937037 	0.916191
0.937838 	0.916258
0.938639 	0.916324
0.939439 	0.916391
0.94024 	0.916458
0.941041 	0.916525
0.941842 	0.916592
0.942643 	0.91666
0.943443 	0.916727
0.944244 	0.916795
0.945045 	0.916862
0.945846 	0.91693
0.946647 	0.916998
0.947447 	0.917066
0.948248 	0.917134
0.949049 	0.917202
0.94985 	0.917271
0.950651 	0.917339
0.951451 	0.917408
0.952252 	0.917476
0.953053 	0.917545
0.953854 	0.917614
0.954655 	0.917683
0.955455 	0.917752
0.956256 	0.917822
0.957057 	0.917891
0.957858 	0.91796
0.958659 	0.91803
0.959459 	0.918099
0.96026 	0.918169
0.961061 	0.918239
0.961862 	0.918309
0.962663 	0.918379
0.963463 	0.918449
0.964264 	0.91852
0.965065 	0.91859
0.965866 	0.91866
0.966667 	0.918731
0.967467 	0.918802
0.968268 	0.918872
0.969069 	0.918943
0.96987 	0.919014
0.970671 	0.919085
0.971471 	0.919156
0.972272 	0.919228
0.973073 	0.919299
0.973874 	0.91937
0.974675 	0.919442
0.975475 	0.919514
0.976276 	0.919585
0.977077 	0.919657
0.977878 	0.919729
0.978679 	0.919801
0.979479 	0.919873
0.98028 	0.919945
0.981081 	0.920017
0.981882 	0.92009
0.982683 	0.920162
0.983483 	0.920235
0.984284 	0.920307
0.985085 	0.92038
0.985886 	0.920453
0.986687 	0.920526
0.987487 	0.920599
0.988288 	0.920672
0.989089 	0.920745
0.98989 	0.920818
0.990691 	0.920892
0.991491 	0.920965
0.992292 	0.921038
0.993093 	0.921112
0.993894 	0.921186
0.994695 	0.92126
0.995495 	0.921333
0.996296 	0.921407
0.997097 	0.921481
0.997898 	0.921555
0.998699 	0.92163
0.999499 	0.921704
1.0003 	0.921778
1.0011 	0.921853
1.0019 	0.921927
1.0027 	0.922002
1.0035 	0.922076
1.0043 	0.922151
1.00511 	0.922226
1.00591 	0.922301
1.00671 	0.922376
1.00751 	0.922451
1.00831 	0.922526
1.00911 	0.922602
1.00991 	0.922677
1.01071 	0.922752
1.01151 	0.922828
1.01231 	0.922903
1.01311 	0.922979
1.01391 	0.923055
1.01471 	0.923131
1.01552 	0.923207
1.01632 	0.923283
1.01712 	0.923359
1.01792 	0.923435
1.01872 	0.923511
1.01952 	0.923588
1.02032 	0.923664
1.02112 	0.92374
1.02192 	0.923817
1.02272 	0.923894
1.02352 	0.92397
1.02432 	0.924047
1.02513 	0.924124
1.02593 	0.924201
1.02673 	0.924278
1.02753 	0.924355
1.02833 	0.924433
1.02913 	0.92451
1.02993 	0.924587
1.03073 	0.924665
1.03153 	0.924742
1.03233 	0.92482
1.03313 	0.924898
1.03393 	0.924975
1.03473 	0.925053
1.03554 	0.925131
1.03634 	0.925209
1.03714 	0.925287
1.03794 	0.925365
1.03874 	0.925444
1.03954 	0.925522
1.04034 	0.925601
1.04114 	0.925679
1.04194 	0.925758
1.04274 	0.925836
1.04354 	0.925915
1.04434 	0.925994
1.04515 	0.926073
1.04595 	0.926152
1.04675 	0.926231
1.04755 	0.92631
1.04835 	0.926389
1.04915 	0.926469
1.04995 	0.926548
1.05075 	0.926628
1.05155 	0.926707
1.05235 	0.926787
1.05315 	0.926866
1.05395 	0.926946
1.05475 	0.927026
1.05556 	0.927106
1.05636 	0.927186
1.05716 	0.927266
1.05796 	0.927346
1.05876 	0.927427
1.05956 	0.927507
1.06036 	0.927588
1.06116 	0.927668
1.06196 	0.927749
1.06276 	0.927829
1.06356 	0.92791
1.06436 	0.927991
1.06517 	0.928072
1.06597 	0.928153
1.06677 	0.928234
1.06757 	0.928315
1.06837 	0.928397
1.06917 	0.928478
1.06997 	0.928559
1.07077 	0.928641
1.07157 	0.928723
1.07237 	0.928804
1.07317 	0.928886
1.07397 	0.928968
1.07477 	0.92905
1.07558 	0.929132
1.07638 	0.929214
1.07718 	0.929296
1.07798 	0.929378
1.07878 	0.929461
1.07958 	0.929543
1.08038 	0.929625
1.08118 	0.929708
1.08198 	0.929791
1.08278 	0.929873
1.08358 	0.929956
1.08438 	0.930039
1.08519 	0.930122
1.08599 	0.930205
1.08679 	0.930288
1.08759 	0.930372
1.08839 	0.930455
1.08919 	0.930538
1.08999 	0.930622
1.09079 	0.930705
1.09159 	0.930789
1.09239 	0.930873
1.09319 	0.930956
1.09399 	0.93104
1.09479 	0.931124
1.0956 	0.931208
1.0964 	0.931292
1.0972 	0.931377
1.098 	0.931461
1.0988 	0.931545
1.0996 	0.93163
1.1004 	0.931714
1.1012 	0.931799
1.102 	0.931884
1.1028 	0.931968
1.1036 	0.932053
1.1044 	0.932138
1.10521 	0.932223
1.10601 	0.932308
1.10681 	0.932393
1.10761 	0.932479
1.10841 	0.932564
1.10921 	0.932649
1.11001 	0.932735
1.11081 	0.932821
1.11161 	0.932906
1.11241 	0.932992
1.11321 	0.933078
1.11401 	0.933164
1.11481 	0.93325
1.11562 	0.933336
1.11642 	0.933422
1.11722 	0.933508
1.11802 	0.933595
1.11882 	0.933681
1.11962 	0.933767
1.12042 	0.933854
1.12122 	0.933941
1.12202 	0.934027
1.12282 	0.934114
1.12362 	0.934201
1.12442 	0.934288
1.12523 	0.934375
1.12603 	0.934462
1.12683 	0.934549
1.12763 	0.934636
1.12843 	0.934724
1.12923 	0.934811
1.13003 	0.934899
1.13083 	0.934986
1.13163 	0.935074
1.13243 	0.935162
1.13323 	0.935249
1.13403 	0.935337
1.13483 	0.935425
1.13564 	0.935513
1.13644 	0.935601
1.13724 	0.93569
1.13804 	0.935778
1.13884 	0.935866
1.13964 	0.935955
1.14044 	0.936043
1.14124 	0.936132
1.14204 	0.93622
1.14284 	0.936309
1.14364 	0.936398
1.14444 	0.936487
1.14525 	0.936576
1.14605 	0.936665
1.14685 	0.936754
1.14765 	0.936843
1.14845 	0.936932
1.14925 	0.937022
1.15005 	0.937111
1.15085 	0.9372
1.15165 	0.93729
1.15245 	0.93738
1.15325 	0.937469
1.15405 	0.937559
1.15485 	0.937649
1.15566 	0.937739
1.15646 	0.937829
1.15726 	0.937919
1.15806 	0.938009
1.15886 	0.938099
1.15966 	0.938189
1.16046 	0.93828
1.16126 	0.93837
1.16206 	0.93846
1.16286 	0.938551
1.16366 	0.938642
1.16446 	0.938732
1.16527 	0.938823
1.16607 	0.938914
1.16687 	0.939005
1.16767 	0.939095
1.16847 	0.939186
1.16927 	0.939278
1.17007 	0.939369
1.17087 	0.93946
1.17167 	0.939551
1.17247 	0.939642
1.17327 	0.939734
1.17407 	0.939825
1.17487 	0.939917
1.17568 	0.940008
1.17648 	0.9401
1.17728 	0.940192
1.17808 	0.940283
1.17888 	0.940375
1.17968 	0.940467
1.18048 	0.940559
1.18128 	0.940651
1.18208 	0.940743
1.18288 	0.940835
1.18368 	0.940928
1.18448 	0.94102
1.18529 	0.941112
1.18609 	0.941204
1.18689 	0.941297
1.18769 	0.941389
1.18849 	0.941482
1.18929 	0.941575
1.19009 	0.941667
1.19089 	0.94176
1.19169 	0.941853
1.19249 	0.941945
1.19329 	0.942038
1.19409 	0.942131
1.19489 	0.942224
1.1957 	0.942317
1.1965 	0.94241
1.1973 	0.942503
1.1981 	0.942597
1.1989 	0.94269
1.1997 	0.942783
1.2005 	0.942876
1.2013 	0.94297
1.2021 	0.943063
1.2029 	0.943157
1.2037 	0.94325
1.2045 	0.943344
1.20531 	0.943437
1.20611 	0.943531
1.20691 	0.943625
1.20771 	0.943719
1.20851 	0.943812
1.20931 	0.943906
1.21011 	0.944
1.21091 	0.944094
1.21171 	0.944188
1.21251 	0.944282
1.21331 	0.944376
1.21411 	0.94447
1.21491 	0.944564
1.21572 	0.944659
1.21652 	0.944753
1.21732 	0.944847
1.21812 	0.944941
1.21892 	0.945036
1.21972 	0.94513
1.22052 	0.945225
1.22132 	0.945319
1.22212 	0.945413
1.22292 	0.945508
1.22372 	0.945603
1.22452 	0.945697
1.22533 	0.945792
1.22613 	0.945886
1.22693 	0.945981
1.22773 	0.946076
1.22853 	0.946171
1.22933 	0.946265
1.23013 	0.94636
1.23093 	0.946455
1.23173 	0.94655
1.23253 	0.946645
1.23333 	0.94674
1.23413 	0.946835
1.23493 	0.94693
1.23574 	0.947025
1.23654 	0.94712
1.23734 	0.947215
1.23814 	0.94731
1.23894 	0.947405
1.23974 	0.9475
1.24054 	0.947595
1.24134 	0.94769
1.24214 	0.947785
1.24294 	0.947881
1.24374 	0.947976
1.24454 	0.948071
1.24535 	0.948166
1.24615 	0.948262
1.24695 	0.948357
1.24775 	0.948452
1.24855 	0.948548
1.24935 	0.948643
1.25015 	0.948738
1.25095 	0.948834
1.25175 	0.948929
1.25255 	0.949024
1.25335 	0.94912
1.25415 	0.949215
1.25495 	0.949311
1.25576 	0.949406
1.25656 	0.949502
1.25736 	0.949597
1.25816 	0.949693
1.25896 	0.949788
1.25976 	0.949884
1.26056 	0.949979
1.26136 	0.950074
1.26216 	0.95017
1.26296 	0.950265
1.26376 	0.950361
1.26456 	0.950456
1.26537 	0.950552
1.26617 	0.950647
1.26697 	0.950743
1.26777 	0.950839
1.26857 	0.950934
1.26937 	0.95103
1.27017 	0.951125
1.27097 	0.951221
1.27177 	0.951316
1.27257 	0.951412
1.27337 	0.951507
1.27417 	0.951603
1.27497 	0.951698
1.27578 	0.951793
1.27658 	0.951889
1.27738 	0.951984
1.27818 	0.95208
1.27898 	0.952175
1.27978 	0.952271
1.28058 	0.952366
1.28138 	0.952462
1.28218 	0.952557
1.28298 	0.952652
1.28378 	0.952748
1.28458 	0.952843
1.28539 	0.952939
1.28619 	0.953034
1.28699 	0.953129
1.28779 	0.953224
1.28859 	0.95332
1.28939 	0.953415
1.29019 	0.95351
1.29099 	0.953606
1.29179 	0.953701
1.29259 	0.953796
1.29339 	0.953891
1.29419 	0.953986
1.29499 	0.954081
1.2958 	0.954177
1.2966 	0.954272
1.2974 	0.954367
1.2982 	0.954462
1.299 	0.954557
1.2998 	0.954652
1.3006 	0.954747
1.3014 	0.954842
1.3022 	0.954937
1.303 	0.955032
1.3038 	0.955126
1.3046 	0.955221
1.30541 	0.955316
1.30621 	0.955411
1.30701 	0.955506
1.30781 	0.9556
1.30861 	0.955695
1.30941 	0.95579
1.31021 	0.955884
1.31101 	0.955979
1.31181 	0.956074
1.31261 	0.956168
1.31341 	0.956263
1.31421 	0.956357
1.31502 	0.956452
1.31582 	0.956546
1.31662 	0.95664
1.31742 	0.956735
1.31822 	0.956829
1.31902 	0.956923
1.31982 	0.957017
1.32062 	0.957112
1.32142 	0.957206
1.32222 	0.9573
1.32302 	0.957394
1.32382 	0.957488
1.32462 	0.957582
1.32543 	0.957676
1.32623 	0.95777
1.32703 	0.957864
1.32783 	0.957957
1.32863 	0.958051
1.32943 	0.958145
1.33023 	0.958239
1.33103 	0.958332
1.33183 	0.958426
1.33263 	0.958519
1.33343 	0.958613
1.33423 	0.958706
1.33504 	0.9588
1.33584 	0.958893
1.33664 	0.958986
1.33744 	0.95908
1.33824 	0.959173
1.33904 	0.959266
1.33984 	0.959359
1.34064 	0.959452
1.34144 	0.959545
1.34224 	0.959638
1.34304 	0.959731
1.34384 	0.959824
1.34464 	0.959917
1.34545 	0.96001
1.34625 	0.960103
1.34705 	0.960195
1.34785 	0.960288
1.34865 	0.960381
1.34945 	0.960473
1.35025 	0.960566
1.35105 	0.960658
1.35185 	0.960751
1.35265 	0.960843
1.35345 	0.960935
1.35425 	0.961027
1.35506 	0.96112
1.35586 	0.961212
1.35666 	0.961304
1.35746 	0.961396
1.35826 	0.961488
1.35906 	0.96158
1.35986 	0.961672
1.36066 	0.961764
1.36146 	0.961855
1.36226 	0.961947
1.36306 	0.962039
1.36386 	0.96213
1.36466 	0.962222
1.36547 	0.962314
1.36627 	0.962405
1.36707 	0.962496
1.36787 	0.962588
1.36867 	0.962679
1.36947 	0.96277
1.37027 	0.962862
1.37107 	0.962953
1.37187 	0.963044
1.37267 	0.963135
1.37347 	0.963226
1.37427 	0.963317
1.37508 	0.963408
1.37588 	0.963499
1.37668 	0.96359
1.37748 	0.96368
1.37828 	0.963771
1.37908 	0.963862
1.37988 	0.963952
1.38068 	0.964043
1.38148 	0.964133
1.38228 	0.964224
1.38308 	0.964314
1.38388 	0.964405
1.38468 	0.964495
1.38549 	0.964585
1.38629 	0.964675
1.38709 	0.964766
1.38789 	0.964856
1.38869 	0.964946
1.38949 	0.965036
1.39029 	0.965126
1.39109 	0.965216
1.39189 	0.965306
1.39269 	0.965396
1.39349 	0.965485
1.39429 	0.965575
1.3951 	0.965665
1.3959 	0.965755
1.3967 	0.965844
1.3975 	0.965934
1.3983 	0.966023
1.3991 	0.966113
1.3999 	0.966202
1.4007 	0.966292
1.4015 	0.966381
1.4023 	0.966471
1.4031 	0.96656
1.4039 	0.966649
1.4047 	0.966739
1.40551 	0.966828
1.40631 	0.966917
1.40711 	0.967006
1.40791 	0.967096
1.40871 	0.967185
1.40951 	0.967274
1.41031 	0.967363
1.41111 	0.967452
1.41191 	0.967541
1.41271 	0.96763
1.41351 	0.967719
1.41431 	0.967808
1.41512 	0.967897
1.41592 	0.967986
1.41672 	0.968075
1.41752 	0.968163
1.41832 	0.968252
1.41912 	0.968341
1.41992 	0.96843
1.42072 	0.968519
1.42152 	0.968607
1.42232 	0.968696
1.42312 	0.968785
1.42392 	0.968874
1.42472 	0.968963
1.42553 	0.969051
1.42633 	0.96914
1.42713 	0.969229
1.42793 	0.969317
1.42873 	0.969406
1.42953 	0.969495
1.43033 	0.969584
1.43113 	0.969672
1.43193 	0.969761
1.43273 	0.96985
1.43353 	0.969939
1.43433 	0.970027
1.43514 	0.970116
1.43594 	0.970205
1.43674 	0.970294
1.43754 	0.970382
1.43834 	0.970471
1.43914 	0.97056
1.43994 	0.970649
1.44074 	0.970738
1.44154 	0.970827
1.44234 	0.970916
1.44314 	0.971005
1.44394 	0.971094
1.44474 	0.971183
1.44555 	0.971272
1.44635 	0.971361
1.44715 	0.97145
1.44795 	0.971539
1.44875 	0.971628
1.44955 	0.971717
1.45035 	0.971807
1.45115 	0.971896
1.45195 	0.971985
1.45275 	0.972075
1.45355 	0.972164
1.45435 	0.972254
1.45516 	0.972344
1.45596 	0.972433
1.45676 	0.972523
1.45756 	0.972613
1.45836 	0.972703
1.45916 	0.972793
1.45996 	0.972883
1.46076 	0.972973
1.46156 	0.973063
1.46236 	0.973153
1.46316 	0.973243
1.46396 	0.973334
1.46476 	0.973424
1.46557 	0.973515
1.46637 	0.973605
1.46717 	0.973696
1.46797 	0.973787
1.46877 	0.973878
1.46957 	0.973969
1.47037 	0.97406
1.47117 	0.974152
1.47197 	0.974243
1.47277 	0.974334
1.47357 	0.974426
1.47437 	0.974518
1.47518 	0.97461
1.47598 	0.974702
1.47678 	0.974794
1.47758 	0.974886
1.47838 	0.974978
1.47918 	0.975071
1.47998 	0.975164
1.48078 	0.975257
1.48158 	0.97535
1.48238 	0.975443
1.48318 	0.975536
1.48398 	0.975629
1.48478 	0.975723
1.48559 	0.975817
1.48639 	0.975911
1.48719 	0.976005
1.48799 	0.976099
1.48879 	0.976194
1.48959 	0.976288
1.49039 	0.976383
1.49119 	0.976478
1.49199 	0.976573
1.49279 	0.976669
1.49359 	0.976764
1.49439 	0.97686
1.4952 	0.976956
1.496 	0.977053
1.4968 	0.977149
1.4976 	0.977246
1.4984 	0.977343
1.4992 	0.97744
1.5 	0.977537
