# x              	y             
0.5 	4.70988e-05
0.50038 	4.69478e-05
0.500761 	4.68203e-05
0.501141 	4.67158e-05
0.501522 	4.66342e-05
0.501902 	4.65752e-05
0.502282 	4.65386e-05
0.502663 	4.65241e-05
0.503043 	4.65315e-05
0.503423 	4.65605e-05
0.503804 	4.66109e-05
0.504184 	4.66824e-05
0.504565 	4.67748e-05
0.504945 	4.6888e-05
0.505325 	4.70216e-05
0.505706 	4.71755e-05
0.506086 	4.73494e-05
0.506466 	4.75431e-05
0.506847 	4.77563e-05
0.507227 	4.7989e-05
0.507608 	4.82408e-05
0.507988 	4.85116e-05
0.508368 	4.88012e-05
0.508749 	4.91093e-05
0.509129 	4.94358e-05
0.50951 	4.97804e-05
0.50989 	5.01431e-05
0.51027 	5.05235e-05
0.510651 	5.09215e-05
0.511031 	5.1337e-05
0.511411 	5.17696e-05
0.511792 	5.22194e-05
0.512172 	5.2686e-05
0.512553 	5.31694e-05
0.512933 	5.36692e-05
0.513313 	5.41855e-05
0.513694 	5.4718e-05
0.514074 	5.52665e-05
0.514454 	5.58309e-05
0.514835 	5.64111e-05
0.515215 	5.70068e-05
0.515596 	5.76179e-05
0.515976 	5.82444e-05
0.516356 	5.88859e-05
0.516737 	5.95425e-05
0.517117 	6.02139e-05
0.517497 	6.09e-05
0.517878 	6.16007e-05
0.518258 	6.23159e-05
0.518639 	6.30453e-05
0.519019 	6.37889e-05
0.519399 	6.45466e-05
0.51978 	6.53182e-05
0.52016 	6.61036e-05
0.520541 	6.69027e-05
0.520921 	6.77154e-05
0.521301 	6.85415e-05
0.521682 	6.9381e-05
0.522062 	7.02337e-05
0.522442 	7.10995e-05
0.522823 	7.19783e-05
0.523203 	7.28701e-05
0.523584 	7.37747e-05
0.523964 	7.4692e-05
0.524344 	7.5622e-05
0.524725 	7.65645e-05
0.525105 	7.75194e-05
0.525485 	7.84867e-05
0.525866 	7.94662e-05
0.526246 	8.04579e-05
0.526627 	8.14617e-05
0.527007 	8.24776e-05
0.527387 	8.35053e-05
0.527768 	8.4545e-05
0.528148 	8.55964e-05
0.528529 	8.66595e-05
0.528909 	8.77343e-05
0.529289 	8.88207e-05
0.52967 	8.99186e-05
0.53005 	9.10279e-05
0.53043 	9.21486e-05
0.530811 	9.32807e-05
0.531191 	9.4424e-05
0.531572 	9.55785e-05
0.531952 	9.67442e-05
0.532332 	9.7921e-05
0.532713 	9.91089e-05
0.533093 	0.000100308
0.533473 	0.000101518
0.533854 	0.000102738
0.534234 	0.00010397
0.534615 	0.000105213
0.534995 	0.000106466
0.535375 	0.00010773
0.535756 	0.000109005
0.536136 	0.000110291
0.536517 	0.000111587
0.536897 	0.000112894
0.537277 	0.000114211
0.537658 	0.000115539
0.538038 	0.000116878
0.538418 	0.000118227
0.538799 	0.000119587
0.539179 	0.000120957
0.53956 	0.000122338
0.53994 	0.000123729
0.54032 	0.000125131
0.540701 	0.000126543
0.541081 	0.000127966
0.541461 	0.000129399
0.541842 	0.000130843
0.542222 	0.000132297
0.542603 	0.000133761
0.542983 	0.000135236
0.543363 	0.000136721
0.543744 	0.000138217
0.544124 	0.000139723
0.544505 	0.00014124
0.544885 	0.000142767
0.545265 	0.000144305
0.545646 	0.000145853
0.546026 	0.000147411
0.546406 	0.00014898
0.546787 	0.00015056
0.547167 	0.00015215
0.547548 	0.000153751
0.547928 	0.000155362
0.548308 	0.000156984
0.548689 	0.000158617
0.549069 	0.00016026
0.549449 	0.000161914
0.54983 	0.000163578
0.55021 	0.000165254
0.550591 	0.00016694
0.550971 	0.000168636
0.551351 	0.000170344
0.551732 	0.000172063
0.552112 	0.000173792
0.552492 	0.000175533
0.552873 	0.000177284
0.553253 	0.000179047
0.553634 	0.00018082
0.554014 	0.000182605
0.554394 	0.000184401
0.554775 	0.000186208
0.555155 	0.000188026
0.555536 	0.000189855
0.555916 	0.000191696
0.556296 	0.000193548
0.556677 	0.000195412
0.557057 	0.000197287
0.557437 	0.000199174
0.557818 	0.000201073
0.558198 	0.000202983
0.558579 	0.000204905
0.558959 	0.000206838
0.559339 	0.000208784
0.55972 	0.000210741
0.5601 	0.000212711
0.56048 	0.000214692
0.560861 	0.000216686
0.561241 	0.000218691
0.561622 	0.000220709
0.562002 	0.00022274
0.562382 	0.000224782
0.562763 	0.000226838
0.563143 	0.000228905
0.563524 	0.000230986
0.563904 	0.000233079
0.564284 	0.000235184
0.564665 	0.000237303
0.565045 	0.000239435
0.565425 	0.000241579
0.565806 	0.000243737
0.566186 	0.000245908
0.566567 	0.000248092
0.566947 	0.000250289
0.567327 	0.0002525
0.567708 	0.000254725
0.568088 	0.000256962
0.568468 	0.000259214
0.568849 	0.00026148
0.569229 	0.000263759
0.56961 	0.000266052
0.56999 	0.000268359
0.57037 	0.000270681
0.570751 	0.000273016
0.571131 	0.000275366
0.571512 	0.000277731
0.571892 	0.00028011
0.572272 	0.000282503
0.572653 	0.000284912
0.573033 	0.000287335
0.573413 	0.000289773
0.573794 	0.000292226
0.574174 	0.000294694
0.574555 	0.000297178
0.574935 	0.000299677
0.575315 	0.000302191
0.575696 	0.000304721
0.576076 	0.000307266
0.576456 	0.000309827
0.576837 	0.000312404
0.577217 	0.000314997
0.577598 	0.000317607
0.577978 	0.000320232
0.578358 	0.000322874
0.578739 	0.000325532
0.579119 	0.000328207
0.579499 	0.000330898
0.57988 	0.000333606
0.58026 	0.000336331
0.580641 	0.000339073
0.581021 	0.000341832
0.581401 	0.000344609
0.581782 	0.000347403
0.582162 	0.000350214
0.582543 	0.000353043
0.582923 	0.00035589
0.583303 	0.000358754
0.583684 	0.000361637
0.584064 	0.000364537
0.584444 	0.000367456
0.584825 	0.000370393
0.585205 	0.000373349
0.585586 	0.000376323
0.585966 	0.000379316
0.586346 	0.000382328
0.586727 	0.000385359
0.587107 	0.000388409
0.587487 	0.000391478
0.587868 	0.000394567
0.588248 	0.000397675
0.588629 	0.000400803
0.589009 	0.00040395
0.589389 	0.000407118
0.58977 	0.000410305
0.59015 	0.000413513
0.590531 	0.000416741
0.590911 	0.000419989
0.591291 	0.000423258
0.591672 	0.000426548
0.592052 	0.000429859
0.592432 	0.000433191
0.592813 	0.000436543
0.593193 	0.000439918
0.593574 	0.000443313
0.593954 	0.00044673
0.594334 	0.000450169
0.594715 	0.00045363
0.595095 	0.000457112
0.595475 	0.000460617
0.595856 	0.000464144
0.596236 	0.000467694
0.596617 	0.000471266
0.596997 	0.00047486
0.597377 	0.000478478
0.597758 	0.000482119
0.598138 	0.000485783
0.598519 	0.00048947
0.598899 	0.00049318
0.599279 	0.000496914
0.59966 	0.000500672
0.60004 	0.000504454
0.60042 	0.00050826
0.600801 	0.00051209
0.601181 	0.000515944
0.601562 	0.000519823
0.601942 	0.000523727
0.602322 	0.000527655
0.602703 	0.000531608
0.603083 	0.000535586
0.603463 	0.00053959
0.603844 	0.000543619
0.604224 	0.000547674
0.604605 	0.000551754
0.604985 	0.00055586
0.605365 	0.000559993
0.605746 	0.000564151
0.606126 	0.000568336
0.606507 	0.000572547
0.606887 	0.000576785
0.607267 	0.00058105
0.607648 	0.000585342
0.608028 	0.000589661
0.608408 	0.000594007
0.608789 	0.000598381
0.609169 	0.000602782
0.60955 	0.000607211
0.60993 	0.000611668
0.61031 	0.000616153
0.610691 	0.000620667
0.611071 	0.000625208
0.611451 	0.000629779
0.611832 	0.000634378
0.612212 	0.000639006
0.612593 	0.000643663
0.612973 	0.00064835
0.613353 	0.000653065
0.613734 	0.000657811
0.614114 	0.000662586
0.614494 	0.000667391
0.614875 	0.000672226
0.615255 	0.000677091
0.615636 	0.000681987
0.616016 	0.000686914
0.616396 	0.000691871
0.616777 	0.000696859
0.617157 	0.000701878
0.617538 	0.000706928
0.617918 	0.000712009
0.618298 	0.000717123
0.618679 	0.000722268
0.619059 	0.000727445
0.619439 	0.000732654
0.61982 	0.000737895
0.6202 	0.000743169
0.620581 	0.000748475
0.620961 	0.000753814
0.621341 	0.000759186
0.621722 	0.000764591
0.622102 	0.000770029
0.622482 	0.000775501
0.622863 	0.000781007
0.623243 	0.000786546
0.623624 	0.000792119
0.624004 	0.000797727
0.624384 	0.000803368
0.624765 	0.000809045
0.625145 	0.000814755
0.625526 	0.000820501
0.625906 	0.000826282
0.626286 	0.000832098
0.626667 	0.000837949
0.627047 	0.000843836
0.627427 	0.000849759
0.627808 	0.000855717
0.628188 	0.000861712
0.628569 	0.000867743
0.628949 	0.00087381
0.629329 	0.000879914
0.62971 	0.000886055
0.63009 	0.000892232
0.63047 	0.000898447
0.630851 	0.000904699
0.631231 	0.000910989
0.631612 	0.000917316
0.631992 	0.000923681
0.632372 	0.000930085
0.632753 	0.000936526
0.633133 	0.000943006
0.633514 	0.000949524
0.633894 	0.000956082
0.634274 	0.000962678
0.634655 	0.000969313
0.635035 	0.000975988
0.635415 	0.000982702
0.635796 	0.000989456
0.636176 	0.000996249
0.636557 	0.00100308
0.636937 	0.00100996
0.637317 	0.00101687
0.637698 	0.00102383
0.638078 	0.00103082
0.638458 	0.00103786
0.638839 	0.00104494
0.639219 	0.00105206
0.6396 	0.00105922
0.63998 	0.00106642
0.64036 	0.00107366
0.640741 	0.00108095
0.641121 	0.00108828
0.641502 	0.00109565
0.641882 	0.00110306
0.642262 	0.00111052
0.642643 	0.00111802
0.643023 	0.00112556
0.643403 	0.00113315
0.643784 	0.00114078
0.644164 	0.00114845
0.644545 	0.00115617
0.644925 	0.00116393
0.645305 	0.00117173
0.645686 	0.00117959
0.646066 	0.00118748
0.646446 	0.00119542
0.646827 	0.00120341
0.647207 	0.00121144
0.647588 	0.00121951
0.647968 	0.00122763
0.648348 	0.0012358
0.648729 	0.00124401
0.649109 	0.00125227
0.649489 	0.00126058
0.64987 	0.00126893
0.65025 	0.00127733
0.650631 	0.00128578
0.651011 	0.00129427
0.651391 	0.00130281
0.651772 	0.0013114
0.652152 	0.00132004
0.652533 	0.00132872
0.652913 	0.00133745
0.653293 	0.00134623
0.653674 	0.00135506
0.654054 	0.00136394
0.654434 	0.00137287
0.654815 	0.00138184
0.655195 	0.00139087
0.655576 	0.00139995
0.655956 	0.00140907
0.656336 	0.00141825
0.656717 	0.00142747
0.657097 	0.00143675
0.657477 	0.00144607
0.657858 	0.00145545
0.658238 	0.00146488
0.658619 	0.00147435
0.658999 	0.00148388
0.659379 	0.00149347
0.65976 	0.0015031
0.66014 	0.00151278
0.660521 	0.00152252
0.660901 	0.00153231
0.661281 	0.00154215
0.661662 	0.00155205
0.662042 	0.001562
0.662422 	0.001572
0.662803 	0.00158205
0.663183 	0.00159216
0.663564 	0.00160232
0.663944 	0.00161254
0.664324 	0.00162281
0.664705 	0.00163313
0.665085 	0.00164351
0.665465 	0.00165394
0.665846 	0.00166443
0.666226 	0.00167497
0.666607 	0.00168557
0.666987 	0.00169623
0.667367 	0.00170694
0.667748 	0.0017177
0.668128 	0.00172853
0.668509 	0.00173941
0.668889 	0.00175034
0.669269 	0.00176133
0.66965 	0.00177238
0.67003 	0.00178349
0.67041 	0.00179466
0.670791 	0.00180588
0.671171 	0.00181716
0.671552 	0.0018285
0.671932 	0.00183989
0.672312 	0.00185135
0.672693 	0.00186286
0.673073 	0.00187444
0.673453 	0.00188607
0.673834 	0.00189776
0.674214 	0.00190951
0.674595 	0.00192132
0.674975 	0.00193319
0.675355 	0.00194512
0.675736 	0.00195712
0.676116 	0.00196917
0.676496 	0.00198128
0.676877 	0.00199346
0.677257 	0.00200569
0.677638 	0.00201799
0.678018 	0.00203035
0.678398 	0.00204277
0.678779 	0.00205525
0.679159 	0.0020678
0.67954 	0.00208041
0.67992 	0.00209308
0.6803 	0.00210582
0.680681 	0.00211862
0.681061 	0.00213148
0.681441 	0.0021444
0.681822 	0.00215739
0.682202 	0.00217045
0.682583 	0.00218357
0.682963 	0.00219675
0.683343 	0.00221
0.683724 	0.00222331
0.684104 	0.00223669
0.684484 	0.00225013
0.684865 	0.00226364
0.685245 	0.00227722
0.685626 	0.00229086
0.686006 	0.00230457
0.686386 	0.00231835
0.686767 	0.00233219
0.687147 	0.0023461
0.687528 	0.00236008
0.687908 	0.00237412
0.688288 	0.00238824
0.688669 	0.00240242
0.689049 	0.00241667
0.689429 	0.00243099
0.68981 	0.00244538
0.69019 	0.00245983
0.690571 	0.00247436
0.690951 	0.00248896
0.691331 	0.00250362
0.691712 	0.00251836
0.692092 	0.00253316
0.692472 	0.00254804
0.692853 	0.00256299
0.693233 	0.00257801
0.693614 	0.0025931
0.693994 	0.00260826
0.694374 	0.00262349
0.694755 	0.0026388
0.695135 	0.00265418
0.695516 	0.00266963
0.695896 	0.00268515
0.696276 	0.00270075
0.696657 	0.00271642
0.697037 	0.00273216
0.697417 	0.00274798
0.697798 	0.00276387
0.698178 	0.00277984
0.698559 	0.00279588
0.698939 	0.00281199
0.699319 	0.00282818
0.6997 	0.00284445
0.70008 	0.00286079
0.70046 	0.0028772
0.700841 	0.0028937
0.701221 	0.00291027
0.701602 	0.00292691
0.701982 	0.00294364
0.702362 	0.00296044
0.702743 	0.00297732
0.703123 	0.00299427
0.703504 	0.0030113
0.703884 	0.00302842
0.704264 	0.00304561
0.704645 	0.00306288
0.705025 	0.00308022
0.705405 	0.00309765
0.705786 	0.00311516
0.706166 	0.00313275
0.706547 	0.00315041
0.706927 	0.00316816
0.707307 	0.00318599
0.707688 	0.0032039
0.708068 	0.00322189
0.708448 	0.00323996
0.708829 	0.00325811
0.709209 	0.00327635
0.70959 	0.00329467
0.70997 	0.00331307
0.71035 	0.00333155
0.710731 	0.00335012
0.711111 	0.00336877
0.711491 	0.00338751
0.711872 	0.00340632
0.712252 	0.00342523
0.712633 	0.00344422
0.713013 	0.00346329
0.713393 	0.00348245
0.713774 	0.00350169
0.714154 	0.00352102
0.714535 	0.00354043
0.714915 	0.00355994
0.715295 	0.00357952
0.715676 	0.0035992
0.716056 	0.00361896
0.716436 	0.00363881
0.716817 	0.00365875
0.717197 	0.00367878
0.717578 	0.00369889
0.717958 	0.0037191
0.718338 	0.00373939
0.718719 	0.00375978
0.719099 	0.00378025
0.719479 	0.00380081
0.71986 	0.00382146
0.72024 	0.00384221
0.720621 	0.00386304
0.721001 	0.00388397
0.721381 	0.00390499
0.721762 	0.0039261
0.722142 	0.0039473
0.722523 	0.00396859
0.722903 	0.00398998
0.723283 	0.00401146
0.723664 	0.00403304
0.724044 	0.00405471
0.724424 	0.00407647
0.724805 	0.00409833
0.725185 	0.00412028
0.725566 	0.00414233
0.725946 	0.00416447
0.726326 	0.00418671
0.726707 	0.00420905
0.727087 	0.00423148
0.727467 	0.00425401
0.727848 	0.00427663
0.728228 	0.00429936
0.728609 	0.00432218
0.728989 	0.0043451
0.729369 	0.00436812
0.72975 	0.00439124
0.73013 	0.00441445
0.730511 	0.00443777
0.730891 	0.00446119
0.731271 	0.00448471
0.731652 	0.00450832
0.732032 	0.00453204
0.732412 	0.00455587
0.732793 	0.00457979
0.733173 	0.00460381
0.733554 	0.00462794
0.733934 	0.00465217
0.734314 	0.00467651
0.734695 	0.00470094
0.735075 	0.00472549
0.735455 	0.00475013
0.735836 	0.00477488
0.736216 	0.00479974
0.736597 	0.0048247
0.736977 	0.00484977
0.737357 	0.00487494
0.737738 	0.00490022
0.738118 	0.00492561
0.738498 	0.00495111
0.738879 	0.00497671
0.739259 	0.00500242
0.73964 	0.00502824
0.74002 	0.00505417
0.7404 	0.00508021
0.740781 	0.00510636
0.741161 	0.00513262
0.741542 	0.00515899
0.741922 	0.00518547
0.742302 	0.00521206
0.742683 	0.00523877
0.743063 	0.00526558
0.743443 	0.00529251
0.743824 	0.00531955
0.744204 	0.00534671
0.744585 	0.00537398
0.744965 	0.00540136
0.745345 	0.00542886
0.745726 	0.00545648
0.746106 	0.0054842
0.746486 	0.00551205
0.746867 	0.00554001
0.747247 	0.00556809
0.747628 	0.00559629
0.748008 	0.0056246
0.748388 	0.00565303
0.748769 	0.00568159
0.749149 	0.00571026
0.74953 	0.00573905
0.74991 	0.00576796
0.75029 	0.00579699
0.750671 	0.00582614
0.751051 	0.00585541
0.751431 	0.0058848
0.751812 	0.00591432
0.752192 	0.00594396
0.752573 	0.00597372
0.752953 	0.00600361
0.753333 	0.00603362
0.753714 	0.00606375
0.754094 	0.00609401
0.754474 	0.0061244
0.754855 	0.00615491
0.755235 	0.00618555
0.755616 	0.00621631
0.755996 	0.0062472
0.756376 	0.00627822
0.756757 	0.00630937
0.757137 	0.00634065
0.757518 	0.00637205
0.757898 	0.00640359
0.758278 	0.00643526
0.758659 	0.00646706
0.759039 	0.00649898
0.759419 	0.00653105
0.7598 	0.00656324
0.76018 	0.00659557
0.760561 	0.00662803
0.760941 	0.00666062
0.761321 	0.00669335
0.761702 	0.00672621
0.762082 	0.00675921
0.762462 	0.00679234
0.762843 	0.00682561
0.763223 	0.00685902
0.763604 	0.00689257
0.763984 	0.00692625
0.764364 	0.00696007
0.764745 	0.00699404
0.765125 	0.00702814
0.765506 	0.00706238
0.765886 	0.00709676
0.766266 	0.00713128
0.766647 	0.00716595
0.767027 	0.00720076
0.767407 	0.00723571
0.767788 	0.00727081
0.768168 	0.00730604
0.768549 	0.00734143
0.768929 	0.00737696
0.769309 	0.00741263
0.76969 	0.00744845
0.77007 	0.00748442
0.77045 	0.00752054
0.770831 	0.0075568
0.771211 	0.00759322
0.771592 	0.00762978
0.771972 	0.00766649
0.772352 	0.00770336
0.772733 	0.00774037
0.773113 	0.00777754
0.773493 	0.00781485
0.773874 	0.00785233
0.774254 	0.00788995
0.774635 	0.00792773
0.775015 	0.00796566
0.775395 	0.00800375
0.775776 	0.008042
0.776156 	0.0080804
0.776537 	0.00811896
0.776917 	0.00815768
0.777297 	0.00819656
0.777678 	0.00823559
0.778058 	0.00827479
0.778438 	0.00831414
0.778819 	0.00835366
0.779199 	0.00839334
0.77958 	0.00843318
0.77996 	0.00847319
0.78034 	0.00851336
0.780721 	0.00855369
0.781101 	0.00859419
0.781481 	0.00863485
0.781862 	0.00867568
0.782242 	0.00871668
0.782623 	0.00875785
0.783003 	0.00879918
0.783383 	0.00884068
0.783764 	0.00888236
0.784144 	0.0089242
0.784525 	0.00896622
0.784905 	0.0090084
0.785285 	0.00905076
0.785666 	0.0090933
0.786046 	0.009136
0.786426 	0.00917889
0.786807 	0.00922195
0.787187 	0.00926518
0.787568 	0.00930859
0.787948 	0.00935218
0.788328 	0.00939595
0.788709 	0.0094399
0.789089 	0.00948402
0.789469 	0.00952833
0.78985 	0.00957282
0.79023 	0.00961749
0.790611 	0.00966235
0.790991 	0.00970739
0.791371 	0.00975261
0.791752 	0.00979802
0.792132 	0.00984361
0.792513 	0.00988939
0.792893 	0.00993536
0.793273 	0.00998152
0.793654 	0.0100279
0.794034 	0.0100744
0.794414 	0.0101211
0.794795 	0.0101681
0.795175 	0.0102152
0.795556 	0.0102625
0.795936 	0.01031
0.796316 	0.0103577
0.796697 	0.0104055
0.797077 	0.0104536
0.797457 	0.0105019
0.797838 	0.0105504
0.798218 	0.0105991
0.798599 	0.010648
0.798979 	0.010697
0.799359 	0.0107463
0.79974 	0.0107958
0.80012 	0.0108455
0.800501 	0.0108954
0.800881 	0.0109455
0.801261 	0.0109958
0.801642 	0.0110463
0.802022 	0.011097
0.802402 	0.0111479
0.802783 	0.0111991
0.803163 	0.0112504
0.803544 	0.011302
0.803924 	0.0113538
0.804304 	0.0114057
0.804685 	0.0114579
0.805065 	0.0115103
0.805445 	0.011563
0.805826 	0.0116158
0.806206 	0.0116689
0.806587 	0.0117221
0.806967 	0.0117756
0.807347 	0.0118294
0.807728 	0.0118833
0.808108 	0.0119375
0.808488 	0.0119919
0.808869 	0.0120465
0.809249 	0.0121013
0.80963 	0.0121564
0.81001 	0.0122116
0.81039 	0.0122672
0.810771 	0.0123229
0.811151 	0.0123789
0.811532 	0.0124351
0.811912 	0.0124915
0.812292 	0.0125482
0.812673 	0.0126051
0.813053 	0.0126622
0.813433 	0.0127196
0.813814 	0.0127772
0.814194 	0.0128351
0.814575 	0.0128932
0.814955 	0.0129515
0.815335 	0.0130101
0.815716 	0.0130689
0.816096 	0.013128
0.816476 	0.0131873
0.816857 	0.0132468
0.817237 	0.0133066
0.817618 	0.0133667
0.817998 	0.0134269
0.818378 	0.0134875
0.818759 	0.0135483
0.819139 	0.0136093
0.81952 	0.0136706
0.8199 	0.0137322
0.82028 	0.013794
0.820661 	0.013856
0.821041 	0.0139184
0.821421 	0.0139809
0.821802 	0.0140438
0.822182 	0.0141069
0.822563 	0.0141702
0.822943 	0.0142339
0.823323 	0.0142978
0.823704 	0.0143619
0.824084 	0.0144263
0.824464 	0.014491
0.824845 	0.014556
0.825225 	0.0146212
0.825606 	0.0146867
0.825986 	0.0147525
0.826366 	0.0148185
0.826747 	0.0148848
0.827127 	0.0149514
0.827508 	0.0150183
0.827888 	0.0150855
0.828268 	0.0151529
0.828649 	0.0152206
0.829029 	0.0152886
0.829409 	0.0153569
0.82979 	0.0154255
0.83017 	0.0154943
0.830551 	0.0155634
0.830931 	0.0156329
0.831311 	0.0157026
0.831692 	0.0157726
0.832072 	0.0158429
0.832452 	0.0159135
0.832833 	0.0159844
0.833213 	0.0160556
0.833594 	0.0161271
0.833974 	0.0161988
0.834354 	0.0162709
0.834735 	0.0163433
0.835115 	0.016416
0.835495 	0.016489
0.835876 	0.0165623
0.836256 	0.0166359
0.836637 	0.0167098
0.837017 	0.016784
0.837397 	0.0168585
0.837778 	0.0169334
0.838158 	0.0170085
0.838539 	0.017084
0.838919 	0.0171598
0.839299 	0.0172359
0.83968 	0.0173123
0.84006 	0.0173891
0.84044 	0.0174662
0.840821 	0.0175436
0.841201 	0.0176213
0.841582 	0.0176993
0.841962 	0.0177777
0.842342 	0.0178564
0.842723 	0.0179354
0.843103 	0.0180148
0.843483 	0.0180945
0.843864 	0.0181745
0.844244 	0.0182549
0.844625 	0.0183356
0.845005 	0.0184167
0.845385 	0.018498
0.845766 	0.0185798
0.846146 	0.0186619
0.846527 	0.0187443
0.846907 	0.0188271
0.847287 	0.0189102
0.847668 	0.0189936
0.848048 	0.0190775
0.848428 	0.0191616
0.848809 	0.0192462
0.849189 	0.0193311
0.84957 	0.0194163
0.84995 	0.0195019
0.85033 	0.0195879
0.850711 	0.0196742
0.851091 	0.0197609
0.851471 	0.019848
0.851852 	0.0199354
0.852232 	0.0200232
0.852613 	0.0201114
0.852993 	0.0201999
0.853373 	0.0202888
0.853754 	0.0203781
0.854134 	0.0204678
0.854515 	0.0205578
0.854895 	0.0206483
0.855275 	0.0207391
0.855656 	0.0208303
0.856036 	0.0209219
0.856416 	0.0210138
0.856797 	0.0211062
0.857177 	0.021199
0.857558 	0.0212921
0.857938 	0.0213856
0.858318 	0.0214796
0.858699 	0.0215739
0.859079 	0.0216687
0.859459 	0.0217638
0.85984 	0.0218593
0.86022 	0.0219553
0.860601 	0.0220516
0.860981 	0.0221484
0.861361 	0.0222456
0.861742 	0.0223432
0.862122 	0.0224412
0.862503 	0.0225396
0.862883 	0.0226384
0.863263 	0.0227377
0.863644 	0.0228374
0.864024 	0.0229375
0.864404 	0.023038
0.864785 	0.023139
0.865165 	0.0232404
0.865546 	0.0233422
0.865926 	0.0234444
0.866306 	0.0235471
0.866687 	0.0236502
0.867067 	0.0237538
0.867447 	0.0238578
0.867828 	0.0239622
0.868208 	0.0240671
0.868589 	0.0241725
0.868969 	0.0242783
0.869349 	0.0243845
0.86973 	0.0244912
0.87011 	0.0245983
0.87049 	0.0247059
0.870871 	0.024814
0.871251 	0.0249225
0.871632 	0.0250315
0.872012 	0.0251409
0.872392 	0.0252509
0.872773 	0.0253612
0.873153 	0.0254721
0.873534 	0.0255834
0.873914 	0.0256952
0.874294 	0.0258075
0.874675 	0.0259203
0.875055 	0.0260335
0.875435 	0.0261472
0.875816 	0.0262615
0.876196 	0.0263762
0.876577 	0.0264913
0.876957 	0.026607
0.877337 	0.0267232
0.877718 	0.0268399
0.878098 	0.026957
0.878478 	0.0270747
0.878859 	0.0271929
0.879239 	0.0273116
0.87962 	0.0274308
0.88 	0.0275505
