#kT				rhoV			rhoL			muCoex				freeEnergy		
4.00000000e-01 	1.06719329e-05 	8.87261997e-01 	-1.14482306e+01 	-1.06701333e-05 	
4.10000000e-01 	1.53259244e-05 	8.81833106e-01 	-1.10864356e+01 	-1.53223160e-05 	
4.20000000e-01 	2.15855060e-05 	8.76434091e-01 	-1.07441337e+01 	-2.15785428e-05 	
4.30000000e-01 	2.98589974e-05 	8.71062779e-01 	-1.04198930e+01 	-2.98460285e-05 	
4.40000000e-01 	4.06193700e-05 	8.65717095e-01 	-1.01124164e+01 	-4.05959965e-05 	
4.50000000e-01 	5.44066927e-05 	8.60395060e-01 	-9.82052537e+00 	-5.43658339e-05 	
4.60000000e-01 	7.18295676e-05 	8.55094776e-01 	-9.54314746e+00 	-7.17601410e-05 	
4.70000000e-01 	9.35655339e-05 	8.49814422e-01 	-9.27930436e+00 	-9.34506415e-05 	
4.80000000e-01 	1.20360472e-04 	8.44552246e-01 	-9.02810195e+00 	-1.20174964e-04 	
4.90000000e-01 	1.53027068e-04 	8.39306559e-01 	-8.78872151e+00 	-1.52734348e-04 	
5.00000000e-01 	1.92442419e-04 	8.34075731e-01 	-8.56041199e+00 	-1.91990337e-04 	
5.10000000e-01 	2.39544915e-04 	8.28858183e-01 	-8.34248322e+00 	-2.38860594e-04 	
5.20000000e-01 	2.95330507e-04 	8.23652387e-01 	-8.13429988e+00 	-2.94313940e-04 	
5.30000000e-01 	3.60848514e-04 	8.18456856e-01 	-7.93527621e+00 	-3.59364764e-04 	
5.40000000e-01 	4.37197092e-04 	8.13270145e-01 	-7.74487130e+00 	-4.35066953e-04 	
5.50000000e-01 	5.25518519e-04 	8.08090843e-01 	-7.56258491e+00 	-5.22507478e-04 	
5.60000000e-01 	6.26994401e-04 	8.02917573e-01 	-7.38795376e+00 	-6.22799762e-04 	
5.70000000e-01 	7.42840941e-04 	7.97748988e-01 	-7.22054818e+00 	-7.37077002e-04 	
5.80000000e-01 	8.74304325e-04 	7.92583767e-01 	-7.05996918e+00 	-8.66485488e-04 	
5.90000000e-01 	1.02266127e-03 	7.87419968e-01 	-6.90584106e+00 	-1.01218290e-03 	
6.00000000e-01 	1.18919064e-03 	7.82258240e-01 	-6.75783238e+00 	-1.17530822e-03 	
6.10000000e-01 	1.37521831e-03 	7.77095397e-01 	-6.61560719e+00 	-1.35702331e-03 	
6.20000000e-01 	1.58206539e-03 	7.71930836e-01 	-6.47886970e+00 	-1.55845981e-03 	
6.30000000e-01 	1.81106956e-03 	7.66763323e-01 	-6.34733919e+00 	-1.78073771e-03 	
6.40000000e-01 	2.06357783e-03 	7.61591635e-01 	-6.22075316e+00 	-2.02495577e-03 	
6.50000000e-01 	2.34094464e-03 	7.56414555e-01 	-6.09886582e+00 	-2.29218739e-03 	
6.60000000e-01 	2.64453027e-03 	7.51230871e-01 	-5.98144685e+00 	-2.58347662e-03 	
6.70000000e-01 	2.97569991e-03 	7.46039374e-01 	-5.86828020e+00 	-2.89983492e-03 	
6.80000000e-01 	3.33582300e-03 	7.40838853e-01 	-5.75916301e+00 	-3.24223823e-03 	
6.90000000e-01 	3.72627309e-03 	7.35628094e-01 	-5.65390462e+00 	-3.61162454e-03 	
7.00000000e-01 	4.14842805e-03 	7.30405877e-01 	-5.55232571e+00 	-4.00889175e-03 	
7.10000000e-01 	4.60367081e-03 	7.25170973e-01 	-5.45425747e+00 	-4.43489622e-03 	
7.20000000e-01 	5.09339040e-03 	7.19922144e-01 	-5.35954083e+00 	-4.89045141e-03 	
7.30000000e-01 	5.61898331e-03 	7.14658135e-01 	-5.26802581e+00 	-5.37632699e-03 	
7.40000000e-01 	6.18185531e-03 	7.09377675e-01 	-5.17957087e+00 	-5.89324823e-03 	
7.50000000e-01 	6.78342368e-03 	7.04079473e-01 	-5.09404234e+00 	-6.44189582e-03 	
7.60000000e-01 	7.42511961e-03 	6.98762214e-01 	-5.01131389e+00 	-7.02290571e-03 	
7.70000000e-01 	8.10839093e-03 	6.93424556e-01 	-4.93126606e+00 	-7.63686926e-03 	
7.80000000e-01 	8.83470578e-03 	6.88065128e-01 	-4.85378575e+00 	-8.28433402e-03 	
7.90000000e-01 	9.60555542e-03 	6.82682522e-01 	-4.77876591e+00 	-8.96580372e-03 	
8.00000000e-01 	1.04224589e-02 	6.77275295e-01 	-4.70610502e+00 	-9.68173964e-03 	
8.10000000e-01 	1.12869669e-02 	6.71841959e-01 	-4.63570687e+00 	-1.04325611e-02 	
8.20000000e-01 	1.22006664e-02 	6.66380980e-01 	-4.56748014e+00 	-1.12186464e-02 	
8.30000000e-01 	1.31651863e-02 	6.60890771e-01 	-4.50133814e+00 	-1.20403345e-02 	
8.40000000e-01 	1.41822025e-02 	6.55369687e-01 	-4.43719851e+00 	-1.28979253e-02 	
8.50000000e-01 	1.52534444e-02 	6.49816020e-01 	-4.37498295e+00 	-1.37916819e-02 	
8.60000000e-01 	1.63807013e-02 	6.44227994e-01 	-4.31461702e+00 	-1.47218309e-02 	
8.70000000e-01 	1.75658301e-02 	6.38603752e-01 	-4.25602984e+00 	-1.56885644e-02 	
8.80000000e-01 	1.88107630e-02 	6.32941354e-01 	-4.19915398e+00 	-1.66920410e-02 	
8.90000000e-01 	2.01175166e-02 	6.27238770e-01 	-4.14392516e+00 	-1.77323874e-02 	
9.00000000e-01 	2.14882016e-02 	6.21493862e-01 	-4.09028213e+00 	-1.88096997e-02 	
9.10000000e-01 	2.29250336e-02 	6.15704382e-01 	-4.03816650e+00 	-1.99240446e-02 	
9.20000000e-01 	2.44303449e-02 	6.09867958e-01 	-3.98752253e+00 	-2.10754608e-02 	
9.30000000e-01 	2.60065984e-02 	6.03982080e-01 	-3.93829705e+00 	-2.22639606e-02 	
9.40000000e-01 	2.76564016e-02 	5.98044084e-01 	-3.89043927e+00 	-2.34895307e-02 	
9.50000000e-01 	2.93825247e-02 	5.92051140e-01 	-3.84390067e+00 	-2.47521342e-02 	
9.60000000e-01 	3.11879179e-02 	5.86000230e-01 	-3.79863487e+00 	-2.60517113e-02 	
9.70000000e-01 	3.30757342e-02 	5.79888128e-01 	-3.75459754e+00 	-2.73881804e-02 	
9.80000000e-01 	3.50493529e-02 	5.73711376e-01 	-3.71174625e+00 	-2.87614401e-02 	
9.90000000e-01 	3.71124077e-02 	5.67466256e-01 	-3.67004041e+00 	-3.01713695e-02 	
1.00000000e+00 	3.92688188e-02 	5.61148761e-01 	-3.62944115e+00 	-3.16178298e-02 	
1.01000000e+00 	4.15228292e-02 	5.54754555e-01 	-3.58991124e+00 	-3.31006655e-02 	
1.02000000e+00 	4.38790474e-02 	5.48278932e-01 	-3.55141502e+00 	-3.46197045e-02 	
1.03000000e+00 	4.63424983e-02 	5.41716766e-01 	-3.51391829e+00 	-3.61747606e-02 	
1.04000000e+00 	4.89186805e-02 	5.35062456e-01 	-3.47738827e+00 	-3.77656334e-02 	
1.05000000e+00 	5.16136361e-02 	5.28309851e-01 	-3.44179351e+00 	-3.93921095e-02 	
1.06000000e+00 	5.44340329e-02 	5.21452175e-01 	-3.40710383e+00 	-4.10539634e-02 	
1.07000000e+00 	5.73872623e-02 	5.14481921e-01 	-3.37329027e+00 	-4.27509585e-02 	
1.08000000e+00 	6.04815602e-02 	5.07390740e-01 	-3.34032499e+00 	-4.44828477e-02 	
1.09000000e+00 	6.37261493e-02 	5.00169290e-01 	-3.30818128e+00 	-4.62493742e-02 	
1.10000000e+00 	6.71314208e-02 	4.92807062e-01 	-3.27683346e+00 	-4.80502727e-02 	
1.11000000e+00 	7.07091528e-02 	4.85292154e-01 	-3.24625684e+00 	-4.98852692e-02 	
1.12000000e+00 	7.44727917e-02 	4.77610998e-01 	-3.21642769e+00 	-5.17540825e-02 	
1.13000000e+00 	7.84378059e-02 	4.69748001e-01 	-3.18732316e+00 	-5.36564246e-02 	
1.14000000e+00 	8.26221423e-02 	4.61685089e-01 	-3.15892130e+00 	-5.55920015e-02 	
1.15000000e+00 	8.70468265e-02 	4.53401112e-01 	-3.13120096e+00 	-5.75605129e-02 	
1.16000000e+00 	9.17367621e-02 	4.44871036e-01 	-3.10414178e+00 	-5.95616540e-02 	
1.17000000e+00 	9.67218182e-02 	4.36064863e-01 	-3.07772416e+00 	-6.15951151e-02 	
1.18000000e+00 	1.02038343e-01 	4.26946117e-01 	-3.05192920e+00 	-6.36605825e-02 	
1.19000000e+00 	1.07731331e-01 	4.17469673e-01 	-3.02673872e+00 	-6.57577392e-02 	
1.20000000e+00 	1.13857614e-01 	4.07578569e-01 	-3.00213516e+00 	-6.78862648e-02 	
1.21000000e+00 	1.20490763e-01 	3.97199102e-01 	-2.97810162e+00 	-7.00458358e-02 	
1.22000000e+00 	1.27728942e-01 	3.86232978e-01 	-2.95462178e+00 	-7.22361271e-02 	
1.23000000e+00 	1.35708271e-01 	3.74543945e-01 	-2.93167990e+00 	-7.44568111e-02 	
1.24000000e+00 	1.44627276e-01 	3.61933347e-01 	-2.90926080e+00 	-7.67075589e-02 	
1.25000000e+00 	1.54796355e-01 	3.48090656e-01 	-2.88734982e+00 	-7.89880401e-02 	
1.26000000e+00 	1.66753841e-01 	3.32476952e-01 	-2.86593203e+00 	-8.12980230e-02 	
1.27000000e+00 	1.81600492e-01 	3.13992268e-01 	-2.84499537e+00 	-8.36369753e-02 	
1.28000000e+00 	2.02532514e-01 	2.89440225e-01 	-2.82452653e+00 	-8.60045680e-02 	
1.28500000e+00 	2.19831535e-01 	2.70337528e-01 	-2.81446289e+00 	-8.71990864e-02 	
1.28750000e+00 	2.41236289e-01 	2.48032566e-01 	-2.80947319e+00 	-8.77989957e-02 	
1.28753906e+00 	2.43301231e-01 	2.45953559e-01 	-2.80939544e+00 	-8.78083832e-02 	
1.28754150e+00 	2.43556023e-01 	2.45697906e-01 	-2.80939058e+00 	-8.78089700e-02 	
