# Parameters:
# kT = 0.791701
# mu = -4.76168
# Ngrid = 131
# 
# Plot:
# log10Cvac		log10alpha		freeEnergy	
# 
-8.000000e+00 	0.000000e+00 	1.713382e-01
-8.000000e+00 	8.685890e-02 	1.223982e-01
-8.000000e+00 	1.737178e-01 	5.874425e-02
-8.000000e+00 	2.605767e-01 	4.817616e-03
-8.000000e+00 	3.474356e-01 	-8.721257e-03
-8.000000e+00 	4.342945e-01 	3.905757e-02
-8.000000e+00 	5.211534e-01 	1.436711e-01
-8.000000e+00 	6.080123e-01 	2.748742e-01
-8.000000e+00 	6.948712e-01 	3.954360e-01
-8.000000e+00 	7.817301e-01 	4.821906e-01
-8.000000e+00 	8.685890e-01 	5.309921e-01
-8.000000e+00 	9.554479e-01 	5.475622e-01
-8.000000e+00 	1.042307e+00 	5.382366e-01
-8.000000e+00 	1.129166e+00 	5.074447e-01
-8.000000e+00 	1.216025e+00 	4.592303e-01
-8.000000e+00 	1.302883e+00 	3.985622e-01
-8.000000e+00 	1.389742e+00 	3.309723e-01
-8.000000e+00 	1.476601e+00 	2.613193e-01
-8.000000e+00 	1.563460e+00 	1.930618e-01
-8.000000e+00 	1.650319e+00 	1.287585e-01
-8.000000e+00 	1.737178e+00 	7.136200e-02
-8.000000e+00 	1.824037e+00 	2.527908e-02
-8.000000e+00 	1.910896e+00 	-3.474755e-03
-8.000000e+00 	1.997755e+00 	-8.028771e-03
-8.000000e+00 	2.084614e+00 	1.808173e-02
-8.000000e+00 	2.171472e+00 	7.963498e-02
-8.000000e+00 	2.258331e+00 	1.788087e-01
-8.000000e+00 	2.345190e+00 	3.148285e-01
-8.000000e+00 	2.432049e+00 	4.842027e-01
-8.000000e+00 	2.518908e+00 	6.814549e-01
-8.000000e+00 	2.605767e+00 	9.001759e-01
-8.000000e+00 	2.692626e+00 	1.134135e+00
-8.000000e+00 	2.779485e+00 	1.378154e+00
-8.000000e+00 	2.866344e+00 	1.628534e+00
-8.000000e+00 	2.953202e+00 	1.883004e+00

-7.739423e+00 	0.000000e+00 	1.713382e-01
-7.739423e+00 	8.685890e-02 	1.223982e-01
-7.739423e+00 	1.737178e-01 	5.874425e-02
-7.739423e+00 	2.605767e-01 	4.817619e-03
-7.739423e+00 	3.474356e-01 	-8.721258e-03
-7.739423e+00 	4.342945e-01 	3.905756e-02
-7.739423e+00 	5.211534e-01 	1.436711e-01
-7.739423e+00 	6.080123e-01 	2.748742e-01
-7.739423e+00 	6.948712e-01 	3.954360e-01
-7.739423e+00 	7.817301e-01 	4.821906e-01
-7.739423e+00 	8.685890e-01 	5.309920e-01
-7.739423e+00 	9.554479e-01 	5.475621e-01
-7.739423e+00 	1.042307e+00 	5.382366e-01
-7.739423e+00 	1.129166e+00 	5.074447e-01
-7.739423e+00 	1.216025e+00 	4.592303e-01
-7.739423e+00 	1.302883e+00 	3.985622e-01
-7.739423e+00 	1.389742e+00 	3.309722e-01
-7.739423e+00 	1.476601e+00 	2.613192e-01
-7.739423e+00 	1.563460e+00 	1.930618e-01
-7.739423e+00 	1.650319e+00 	1.287585e-01
-7.739423e+00 	1.737178e+00 	7.136196e-02
-7.739423e+00 	1.824037e+00 	2.527904e-02
-7.739423e+00 	1.910896e+00 	-3.474800e-03
-7.739423e+00 	1.997755e+00 	-8.028816e-03
-7.739423e+00 	2.084614e+00 	1.808168e-02
-7.739423e+00 	2.171472e+00 	7.963493e-02
-7.739423e+00 	2.258331e+00 	1.788086e-01
-7.739423e+00 	2.345190e+00 	3.148284e-01
-7.739423e+00 	2.432049e+00 	4.842027e-01
-7.739423e+00 	2.518908e+00 	6.814548e-01
-7.739423e+00 	2.605767e+00 	9.001759e-01
-7.739423e+00 	2.692626e+00 	1.134135e+00
-7.739423e+00 	2.779485e+00 	1.378154e+00
-7.739423e+00 	2.866344e+00 	1.628533e+00
-7.739423e+00 	2.953202e+00 	1.883004e+00

-7.478847e+00 	0.000000e+00 	1.713382e-01
-7.478847e+00 	8.685890e-02 	1.223982e-01
-7.478847e+00 	1.737178e-01 	5.874426e-02
-7.478847e+00 	2.605767e-01 	4.817623e-03
-7.478847e+00 	3.474356e-01 	-8.721260e-03
-7.478847e+00 	4.342945e-01 	3.905755e-02
-7.478847e+00 	5.211534e-01 	1.436711e-01
-7.478847e+00 	6.080123e-01 	2.748741e-01
-7.478847e+00 	6.948712e-01 	3.954359e-01
-7.478847e+00 	7.817301e-01 	4.821905e-01
-7.478847e+00 	8.685890e-01 	5.309919e-01
-7.478847e+00 	9.554479e-01 	5.475621e-01
-7.478847e+00 	1.042307e+00 	5.382365e-01
-7.478847e+00 	1.129166e+00 	5.074446e-01
-7.478847e+00 	1.216025e+00 	4.592302e-01
-7.478847e+00 	1.302883e+00 	3.985621e-01
-7.478847e+00 	1.389742e+00 	3.309722e-01
-7.478847e+00 	1.476601e+00 	2.613192e-01
-7.478847e+00 	1.563460e+00 	1.930617e-01
-7.478847e+00 	1.650319e+00 	1.287584e-01
-7.478847e+00 	1.737178e+00 	7.136190e-02
-7.478847e+00 	1.824037e+00 	2.527896e-02
-7.478847e+00 	1.910896e+00 	-3.474878e-03
-7.478847e+00 	1.997755e+00 	-8.028895e-03
-7.478847e+00 	2.084614e+00 	1.808160e-02
-7.478847e+00 	2.171472e+00 	7.963485e-02
-7.478847e+00 	2.258331e+00 	1.788086e-01
-7.478847e+00 	2.345190e+00 	3.148284e-01
-7.478847e+00 	2.432049e+00 	4.842026e-01
-7.478847e+00 	2.518908e+00 	6.814547e-01
-7.478847e+00 	2.605767e+00 	9.001758e-01
-7.478847e+00 	2.692626e+00 	1.134135e+00
-7.478847e+00 	2.779485e+00 	1.378154e+00
-7.478847e+00 	2.866344e+00 	1.628533e+00
-7.478847e+00 	2.953202e+00 	1.883003e+00

-7.218270e+00 	0.000000e+00 	1.713382e-01
-7.218270e+00 	8.685890e-02 	1.223982e-01
-7.218270e+00 	1.737178e-01 	5.874427e-02
-7.218270e+00 	2.605767e-01 	4.817632e-03
-7.218270e+00 	3.474356e-01 	-8.721265e-03
-7.218270e+00 	4.342945e-01 	3.905752e-02
-7.218270e+00 	5.211534e-01 	1.436710e-01
-7.218270e+00 	6.080123e-01 	2.748741e-01
-7.218270e+00 	6.948712e-01 	3.954358e-01
-7.218270e+00 	7.817301e-01 	4.821904e-01
-7.218270e+00 	8.685890e-01 	5.309918e-01
-7.218270e+00 	9.554479e-01 	5.475619e-01
-7.218270e+00 	1.042307e+00 	5.382363e-01
-7.218270e+00 	1.129166e+00 	5.074445e-01
-7.218270e+00 	1.216025e+00 	4.592301e-01
-7.218270e+00 	1.302883e+00 	3.985620e-01
-7.218270e+00 	1.389742e+00 	3.309721e-01
-7.218270e+00 	1.476601e+00 	2.613191e-01
-7.218270e+00 	1.563460e+00 	1.930616e-01
-7.218270e+00 	1.650319e+00 	1.287583e-01
-7.218270e+00 	1.737178e+00 	7.136177e-02
-7.218270e+00 	1.824037e+00 	2.527882e-02
-7.218270e+00 	1.910896e+00 	-3.475014e-03
-7.218270e+00 	1.997755e+00 	-8.029030e-03
-7.218270e+00 	2.084614e+00 	1.808146e-02
-7.218270e+00 	2.171472e+00 	7.963470e-02
-7.218270e+00 	2.258331e+00 	1.788084e-01
-7.218270e+00 	2.345190e+00 	3.148282e-01
-7.218270e+00 	2.432049e+00 	4.842024e-01
-7.218270e+00 	2.518908e+00 	6.814546e-01
-7.218270e+00 	2.605767e+00 	9.001756e-01
-7.218270e+00 	2.692626e+00 	1.134135e+00
-7.218270e+00 	2.779485e+00 	1.378153e+00
-7.218270e+00 	2.866344e+00 	1.628533e+00
-7.218270e+00 	2.953202e+00 	1.883003e+00

-6.957693e+00 	0.000000e+00 	1.713382e-01
-6.957693e+00 	8.685890e-02 	1.223982e-01
-6.957693e+00 	1.737178e-01 	5.874429e-02
-6.957693e+00 	2.605767e-01 	4.817647e-03
-6.957693e+00 	3.474356e-01 	-8.721272e-03
-6.957693e+00 	4.342945e-01 	3.905747e-02
-6.957693e+00 	5.211534e-01 	1.436709e-01
-6.957693e+00 	6.080123e-01 	2.748739e-01
-6.957693e+00 	6.948712e-01 	3.954356e-01
-6.957693e+00 	7.817301e-01 	4.821901e-01
-6.957693e+00 	8.685890e-01 	5.309915e-01
-6.957693e+00 	9.554479e-01 	5.475616e-01
-6.957693e+00 	1.042307e+00 	5.382361e-01
-6.957693e+00 	1.129166e+00 	5.074442e-01
-6.957693e+00 	1.216025e+00 	4.592298e-01
-6.957693e+00 	1.302883e+00 	3.985618e-01
-6.957693e+00 	1.389742e+00 	3.309719e-01
-6.957693e+00 	1.476601e+00 	2.613189e-01
-6.957693e+00 	1.563460e+00 	1.930614e-01
-6.957693e+00 	1.650319e+00 	1.287581e-01
-6.957693e+00 	1.737178e+00 	7.136154e-02
-6.957693e+00 	1.824037e+00 	2.527857e-02
-6.957693e+00 	1.910896e+00 	-3.475247e-03
-6.957693e+00 	1.997755e+00 	-8.029261e-03
-6.957693e+00 	2.084614e+00 	1.808123e-02
-6.957693e+00 	2.171472e+00 	7.963446e-02
-6.957693e+00 	2.258331e+00 	1.788082e-01
-6.957693e+00 	2.345190e+00 	3.148279e-01
-6.957693e+00 	2.432049e+00 	4.842021e-01
-6.957693e+00 	2.518908e+00 	6.814543e-01
-6.957693e+00 	2.605767e+00 	9.001753e-01
-6.957693e+00 	2.692626e+00 	1.134134e+00
-6.957693e+00 	2.779485e+00 	1.378153e+00
-6.957693e+00 	2.866344e+00 	1.628533e+00
-6.957693e+00 	2.953202e+00 	1.883003e+00

-6.697117e+00 	0.000000e+00 	1.713383e-01
-6.697117e+00 	8.685890e-02 	1.223982e-01
-6.697117e+00 	1.737178e-01 	5.874433e-02
-6.697117e+00 	2.605767e-01 	4.817675e-03
-6.697117e+00 	3.474356e-01 	-8.721286e-03
-6.697117e+00 	4.342945e-01 	3.905738e-02
-6.697117e+00 	5.211534e-01 	1.436707e-01
-6.697117e+00 	6.080123e-01 	2.748736e-01
-6.697117e+00 	6.948712e-01 	3.954352e-01
-6.697117e+00 	7.817301e-01 	4.821896e-01
-6.697117e+00 	8.685890e-01 	5.309910e-01
-6.697117e+00 	9.554479e-01 	5.475611e-01
-6.697117e+00 	1.042307e+00 	5.382356e-01
-6.697117e+00 	1.129166e+00 	5.074437e-01
-6.697117e+00 	1.216025e+00 	4.592294e-01
-6.697117e+00 	1.302883e+00 	3.985614e-01
-6.697117e+00 	1.389742e+00 	3.309715e-01
-6.697117e+00 	1.476601e+00 	2.613185e-01
-6.697117e+00 	1.563460e+00 	1.930611e-01
-6.697117e+00 	1.650319e+00 	1.287577e-01
-6.697117e+00 	1.737178e+00 	7.136113e-02
-6.697117e+00 	1.824037e+00 	2.527815e-02
-6.697117e+00 	1.910896e+00 	-3.475648e-03
-6.697117e+00 	1.997755e+00 	-8.029657e-03
-6.697117e+00 	2.084614e+00 	1.808083e-02
-6.697117e+00 	2.171472e+00 	7.963406e-02
-6.697117e+00 	2.258331e+00 	1.788077e-01
-6.697117e+00 	2.345190e+00 	3.148275e-01
-6.697117e+00 	2.432049e+00 	4.842017e-01
-6.697117e+00 	2.518908e+00 	6.814538e-01
-6.697117e+00 	2.605767e+00 	9.001747e-01
-6.697117e+00 	2.692626e+00 	1.134134e+00
-6.697117e+00 	2.779485e+00 	1.378152e+00
-6.697117e+00 	2.866344e+00 	1.628532e+00
-6.697117e+00 	2.953202e+00 	1.883002e+00

-6.436540e+00 	0.000000e+00 	1.713383e-01
-6.436540e+00 	8.685890e-02 	1.223983e-01
-6.436540e+00 	1.737178e-01 	5.874440e-02
-6.436540e+00 	2.605767e-01 	4.817726e-03
-6.436540e+00 	3.474356e-01 	-8.721311e-03
-6.436540e+00 	4.342945e-01 	3.905721e-02
-6.436540e+00 	5.211534e-01 	1.436704e-01
-6.436540e+00 	6.080123e-01 	2.748730e-01
-6.436540e+00 	6.948712e-01 	3.954345e-01
-6.436540e+00 	7.817301e-01 	4.821888e-01
-6.436540e+00 	8.685890e-01 	5.309901e-01
-6.436540e+00 	9.554479e-01 	5.475602e-01
-6.436540e+00 	1.042307e+00 	5.382347e-01
-6.436540e+00 	1.129166e+00 	5.074429e-01
-6.436540e+00 	1.216025e+00 	4.592286e-01
-6.436540e+00 	1.302883e+00 	3.985607e-01
-6.436540e+00 	1.389742e+00 	3.309708e-01
-6.436540e+00 	1.476601e+00 	2.613179e-01
-6.436540e+00 	1.563460e+00 	1.930604e-01
-6.436540e+00 	1.650319e+00 	1.287571e-01
-6.436540e+00 	1.737178e+00 	7.136039e-02
-6.436540e+00 	1.824037e+00 	2.527742e-02
-6.436540e+00 	1.910896e+00 	-3.476334e-03
-6.436540e+00 	1.997755e+00 	-8.030326e-03
-6.436540e+00 	2.084614e+00 	1.808016e-02
-6.436540e+00 	2.171472e+00 	7.963338e-02
-6.436540e+00 	2.258331e+00 	1.788070e-01
-6.436540e+00 	2.345190e+00 	3.148268e-01
-6.436540e+00 	2.432049e+00 	4.842009e-01
-6.436540e+00 	2.518908e+00 	6.814529e-01
-6.436540e+00 	2.605767e+00 	9.001739e-01
-6.436540e+00 	2.692626e+00 	1.134133e+00
-6.436540e+00 	2.779485e+00 	1.378151e+00
-6.436540e+00 	2.866344e+00 	1.628531e+00
-6.436540e+00 	2.953202e+00 	1.883001e+00

-6.175963e+00 	0.000000e+00 	1.713384e-01
-6.175963e+00 	8.685890e-02 	1.223984e-01
-6.175963e+00 	1.737178e-01 	5.874453e-02
-6.175963e+00 	2.605767e-01 	4.817820e-03
-6.175963e+00 	3.474356e-01 	-8.721356e-03
-6.175963e+00 	4.342945e-01 	3.905691e-02
-6.175963e+00 	5.211534e-01 	1.436697e-01
-6.175963e+00 	6.080123e-01 	2.748720e-01
-6.175963e+00 	6.948712e-01 	3.954331e-01
-6.175963e+00 	7.817301e-01 	4.821873e-01
-6.175963e+00 	8.685890e-01 	5.309885e-01
-6.175963e+00 	9.554479e-01 	5.475586e-01
-6.175963e+00 	1.042307e+00 	5.382331e-01
-6.175963e+00 	1.129166e+00 	5.074414e-01
-6.175963e+00 	1.216025e+00 	4.592272e-01
-6.175963e+00 	1.302883e+00 	3.985594e-01
-6.175963e+00 	1.389742e+00 	3.309696e-01
-6.175963e+00 	1.476601e+00 	2.613168e-01
-6.175963e+00 	1.563460e+00 	1.930593e-01
-6.175963e+00 	1.650319e+00 	1.287559e-01
-6.175963e+00 	1.737178e+00 	7.135907e-02
-6.175963e+00 	1.824037e+00 	2.527617e-02
-6.175963e+00 	1.910896e+00 	-3.477498e-03
-6.175963e+00 	1.997755e+00 	-8.031450e-03
-6.175963e+00 	2.084614e+00 	1.807905e-02
-6.175963e+00 	2.171472e+00 	7.963226e-02
-6.175963e+00 	2.258331e+00 	1.788059e-01
-6.175963e+00 	2.345190e+00 	3.148256e-01
-6.175963e+00 	2.432049e+00 	4.841996e-01
-6.175963e+00 	2.518908e+00 	6.814516e-01
-6.175963e+00 	2.605767e+00 	9.001724e-01
-6.175963e+00 	2.692626e+00 	1.134131e+00
-6.175963e+00 	2.779485e+00 	1.378150e+00
-6.175963e+00 	2.866344e+00 	1.628529e+00
-6.175963e+00 	2.953202e+00 	1.882999e+00

-5.915386e+00 	0.000000e+00 	1.713385e-01
-5.915386e+00 	8.685890e-02 	1.223986e-01
-5.915386e+00 	1.737178e-01 	5.874477e-02
-5.915386e+00 	2.605767e-01 	4.817989e-03
-5.915386e+00 	3.474356e-01 	-8.721438e-03
-5.915386e+00 	4.342945e-01 	3.905635e-02
-5.915386e+00 	5.211534e-01 	1.436685e-01
-5.915386e+00 	6.080123e-01 	2.748701e-01
-5.915386e+00 	6.948712e-01 	3.954307e-01
-5.915386e+00 	7.817301e-01 	4.821844e-01
-5.915386e+00 	8.685890e-01 	5.309855e-01
-5.915386e+00 	9.554479e-01 	5.475556e-01
-5.915386e+00 	1.042307e+00 	5.382302e-01
-5.915386e+00 	1.129166e+00 	5.074386e-01
-5.915386e+00 	1.216025e+00 	4.592247e-01
-5.915386e+00 	1.302883e+00 	3.985570e-01
-5.915386e+00 	1.389742e+00 	3.309675e-01
-5.915386e+00 	1.476601e+00 	2.613147e-01
-5.915386e+00 	1.563460e+00 	1.930572e-01
-5.915386e+00 	1.650319e+00 	1.287536e-01
-5.915386e+00 	1.737178e+00 	7.135674e-02
-5.915386e+00 	1.824037e+00 	2.527404e-02
-5.915386e+00 	1.910896e+00 	-3.479460e-03
-5.915386e+00 	1.997755e+00 	-8.033320e-03
-5.915386e+00 	2.084614e+00 	1.807723e-02
-5.915386e+00 	2.171472e+00 	7.963043e-02
-5.915386e+00 	2.258331e+00 	1.788040e-01
-5.915386e+00 	2.345190e+00 	3.148236e-01
-5.915386e+00 	2.432049e+00 	4.841976e-01
-5.915386e+00 	2.518908e+00 	6.814494e-01
-5.915386e+00 	2.605767e+00 	9.001701e-01
-5.915386e+00 	2.692626e+00 	1.134129e+00
-5.915386e+00 	2.779485e+00 	1.378147e+00
-5.915386e+00 	2.866344e+00 	1.628527e+00
-5.915386e+00 	2.953202e+00 	1.882996e+00

-5.654810e+00 	0.000000e+00 	1.713387e-01
-5.654810e+00 	8.685890e-02 	1.223990e-01
-5.654810e+00 	1.737178e-01 	5.874520e-02
-5.654810e+00 	2.605767e-01 	4.818299e-03
-5.654810e+00 	3.474356e-01 	-8.721589e-03
-5.654810e+00 	4.342945e-01 	3.905534e-02
-5.654810e+00 	5.211534e-01 	1.436664e-01
-5.654810e+00 	6.080123e-01 	2.748667e-01
-5.654810e+00 	6.948712e-01 	3.954263e-01
-5.654810e+00 	7.817301e-01 	4.821793e-01
-5.654810e+00 	8.685890e-01 	5.309800e-01
-5.654810e+00 	9.554479e-01 	5.475501e-01
-5.654810e+00 	1.042307e+00 	5.382249e-01
-5.654810e+00 	1.129166e+00 	5.074336e-01
-5.654810e+00 	1.216025e+00 	4.592200e-01
-5.654810e+00 	1.302883e+00 	3.985527e-01
-5.654810e+00 	1.389742e+00 	3.309635e-01
-5.654810e+00 	1.476601e+00 	2.613109e-01
-5.654810e+00 	1.563460e+00 	1.930534e-01
-5.654810e+00 	1.650319e+00 	1.287496e-01
-5.654810e+00 	1.737178e+00 	7.135270e-02
-5.654810e+00 	1.824037e+00 	2.527046e-02
-5.654810e+00 	1.910896e+00 	-3.482732e-03
-5.654810e+00 	1.997755e+00 	-8.036389e-03
-5.654810e+00 	2.084614e+00 	1.807427e-02
-5.654810e+00 	2.171472e+00 	7.962750e-02
-5.654810e+00 	2.258331e+00 	1.788010e-01
-5.654810e+00 	2.345190e+00 	3.148205e-01
-5.654810e+00 	2.432049e+00 	4.841943e-01
-5.654810e+00 	2.518908e+00 	6.814458e-01
-5.654810e+00 	2.605767e+00 	9.001663e-01
-5.654810e+00 	2.692626e+00 	1.134125e+00
-5.654810e+00 	2.779485e+00 	1.378143e+00
-5.654810e+00 	2.866344e+00 	1.628522e+00
-5.654810e+00 	2.953202e+00 	1.882991e+00

-5.394233e+00 	0.000000e+00 	1.713390e-01
-5.394233e+00 	8.685890e-02 	1.223996e-01
-5.394233e+00 	1.737178e-01 	5.874599e-02
-5.394233e+00 	2.605767e-01 	4.818863e-03
-5.394233e+00 	3.474356e-01 	-8.721863e-03
-5.394233e+00 	4.342945e-01 	3.905351e-02
-5.394233e+00 	5.211534e-01 	1.436624e-01
-5.394233e+00 	6.080123e-01 	2.748605e-01
-5.394233e+00 	6.948712e-01 	3.954182e-01
-5.394233e+00 	7.817301e-01 	4.821700e-01
-5.394233e+00 	8.685890e-01 	5.309701e-01
-5.394233e+00 	9.554479e-01 	5.475401e-01
-5.394233e+00 	1.042307e+00 	5.382151e-01
-5.394233e+00 	1.129166e+00 	5.074244e-01
-5.394233e+00 	1.216025e+00 	4.592115e-01
-5.394233e+00 	1.302883e+00 	3.985449e-01
-5.394233e+00 	1.389742e+00 	3.309563e-01
-5.394233e+00 	1.476601e+00 	2.613040e-01
-5.394233e+00 	1.563460e+00 	1.930465e-01
-5.394233e+00 	1.650319e+00 	1.287425e-01
-5.394233e+00 	1.737178e+00 	7.134579e-02
-5.394233e+00 	1.824037e+00 	2.526445e-02
-5.394233e+00 	1.910896e+00 	-3.488123e-03
-5.394233e+00 	1.997755e+00 	-8.041348e-03
-5.394233e+00 	2.084614e+00 	1.806958e-02
-5.394233e+00 	2.171472e+00 	7.962292e-02
-5.394233e+00 	2.258331e+00 	1.787964e-01
-5.394233e+00 	2.345190e+00 	3.148156e-01
-5.394233e+00 	2.432049e+00 	4.841891e-01
-5.394233e+00 	2.518908e+00 	6.814403e-01
-5.394233e+00 	2.605767e+00 	9.001602e-01
-5.394233e+00 	2.692626e+00 	1.134118e+00
-5.394233e+00 	2.779485e+00 	1.378136e+00
-5.394233e+00 	2.866344e+00 	1.628514e+00
-5.394233e+00 	2.953202e+00 	1.882983e+00

-5.133656e+00 	0.000000e+00 	1.713397e-01
-5.133656e+00 	8.685890e-02 	1.224008e-01
-5.133656e+00 	1.737178e-01 	5.874743e-02
-5.133656e+00 	2.605767e-01 	4.819891e-03
-5.133656e+00 	3.474356e-01 	-8.722362e-03
-5.133656e+00 	4.342945e-01 	3.905016e-02
-5.133656e+00 	5.211534e-01 	1.436552e-01
-5.133656e+00 	6.080123e-01 	2.748492e-01
-5.133656e+00 	6.948712e-01 	3.954034e-01
-5.133656e+00 	7.817301e-01 	4.821530e-01
-5.133656e+00 	8.685890e-01 	5.309520e-01
-5.133656e+00 	9.554479e-01 	5.475218e-01
-5.133656e+00 	1.042307e+00 	5.381975e-01
-5.133656e+00 	1.129166e+00 	5.074077e-01
-5.133656e+00 	1.216025e+00 	4.591961e-01
-5.133656e+00 	1.302883e+00 	3.985307e-01
-5.133656e+00 	1.389742e+00 	3.309431e-01
-5.133656e+00 	1.476601e+00 	2.612914e-01
-5.133656e+00 	1.563460e+00 	1.930339e-01
-5.133656e+00 	1.650319e+00 	1.287297e-01
-5.133656e+00 	1.737178e+00 	7.133413e-02
-5.133656e+00 	1.824037e+00 	2.525449e-02
-5.133656e+00 	1.910896e+00 	-3.496868e-03
-5.133656e+00 	1.997755e+00 	-8.049195e-03
-5.133656e+00 	2.084614e+00 	1.806233e-02
-5.133656e+00 	2.171472e+00 	7.961594e-02
-5.133656e+00 	2.258331e+00 	1.787894e-01
-5.133656e+00 	2.345190e+00 	3.148083e-01
-5.133656e+00 	2.432049e+00 	4.841813e-01
-5.133656e+00 	2.518908e+00 	6.814317e-01
-5.133656e+00 	2.605767e+00 	9.001509e-01
-5.133656e+00 	2.692626e+00 	1.134108e+00
-5.133656e+00 	2.779485e+00 	1.378125e+00
-5.133656e+00 	2.866344e+00 	1.628502e+00
-5.133656e+00 	2.953202e+00 	1.882970e+00

-4.873080e+00 	0.000000e+00 	1.713408e-01
-4.873080e+00 	8.685890e-02 	1.224029e-01
-4.873080e+00 	1.737178e-01 	5.875004e-02
-4.873080e+00 	2.605767e-01 	4.821763e-03
-4.873080e+00 	3.474356e-01 	-8.723271e-03
-4.873080e+00 	4.342945e-01 	3.904406e-02
-4.873080e+00 	5.211534e-01 	1.436420e-01
-4.873080e+00 	6.080123e-01 	2.748286e-01
-4.873080e+00 	6.948712e-01 	3.953766e-01
-4.873080e+00 	7.817301e-01 	4.821220e-01
-4.873080e+00 	8.685890e-01 	5.309191e-01
-4.873080e+00 	9.554479e-01 	5.474886e-01
-4.873080e+00 	1.042307e+00 	5.381652e-01
-4.873080e+00 	1.129166e+00 	5.073773e-01
-4.873080e+00 	1.216025e+00 	4.591679e-01
-4.873080e+00 	1.302883e+00 	3.985049e-01
-4.873080e+00 	1.389742e+00 	3.309190e-01
-4.873080e+00 	1.476601e+00 	2.612685e-01
-4.873080e+00 	1.563460e+00 	1.930112e-01
-4.873080e+00 	1.650319e+00 	1.287072e-01
-4.873080e+00 	1.737178e+00 	7.131469e-02
-4.873080e+00 	1.824037e+00 	2.523819e-02
-4.873080e+00 	1.910896e+00 	-3.510768e-03
-4.873080e+00 	1.997755e+00 	-8.061261e-03
-4.873080e+00 	2.084614e+00 	1.805152e-02
-4.873080e+00 	2.171472e+00 	7.960579e-02
-4.873080e+00 	2.258331e+00 	1.787793e-01
-4.873080e+00 	2.345190e+00 	3.147978e-01
-4.873080e+00 	2.432049e+00 	4.841699e-01
-4.873080e+00 	2.518908e+00 	6.814192e-01
-4.873080e+00 	2.605767e+00 	9.001369e-01
-4.873080e+00 	2.692626e+00 	1.134092e+00
-4.873080e+00 	2.779485e+00 	1.378107e+00
-4.873080e+00 	2.866344e+00 	1.628483e+00
-4.873080e+00 	2.953202e+00 	1.882950e+00

-4.612503e+00 	0.000000e+00 	1.713430e-01
-4.612503e+00 	8.685890e-02 	1.224068e-01
-4.612503e+00 	1.737178e-01 	5.875480e-02
-4.612503e+00 	2.605767e-01 	4.825176e-03
-4.612503e+00 	3.474356e-01 	-8.724928e-03
-4.612503e+00 	4.342945e-01 	3.903294e-02
-4.612503e+00 	5.211534e-01 	1.436181e-01
-4.612503e+00 	6.080123e-01 	2.747911e-01
-4.612503e+00 	6.948712e-01 	3.953277e-01
-4.612503e+00 	7.817301e-01 	4.820656e-01
-4.612503e+00 	8.685890e-01 	5.308591e-01
-4.612503e+00 	9.554479e-01 	5.474281e-01
-4.612503e+00 	1.042307e+00 	5.381065e-01
-4.612503e+00 	1.129166e+00 	5.073219e-01
-4.612503e+00 	1.216025e+00 	4.591166e-01
-4.612503e+00 	1.302883e+00 	3.984577e-01
-4.612503e+00 	1.389742e+00 	3.308753e-01
-4.612503e+00 	1.476601e+00 	2.612268e-01
-4.612503e+00 	1.563460e+00 	1.929703e-01
-4.612503e+00 	1.650319e+00 	1.286685e-01
-4.612503e+00 	1.737178e+00 	7.128261e-02
-4.612503e+00 	1.824037e+00 	2.521200e-02
-4.612503e+00 	1.910896e+00 	-3.532253e-03
-4.612503e+00 	1.997755e+00 	-8.079058e-03
-4.612503e+00 	2.084614e+00 	1.803632e-02
-4.612503e+00 	2.171472e+00 	7.959205e-02
-4.612503e+00 	2.258331e+00 	1.787659e-01
-4.612503e+00 	2.345190e+00 	3.147838e-01
-4.612503e+00 	2.432049e+00 	4.841544e-01
-4.612503e+00 	2.518908e+00 	6.814017e-01
-4.612503e+00 	2.605767e+00 	9.001169e-01
-4.612503e+00 	2.692626e+00 	1.134070e+00
-4.612503e+00 	2.779485e+00 	1.378082e+00
-4.612503e+00 	2.866344e+00 	1.628455e+00
-4.612503e+00 	2.953202e+00 	1.882918e+00

-4.351926e+00 	0.000000e+00 	1.713469e-01
-4.351926e+00 	8.685890e-02 	1.224138e-01
-4.351926e+00 	1.737178e-01 	5.876348e-02
-4.351926e+00 	2.605767e-01 	4.831394e-03
-4.351926e+00 	3.474356e-01 	-8.727944e-03
-4.351926e+00 	4.342945e-01 	3.901269e-02
-4.351926e+00 	5.211534e-01 	1.435744e-01
-4.351926e+00 	6.080123e-01 	2.747227e-01
-4.351926e+00 	6.948712e-01 	3.952386e-01
-4.351926e+00 	7.817301e-01 	4.819629e-01
-4.351926e+00 	8.685890e-01 	5.307497e-01
-4.351926e+00 	9.554479e-01 	5.473179e-01
-4.351926e+00 	1.042307e+00 	5.379995e-01
-4.351926e+00 	1.129166e+00 	5.072209e-01
-4.351926e+00 	1.216025e+00 	4.590231e-01
-4.351926e+00 	1.302883e+00 	3.983719e-01
-4.351926e+00 	1.389742e+00 	3.307958e-01
-4.351926e+00 	1.476601e+00 	2.611513e-01
-4.351926e+00 	1.563460e+00 	1.928974e-01
-4.351926e+00 	1.650319e+00 	1.286031e-01
-4.351926e+00 	1.737178e+00 	7.123042e-02
-4.351926e+00 	1.824037e+00 	2.517092e-02
-4.351926e+00 	1.910896e+00 	-3.564147e-03
-4.351926e+00 	1.997755e+00 	-8.103637e-03
-4.351926e+00 	2.084614e+00 	1.801700e-02
-4.351926e+00 	2.171472e+00 	7.957584e-02
-4.351926e+00 	2.258331e+00 	1.787508e-01
-4.351926e+00 	2.345190e+00 	3.147678e-01
-4.351926e+00 	2.432049e+00 	4.841361e-01
-4.351926e+00 	2.518908e+00 	6.813798e-01
-4.351926e+00 	2.605767e+00 	9.000907e-01
-4.351926e+00 	2.692626e+00 	1.134039e+00
-4.351926e+00 	2.779485e+00 	1.378046e+00
-4.351926e+00 	2.866344e+00 	1.628414e+00
-4.351926e+00 	2.953202e+00 	1.882872e+00

-4.091350e+00 	0.000000e+00 	1.713541e-01
-4.091350e+00 	8.685890e-02 	1.224267e-01
-4.091350e+00 	1.737178e-01 	5.877930e-02
-4.091350e+00 	2.605767e-01 	4.842728e-03
-4.091350e+00 	3.474356e-01 	-8.733434e-03
-4.091350e+00 	4.342945e-01 	3.897580e-02
-4.091350e+00 	5.211534e-01 	1.434950e-01
-4.091350e+00 	6.080123e-01 	2.745982e-01
-4.091350e+00 	6.948712e-01 	3.950764e-01
-4.091350e+00 	7.817301e-01 	4.817756e-01
-4.091350e+00 	8.685890e-01 	5.305505e-01
-4.091350e+00 	9.554479e-01 	5.471171e-01
-4.091350e+00 	1.042307e+00 	5.378045e-01
-4.091350e+00 	1.129166e+00 	5.070369e-01
-4.091350e+00 	1.216025e+00 	4.588529e-01
-4.091350e+00 	1.302883e+00 	3.982156e-01
-4.091350e+00 	1.389742e+00 	3.306512e-01
-4.091350e+00 	1.476601e+00 	2.610150e-01
-4.091350e+00 	1.563460e+00 	1.927692e-01
-4.091350e+00 	1.650319e+00 	1.284948e-01
-4.091350e+00 	1.737178e+00 	7.114706e-02
-4.091350e+00 	1.824037e+00 	2.510865e-02
-4.091350e+00 	1.910896e+00 	-3.608581e-03
-4.091350e+00 	1.997755e+00 	-8.133723e-03
-4.091350e+00 	2.084614e+00 	1.799739e-02
-4.091350e+00 	2.171472e+00 	7.956266e-02
-4.091350e+00 	2.258331e+00 	1.787401e-01
-4.091350e+00 	2.345190e+00 	3.147562e-01
-4.091350e+00 	2.432049e+00 	4.841206e-01
-4.091350e+00 	2.518908e+00 	6.813582e-01
-4.091350e+00 	2.605767e+00 	9.000615e-01
-4.091350e+00 	2.692626e+00 	1.134001e+00
-4.091350e+00 	2.779485e+00 	1.377999e+00
-4.091350e+00 	2.866344e+00 	1.628357e+00
-4.091350e+00 	2.953202e+00 	1.882806e+00

-3.830773e+00 	0.000000e+00 	1.713671e-01
-3.830773e+00 	8.685890e-02 	1.224501e-01
-3.830773e+00 	1.737178e-01 	5.880812e-02
-3.830773e+00 	2.605767e-01 	4.863387e-03
-3.830773e+00 	3.474356e-01 	-8.743415e-03
-3.830773e+00 	4.342945e-01 	3.890864e-02
-3.830773e+00 	5.211534e-01 	1.433502e-01
-3.830773e+00 	6.080123e-01 	2.743714e-01
-3.830773e+00 	6.948712e-01 	3.947808e-01
-3.830773e+00 	7.817301e-01 	4.814346e-01
-3.830773e+00 	8.685890e-01 	5.301877e-01
-3.830773e+00 	9.554479e-01 	5.467513e-01
-3.830773e+00 	1.042307e+00 	5.374495e-01
-3.830773e+00 	1.129166e+00 	5.067020e-01
-3.830773e+00 	1.216025e+00 	4.585431e-01
-3.830773e+00 	1.302883e+00 	3.979314e-01
-3.830773e+00 	1.389742e+00 	3.303891e-01
-3.830773e+00 	1.476601e+00 	2.607704e-01
-3.830773e+00 	1.563460e+00 	1.925480e-01
-3.830773e+00 	1.650319e+00 	1.283186e-01
-3.830773e+00 	1.737178e+00 	7.101737e-02
-3.830773e+00 	1.824037e+00 	2.501909e-02
-3.830773e+00 	1.910896e+00 	-3.663765e-03
-3.830773e+00 	1.997755e+00 	-8.161032e-03
-3.830773e+00 	2.084614e+00 	1.799067e-02
-3.830773e+00 	2.171472e+00 	7.956893e-02
-3.830773e+00 	2.258331e+00 	1.787520e-01
-3.830773e+00 	2.345190e+00 	3.147672e-01
-3.830773e+00 	2.432049e+00 	4.841253e-01
-3.830773e+00 	2.518908e+00 	6.813525e-01
-3.830773e+00 	2.605767e+00 	9.000425e-01
-3.830773e+00 	2.692626e+00 	1.133967e+00
-3.830773e+00 	2.779485e+00 	1.377948e+00
-3.830773e+00 	2.866344e+00 	1.628290e+00
-3.830773e+00 	2.953202e+00 	1.882722e+00

-3.570196e+00 	0.000000e+00 	1.713909e-01
-3.570196e+00 	8.685890e-02 	1.224929e-01
-3.570196e+00 	1.737178e-01 	5.886064e-02
-3.570196e+00 	2.605767e-01 	4.901060e-03
-3.570196e+00 	3.474356e-01 	-8.761529e-03
-3.570196e+00 	4.342945e-01 	3.878639e-02
-3.570196e+00 	5.211534e-01 	1.430866e-01
-3.570196e+00 	6.080123e-01 	2.739585e-01
-3.570196e+00 	6.948712e-01 	3.942427e-01
-3.570196e+00 	7.817301e-01 	4.808138e-01
-3.570196e+00 	8.685890e-01 	5.295272e-01
-3.570196e+00 	9.554479e-01 	5.460855e-01
-3.570196e+00 	1.042307e+00 	5.368033e-01
-3.570196e+00 	1.129166e+00 	5.060924e-01
-3.570196e+00 	1.216025e+00 	4.579796e-01
-3.570196e+00 	1.302883e+00 	3.974153e-01
-3.570196e+00 	1.389742e+00 	3.299155e-01
-3.570196e+00 	1.476601e+00 	2.603366e-01
-3.570196e+00 	1.563460e+00 	1.921756e-01
-3.570196e+00 	1.650319e+00 	1.280381e-01
-3.570196e+00 	1.737178e+00 	7.082331e-02
-3.570196e+00 	1.824037e+00 	2.490125e-02
-3.570196e+00 	1.910896e+00 	-3.715775e-03
-3.570196e+00 	1.997755e+00 	-8.159361e-03
-3.570196e+00 	2.084614e+00 	1.803235e-02
-3.570196e+00 	2.171472e+00 	7.963640e-02
-3.570196e+00 	2.258331e+00 	1.788316e-01
-3.570196e+00 	2.345190e+00 	3.148466e-01
-3.570196e+00 	2.432049e+00 	4.841945e-01
-3.570196e+00 	2.518908e+00 	6.814037e-01
-3.570196e+00 	2.605767e+00 	9.000702e-01
-3.570196e+00 	2.692626e+00 	1.133967e+00
-3.570196e+00 	2.779485e+00 	1.377920e+00
-3.570196e+00 	2.866344e+00 	1.628232e+00
-3.570196e+00 	2.953202e+00 	1.882633e+00

-3.309620e+00 	0.000000e+00 	1.714341e-01
-3.309620e+00 	8.685890e-02 	1.225707e-01
-3.309620e+00 	1.737178e-01 	5.895635e-02
-3.309620e+00 	2.605767e-01 	4.969797e-03
-3.309620e+00 	3.474356e-01 	-8.794294e-03
-3.309620e+00 	4.342945e-01 	3.856410e-02
-3.309620e+00 	5.211534e-01 	1.426071e-01
-3.309620e+00 	6.080123e-01 	2.732071e-01
-3.309620e+00 	6.948712e-01 	3.932635e-01
-3.309620e+00 	7.817301e-01 	4.796840e-01
-3.309620e+00 	8.685890e-01 	5.283252e-01
-3.309620e+00 	9.554479e-01 	5.448740e-01
-3.309620e+00 	1.042307e+00 	5.356279e-01
-3.309620e+00 	1.129166e+00 	5.049842e-01
-3.309620e+00 	1.216025e+00 	4.569563e-01
-3.309620e+00 	1.302883e+00 	3.964810e-01
-3.309620e+00 	1.389742e+00 	3.290657e-01
-3.309620e+00 	1.476601e+00 	2.595802e-01
-3.309620e+00 	1.563460e+00 	1.915646e-01
-3.309620e+00 	1.650319e+00 	1.276037e-01
-3.309620e+00 	1.737178e+00 	7.055026e-02
-3.309620e+00 	1.824037e+00 	2.477250e-02
-3.309620e+00 	1.910896e+00 	-3.719264e-03
-3.309620e+00 	1.997755e+00 	-8.060300e-03
-3.309620e+00 	2.084614e+00 	1.820842e-02
-3.309620e+00 	2.171472e+00 	7.986292e-02
-3.309620e+00 	2.258331e+00 	1.790830e-01
-3.309620e+00 	2.345190e+00 	3.151003e-01
-3.309620e+00 	2.432049e+00 	4.844314e-01
-3.309620e+00 	2.518908e+00 	6.816095e-01
-3.309620e+00 	2.605767e+00 	9.002347e-01
-3.309620e+00 	2.692626e+00 	1.134084e+00
-3.309620e+00 	2.779485e+00 	1.377985e+00
-3.309620e+00 	2.866344e+00 	1.628242e+00
-3.309620e+00 	2.953202e+00 	1.882588e+00

-3.049043e+00 	0.000000e+00 	1.715128e-01
-3.049043e+00 	8.685890e-02 	1.227124e-01
-3.049043e+00 	1.737178e-01 	5.913079e-02
-3.049043e+00 	2.605767e-01 	5.095357e-03
-3.049043e+00 	3.474356e-01 	-8.853199e-03
-3.049043e+00 	4.342945e-01 	3.816062e-02
-3.049043e+00 	5.211534e-01 	1.417359e-01
-3.049043e+00 	6.080123e-01 	2.718416e-01
-3.049043e+00 	6.948712e-01 	3.914837e-01
-3.049043e+00 	7.817301e-01 	4.776305e-01
-3.049043e+00 	8.685890e-01 	5.261408e-01
-3.049043e+00 	9.554479e-01 	5.426728e-01
-3.049043e+00 	1.042307e+00 	5.334930e-01
-3.049043e+00 	1.129166e+00 	5.029733e-01
-3.049043e+00 	1.216025e+00 	4.551032e-01
-3.049043e+00 	1.302883e+00 	3.947977e-01
-3.049043e+00 	1.389742e+00 	3.275578e-01
-3.049043e+00 	1.476601e+00 	2.582924e-01
-3.049043e+00 	1.563460e+00 	1.905900e-01
-3.049043e+00 	1.650319e+00 	1.269588e-01
-3.049043e+00 	1.737178e+00 	7.020667e-02
-3.049043e+00 	1.824037e+00 	2.470075e-02
-3.049043e+00 	1.910896e+00 	-3.554275e-03
-3.049043e+00 	1.997755e+00 	-7.700900e-03
-3.049043e+00 	2.084614e+00 	1.871466e-02
-3.049043e+00 	2.171472e+00 	8.046669e-02
-3.049043e+00 	2.258331e+00 	1.797370e-01
-3.049043e+00 	2.345190e+00 	3.157621e-01
-3.049043e+00 	2.432049e+00 	4.850661e-01
-3.049043e+00 	2.518908e+00 	6.821902e-01
-3.049043e+00 	2.605767e+00 	9.007423e-01
-3.049043e+00 	2.692626e+00 	1.134506e+00
-3.049043e+00 	2.779485e+00 	1.378314e+00
-3.049043e+00 	2.866344e+00 	1.628474e+00
-3.049043e+00 	2.953202e+00 	1.882720e+00

-2.788466e+00 	0.000000e+00 	1.716559e-01
-2.788466e+00 	8.685890e-02 	1.229705e-01
-2.788466e+00 	1.737178e-01 	5.944882e-02
-2.788466e+00 	2.605767e-01 	5.325173e-03
-2.788466e+00 	3.474356e-01 	-8.957888e-03
-2.788466e+00 	4.342945e-01 	3.743055e-02
-2.788466e+00 	5.211534e-01 	1.401568e-01
-2.788466e+00 	6.080123e-01 	2.693651e-01
-2.788466e+00 	6.948712e-01 	3.882552e-01
-2.788466e+00 	7.817301e-01 	4.739057e-01
-2.788466e+00 	8.685890e-01 	5.221791e-01
-2.788466e+00 	9.554479e-01 	5.386823e-01
-2.788466e+00 	1.042307e+00 	5.296260e-01
-2.788466e+00 	1.129166e+00 	4.993366e-01
-2.788466e+00 	1.216025e+00 	4.517639e-01
-2.788466e+00 	1.302883e+00 	3.917918e-01
-2.788466e+00 	1.389742e+00 	3.249296e-01
-2.788466e+00 	1.476601e+00 	2.561654e-01
-2.788466e+00 	1.563460e+00 	1.890872e-01
-2.788466e+00 	1.650319e+00 	1.260656e-01
-2.788466e+00 	1.737178e+00 	6.987483e-02
-2.788466e+00 	1.824037e+00 	2.487799e-02
-2.788466e+00 	1.910896e+00 	-2.932829e-03
-2.788466e+00 	1.997755e+00 	-6.713745e-03
-2.788466e+00 	2.084614e+00 	1.997943e-02
-2.788466e+00 	2.171472e+00 	8.191780e-02
-2.788466e+00 	2.258331e+00 	1.812869e-01
-2.788466e+00 	2.345190e+00 	3.173327e-01
-2.788466e+00 	2.432049e+00 	4.865926e-01
-2.788466e+00 	2.518908e+00 	6.836225e-01
-2.788466e+00 	2.605767e+00 	9.020451e-01
-2.788466e+00 	2.692626e+00 	1.135656e+00
-2.788466e+00 	2.779485e+00 	1.379297e+00
-2.788466e+00 	2.866344e+00 	1.629282e+00
-2.788466e+00 	2.953202e+00 	1.883348e+00

-2.527890e+00 	0.000000e+00 	1.719158e-01
-2.527890e+00 	8.685890e-02 	1.234401e-01
-2.527890e+00 	1.737178e-01 	6.002886e-02
-2.527890e+00 	2.605767e-01 	5.747326e-03
-2.527890e+00 	3.474356e-01 	-9.139917e-03
-2.527890e+00 	4.342945e-01 	3.611722e-02
-2.527890e+00 	5.211534e-01 	1.373070e-01
-2.527890e+00 	6.080123e-01 	2.648911e-01
-2.527890e+00 	6.948712e-01 	3.824208e-01
-2.527890e+00 	7.817301e-01 	4.671742e-01
-2.527890e+00 	8.685890e-01 	5.150219e-01
-2.527890e+00 	9.554479e-01 	5.314783e-01
-2.527890e+00 	1.042307e+00 	5.226548e-01
-2.527890e+00 	1.129166e+00 	4.927999e-01
-2.527890e+00 	1.216025e+00 	4.458000e-01
-2.527890e+00 	1.302883e+00 	3.865043e-01
-2.527890e+00 	1.389742e+00 	3.204701e-01
-2.527890e+00 	1.476601e+00 	2.527784e-01
-2.527890e+00 	1.563460e+00 	1.868826e-01
-2.527890e+00 	1.650319e+00 	1.249826e-01
-2.527890e+00 	1.737178e+00 	6.983237e-02
-2.527890e+00 	1.824037e+00 	2.578167e-02
-2.527890e+00 	1.910896e+00 	-1.202362e-03
-2.527890e+00 	1.997755e+00 	-4.301076e-03
-2.527890e+00 	2.084614e+00 	2.291215e-02
-2.527890e+00 	2.171472e+00 	8.520271e-02
-2.527890e+00 	2.258331e+00 	1.847628e-01
-2.527890e+00 	2.345190e+00 	3.208557e-01
-2.527890e+00 	2.432049e+00 	4.900432e-01
-2.527890e+00 	2.518908e+00 	6.869087e-01
-2.527890e+00 	2.605767e+00 	9.051009e-01
-2.527890e+00 	2.692626e+00 	1.138438e+00
-2.527890e+00 	2.779485e+00 	1.381779e+00
-2.527890e+00 	2.866344e+00 	1.631449e+00
-2.527890e+00 	2.953202e+00 	1.885190e+00

-2.267313e+00 	0.000000e+00 	1.723862e-01
-2.267313e+00 	8.685890e-02 	1.242936e-01
-2.267313e+00 	1.737178e-01 	6.108754e-02
-2.267313e+00 	2.605767e-01 	6.527712e-03
-2.267313e+00 	3.474356e-01 	-9.442861e-03
-2.267313e+00 	4.342945e-01 	3.377998e-02
-2.267313e+00 	5.211534e-01 	1.322045e-01
-2.267313e+00 	6.080123e-01 	2.568658e-01
-2.267313e+00 	6.948712e-01 	3.719485e-01
-2.267313e+00 	7.817301e-01 	4.550920e-01
-2.267313e+00 	8.685890e-01 	5.021827e-01
-2.267313e+00 	9.554479e-01 	5.185722e-01
-2.267313e+00 	1.042307e+00 	5.101984e-01
-2.267313e+00 	1.129166e+00 	4.811801e-01
-2.267313e+00 	1.216025e+00 	4.353140e-01
-2.267313e+00 	1.302883e+00 	3.774310e-01
-2.267313e+00 	1.389742e+00 	3.131836e-01
-2.267313e+00 	1.476601e+00 	2.476340e-01
-2.267313e+00 	1.563460e+00 	1.839135e-01
-2.267313e+00 	1.650319e+00 	1.240652e-01
-2.267313e+00 	1.737178e+00 	7.082690e-02
-2.267313e+00 	1.824037e+00 	2.851768e-02
-2.267313e+00 	1.910896e+00 	3.057563e-03
-2.267313e+00 	1.997755e+00 	1.218975e-03
-2.267313e+00 	2.084614e+00 	2.939644e-02
-2.267313e+00 	2.171472e+00 	9.234456e-02
-2.267313e+00 	2.258331e+00 	1.922674e-01
-2.267313e+00 	2.345190e+00 	3.284596e-01
-2.267313e+00 	2.432049e+00 	4.975269e-01
-2.267313e+00 	2.518908e+00 	6.941026e-01
-2.267313e+00 	2.605767e+00 	9.118837e-01
-2.267313e+00 	2.692626e+00 	1.144729e+00
-2.267313e+00 	2.779485e+00 	1.387529e+00
-2.267313e+00 	2.866344e+00 	1.636629e+00
-2.267313e+00 	2.953202e+00 	1.889782e+00

-2.006736e+00 	0.000000e+00 	1.732329e-01
-2.006736e+00 	8.685890e-02 	1.258416e-01
-2.006736e+00 	1.737178e-01 	6.302211e-02
-2.006736e+00 	2.605767e-01 	7.986010e-03
-2.006736e+00 	3.474356e-01 	-9.900933e-03
-2.006736e+00 	4.342945e-01 	2.970390e-02
-2.006736e+00 	5.211534e-01 	1.232032e-01
-2.006736e+00 	6.080123e-01 	2.426578e-01
-2.006736e+00 	6.948712e-01 	3.533861e-01
-2.006736e+00 	7.817301e-01 	4.336758e-01
-2.006736e+00 	8.685890e-01 	4.794479e-01
-2.006736e+00 	9.554479e-01 	4.957730e-01
-2.006736e+00 	1.042307e+00 	4.882955e-01
-2.006736e+00 	1.129166e+00 	4.609322e-01
-2.006736e+00 	1.216025e+00 	4.173717e-01
-2.006736e+00 	1.302883e+00 	3.624597e-01
-2.006736e+00 	1.389742e+00 	3.018857e-01
-2.006736e+00 	1.476601e+00 	2.403688e-01
-2.006736e+00 	1.563460e+00 	1.805782e-01
-2.006736e+00 	1.650319e+00 	1.244417e-01
-2.006736e+00 	1.737178e+00 	7.467207e-02
-2.006736e+00 	1.824037e+00 	3.552671e-02
-2.006736e+00 	1.910896e+00 	1.283958e-02
-2.006736e+00 	1.997755e+00 	1.329933e-02
-2.006736e+00 	2.084614e+00 	4.324147e-02
-2.006736e+00 	2.171472e+00 	1.073996e-01
-2.006736e+00 	2.258331e+00 	2.079979e-01
-2.006736e+00 	2.345190e+00 	3.443860e-01
-2.006736e+00 	2.432049e+00 	5.132492e-01
-2.006736e+00 	2.518908e+00 	7.093105e-01
-2.006736e+00 	2.605767e+00 	9.263545e-01
-2.006736e+00 	2.692626e+00 	1.158315e+00
-2.006736e+00 	2.779485e+00 	1.400138e+00
-2.006736e+00 	2.866344e+00 	1.648206e+00
-2.006736e+00 	2.953202e+00 	1.900295e+00

-1.746159e+00 	0.000000e+00 	1.747412e-01
-1.746159e+00 	8.685890e-02 	1.286369e-01
-1.746159e+00 	1.737178e-01 	6.656343e-02
-1.746159e+00 	2.605767e-01 	1.075940e-02
-1.746159e+00 	3.474356e-01 	-1.043254e-02
-1.746159e+00 	4.342945e-01 	2.286749e-02
-1.746159e+00 	5.211534e-01 	1.077588e-01
-1.746159e+00 	6.080123e-01 	2.181112e-01
-1.746159e+00 	6.948712e-01 	3.212413e-01
-1.746159e+00 	7.817301e-01 	3.965856e-01
-1.746159e+00 	8.685890e-01 	4.401449e-01
-1.746159e+00 	9.554479e-01 	4.565249e-01
-1.746159e+00 	1.042307e+00 	4.508977e-01
-1.746159e+00 	1.129166e+00 	4.268882e-01
-1.746159e+00 	1.216025e+00 	3.880633e-01
-1.746159e+00 	1.302883e+00 	3.392243e-01
-1.746159e+00 	1.389742e+00 	2.857139e-01
-1.746159e+00 	1.476601e+00 	2.314522e-01
-1.746159e+00 	1.563460e+00 	1.786252e-01
-1.746159e+00 	1.650319e+00 	1.290826e-01
-1.746159e+00 	1.737178e+00 	8.548711e-02
-1.746159e+00 	1.824037e+00 	5.198312e-02
-1.746159e+00 	1.910896e+00 	3.425111e-02
-1.746159e+00 	1.997755e+00 	3.882879e-02
-1.746159e+00 	2.084614e+00 	7.194267e-02
-1.746159e+00 	2.171472e+00 	1.382840e-01
-1.746159e+00 	2.258331e+00 	2.401075e-01
-1.746159e+00 	2.345190e+00 	3.768580e-01
-1.746159e+00 	2.432049e+00 	5.453605e-01
-1.746159e+00 	2.518908e+00 	7.404984e-01
-1.746159e+00 	2.605767e+00 	9.562136e-01
-1.746159e+00 	2.692626e+00 	1.186575e+00
-1.746159e+00 	2.779485e+00 	1.426630e+00
-1.746159e+00 	2.866344e+00 	1.672828e+00
-1.746159e+00 	2.953202e+00 	1.922984e+00

-1.485583e+00 	0.000000e+00 	1.773721e-01
-1.485583e+00 	8.685890e-02 	1.336413e-01
-1.485583e+00 	1.737178e-01 	7.305784e-02
-1.485583e+00 	2.605767e-01 	1.617215e-02
-1.485583e+00 	3.474356e-01 	-1.044698e-02
-1.485583e+00 	4.342945e-01 	1.227937e-02
-1.485583e+00 	5.211534e-01 	8.264806e-02
-1.485583e+00 	6.080123e-01 	1.776310e-01
-1.485583e+00 	6.948712e-01 	2.679707e-01
-1.485583e+00 	7.817301e-01 	3.350927e-01
-1.485583e+00 	8.685890e-01 	3.751868e-01
-1.485583e+00 	9.554479e-01 	3.921416e-01
-1.485583e+00 	1.042307e+00 	3.904153e-01
-1.485583e+00 	1.129166e+00 	3.732185e-01
-1.485583e+00 	1.216025e+00 	3.438653e-01
-1.485583e+00 	1.302883e+00 	3.066571e-01
-1.485583e+00 	1.389742e+00 	2.657985e-01
-1.485583e+00 	1.476601e+00 	2.240614e-01
-1.485583e+00 	1.563460e+00 	1.832157e-01
-1.485583e+00 	1.650319e+00 	1.450468e-01
-1.485583e+00 	1.737178e+00 	1.121251e-01
-1.485583e+00 	1.824037e+00 	8.839835e-02
-1.485583e+00 	1.910896e+00 	7.928003e-02
-1.485583e+00 	1.997755e+00 	9.103868e-02
-1.485583e+00 	2.084614e+00 	1.296987e-01
-1.485583e+00 	2.171472e+00 	1.998625e-01
-1.485583e+00 	2.258331e+00 	3.038250e-01
-1.485583e+00 	2.345190e+00 	4.411870e-01
-1.485583e+00 	2.432049e+00 	6.090130e-01
-1.485583e+00 	2.518908e+00 	8.024666e-01
-1.485583e+00 	2.605767e+00 	1.015767e+00
-1.485583e+00 	2.692626e+00 	1.243224e+00
-1.485583e+00 	2.779485e+00 	1.480068e+00
-1.485583e+00 	2.866344e+00 	1.722869e+00
-1.485583e+00 	2.953202e+00 	1.969513e+00

-1.225006e+00 	0.000000e+00 	1.817642e-01
-1.225006e+00 	8.685890e-02 	1.424329e-01
-1.225006e+00 	1.737178e-01 	8.495711e-02
-1.225006e+00 	2.605767e-01 	2.707346e-02
-1.225006e+00 	3.474356e-01 	-7.606187e-03
-1.225006e+00 	4.342945e-01 	-1.341733e-03
-1.225006e+00 	5.211534e-01 	4.611272e-02
-1.225006e+00 	6.080123e-01 	1.167800e-01
-1.225006e+00 	6.948712e-01 	1.869813e-01
-1.225006e+00 	7.817301e-01 	2.414341e-01
-1.225006e+00 	8.685890e-01 	2.767688e-01
-1.225006e+00 	9.554479e-01 	2.958815e-01
-1.225006e+00 	1.042307e+00 	3.022039e-01
-1.225006e+00 	1.129166e+00 	2.982328e-01
-1.225006e+00 	1.216025e+00 	2.864249e-01
-1.225006e+00 	1.302883e+00 	2.694932e-01
-1.225006e+00 	1.389742e+00 	2.496421e-01
-1.225006e+00 	1.476601e+00 	2.284000e-01
-1.225006e+00 	1.563460e+00 	2.071905e-01
-1.225006e+00 	1.650319e+00 	1.877215e-01
-1.225006e+00 	1.737178e+00 	1.724062e-01
-1.225006e+00 	1.824037e+00 	1.648685e-01
-1.225006e+00 	1.910896e+00 	1.700706e-01
-1.225006e+00 	1.997755e+00 	1.938098e-01
-1.225006e+00 	2.084614e+00 	2.417375e-01
-1.225006e+00 	2.171472e+00 	3.182675e-01
-1.225006e+00 	2.258331e+00 	4.257263e-01
-1.225006e+00 	2.345190e+00 	5.639520e-01
-1.225006e+00 	2.432049e+00 	7.304006e-01
-1.225006e+00 	2.518908e+00 	9.207088e-01
-1.225006e+00 	2.605767e+00 	1.129574e+00
-1.225006e+00 	2.692626e+00 	1.351724e+00
-1.225006e+00 	2.779485e+00 	1.582711e+00
-1.225006e+00 	2.866344e+00 	1.819321e+00
-1.225006e+00 	2.953202e+00 	2.059565e+00

