#kT				rhoV			rhoL			muCoex				freeEnergy		
4.00000000e-01 	8.08748043e-05 	8.08879098e-01 	-9.42486363e+00 	-8.07836019e-05 	
4.10000000e-01 	1.08293271e-04 	8.03590503e-01 	-9.13360218e+00 	-1.08134371e-04 	
4.20000000e-01 	1.42748224e-04 	7.98317591e-01 	-8.85818932e+00 	-1.42479777e-04 	
4.30000000e-01 	1.85454038e-04 	7.93058190e-01 	-8.59745719e+00 	-1.85013247e-04 	
4.40000000e-01 	2.37720166e-04 	7.87810212e-01 	-8.35034749e+00 	-2.37015203e-04 	
4.50000000e-01 	3.00943896e-04 	7.82571644e-01 	-8.11589904e+00 	-2.99843621e-04 	
4.60000000e-01 	3.76602218e-04 	7.77340543e-01 	-7.89323692e+00 	-3.74923401e-04 	
4.70000000e-01 	4.66243140e-04 	7.72115024e-01 	-7.68156314e+00 	-4.63734884e-04 	
4.80000000e-01 	5.71476796e-04 	7.66893256e-01 	-7.48014836e+00 	-5.67801892e-04 	
4.90000000e-01 	6.93966593e-04 	7.61673460e-01 	-7.28832476e+00 	-6.88679562e-04 	
5.00000000e-01 	8.35420655e-04 	7.56453894e-01 	-7.10547971e+00 	-8.27942285e-04 	
5.10000000e-01 	9.97583800e-04 	7.51232859e-01 	-6.93105025e+00 	-9.87172009e-04 	
5.20000000e-01 	1.18223013e-03 	7.46008683e-01 	-6.76451818e+00 	-1.16794705e-03 	
5.30000000e-01 	1.39115645e-03 	7.40779724e-01 	-6.60540577e+00 	-1.37183166e-03 	
5.40000000e-01 	1.62617655e-03 	7.35544363e-01 	-6.45327187e+00 	-1.60036638e-03 	
5.50000000e-01 	1.88911639e-03 	7.30300998e-01 	-6.30770856e+00 	-1.85505937e-03 	
5.60000000e-01 	2.18181019e-03 	7.25048040e-01 	-6.16833807e+00 	-2.13737859e-03 	
5.70000000e-01 	2.50609755e-03 	7.19783909e-01 	-6.03481010e+00 	-2.44874508e-03 	
5.80000000e-01 	2.86382138e-03 	7.14507033e-01 	-5.90679940e+00 	-2.79052710e-03 	
5.90000000e-01 	3.25682676e-03 	7.09215837e-01 	-5.78400358e+00 	-3.16403527e-03 	
6.00000000e-01 	3.68696077e-03 	7.03908742e-01 	-5.66614117e+00 	-3.57051871e-03 	
6.10000000e-01 	4.15607281e-03 	6.98584167e-01 	-5.55294987e+00 	-4.01116168e-03 	
6.20000000e-01 	4.66601625e-03 	6.93240507e-01 	-5.44418494e+00 	-4.48708164e-03 	
6.30000000e-01 	5.21865026e-03 	6.87876141e-01 	-5.33961779e+00 	-4.99932741e-03 	
6.40000000e-01 	5.81584226e-03 	6.82489440e-01 	-5.23903478e+00 	-5.54887799e-03 	
6.50000000e-01 	6.45947192e-03 	6.77078734e-01 	-5.14223586e+00 	-6.13664269e-03 	
6.60000000e-01 	7.15143487e-03 	6.71642324e-01 	-5.04903366e+00 	-6.76346107e-03 	
6.70000000e-01 	7.89364739e-03 	6.66178473e-01 	-4.95925248e+00 	-7.43010348e-03 	
6.80000000e-01 	8.68805181e-03 	6.60685400e-01 	-4.87272739e+00 	-8.13727217e-03 	
6.90000000e-01 	9.53662230e-03 	6.55161274e-01 	-4.78930347e+00 	-8.88560251e-03 	
7.00000000e-01 	1.04413717e-02 	6.49604207e-01 	-4.70883503e+00 	-9.67566482e-03 	
7.10000000e-01 	1.14043586e-02 	6.44012249e-01 	-4.63118501e+00 	-1.05079659e-02 	
7.20000000e-01 	1.24276956e-02 	6.38383377e-01 	-4.55622427e+00 	-1.13829516e-02 	
7.30000000e-01 	1.35135577e-02 	6.32715488e-01 	-4.48383114e+00 	-1.23010082e-02 	
7.40000000e-01 	1.46641922e-02 	6.27006391e-01 	-4.41389083e+00 	-1.32624653e-02 	
7.50000000e-01 	1.58819293e-02 	6.21253794e-01 	-4.34629499e+00 	-1.42675982e-02 	
7.60000000e-01 	1.71691940e-02 	6.15455299e-01 	-4.28094125e+00 	-1.53166301e-02 	
7.70000000e-01 	1.85285187e-02 	6.09608381e-01 	-4.21773285e+00 	-1.64097344e-02 	
7.80000000e-01 	1.99625574e-02 	6.03710384e-01 	-4.15657824e+00 	-1.75470375e-02 	
7.90000000e-01 	2.14741022e-02 	5.97758496e-01 	-4.09739079e+00 	-1.87286210e-02 	
8.00000000e-01 	2.30661004e-02 	5.91749740e-01 	-4.04008840e+00 	-1.99545241e-02 	
8.10000000e-01 	2.47416747e-02 	5.85680953e-01 	-3.98459330e+00 	-2.12247462e-02 	
8.20000000e-01 	2.65041461e-02 	5.79548759e-01 	-3.93083167e+00 	-2.25392491e-02 	
8.30000000e-01 	2.83570584e-02 	5.73349552e-01 	-3.87873352e+00 	-2.38979590e-02 	
8.40000000e-01 	3.03042080e-02 	5.67079461e-01 	-3.82823236e+00 	-2.53007692e-02 	
8.50000000e-01 	3.23496767e-02 	5.60734324e-01 	-3.77926500e+00 	-2.67475418e-02 	
8.60000000e-01 	3.44978693e-02 	5.54309645e-01 	-3.73177140e+00 	-2.82381096e-02 	
8.70000000e-01 	3.67535587e-02 	5.47800552e-01 	-3.68569444e+00 	-2.97722789e-02 	
8.80000000e-01 	3.91219364e-02 	5.41201748e-01 	-3.64097977e+00 	-3.13498306e-02 	
8.90000000e-01 	4.16086727e-02 	5.34507452e-01 	-3.59757562e+00 	-3.29705220e-02 	
9.00000000e-01 	4.42199883e-02 	5.27711324e-01 	-3.55543269e+00 	-3.46340893e-02 	
9.10000000e-01 	4.69627373e-02 	5.20806386e-01 	-3.51450399e+00 	-3.63402482e-02 	
9.20000000e-01 	4.98445102e-02 	5.13784921e-01 	-3.47474470e+00 	-3.80886969e-02 	
9.30000000e-01 	5.28737518e-02 	5.06638347e-01 	-3.43611207e+00 	-3.98791155e-02 	
9.40000000e-01 	5.60599144e-02 	4.99357078e-01 	-3.39856528e+00 	-4.17111698e-02 	
9.50000000e-01 	5.94136345e-02 	4.91930335e-01 	-3.36206537e+00 	-4.35845106e-02 	
9.60000000e-01 	6.29469624e-02 	4.84345922e-01 	-3.32657511e+00 	-4.54987764e-02 	
9.70000000e-01 	6.66736441e-02 	4.76589946e-01 	-3.29205892e+00 	-4.74535938e-02 	
9.80000000e-01 	7.06094836e-02 	4.68646453e-01 	-3.25848275e+00 	-4.94485792e-02 	
9.90000000e-01 	7.47728057e-02 	4.60496965e-01 	-3.22581408e+00 	-5.14833393e-02 	
1.00000000e+00 	7.91850656e-02 	4.52119873e-01 	-3.19402174e+00 	-5.35574723e-02 	
1.01000000e+00 	8.38716624e-02 	4.43489620e-01 	-3.16307593e+00 	-5.56705693e-02 	
1.02000000e+00 	8.88630396e-02 	4.34575606e-01 	-3.13294806e+00 	-5.78222147e-02 	
1.03000000e+00 	9.41962213e-02 	4.25340648e-01 	-3.10361079e+00 	-6.00119872e-02 	
1.04000000e+00 	9.99170025e-02 	4.15738788e-01 	-3.07503788e+00 	-6.22394601e-02 	
1.05000000e+00 	1.06083185e-01 	4.05712065e-01 	-3.04720418e+00 	-6.45042032e-02 	
1.06000000e+00 	1.12769520e-01 	3.95185565e-01 	-3.02008556e+00 	-6.68057825e-02 	
1.07000000e+00 	1.20075640e-01 	3.84059496e-01 	-2.99365887e+00 	-6.91437612e-02 	
1.08000000e+00 	1.28139499e-01 	3.72195737e-01 	-2.96790189e+00 	-7.15176997e-02 	
1.09000000e+00 	1.37161950e-01 	3.59393275e-01 	-2.94279329e+00 	-7.39271578e-02 	
1.10000000e+00 	1.47456250e-01 	3.45338690e-01 	-2.91831256e+00 	-7.63716933e-02 	
1.11000000e+00 	1.59563012e-01 	3.29491206e-01 	-2.89444001e+00 	-7.88508636e-02 	
1.12000000e+00 	1.74583389e-01 	3.10749508e-01 	-2.87115671e+00 	-8.13642258e-02 	
1.13000000e+00 	1.95664580e-01 	2.85966235e-01 	-2.84844446e+00 	-8.39113374e-02 	
1.13500000e+00 	2.12776438e-01 	2.67010500e-01 	-2.83729698e+00 	-8.51974110e-02 	
1.13750000e+00 	2.30351829e-01 	2.48514953e-01 	-2.83177447e+00 	-8.58435531e-02 	
1.13765625e+00 	2.32951443e-01 	2.45857870e-01 	-2.83143043e+00 	-8.58840054e-02 	
1.13773438e+00 	2.34782972e-01 	2.43997605e-01 	-2.83125847e+00 	-8.59042346e-02 	
1.13777344e+00 	2.36063653e-01 	2.42702558e-01 	-2.83117250e+00 	-8.59143500e-02 	
1.13779297e+00 	2.36947562e-01 	2.41811466e-01 	-2.83112951e+00 	-8.59194079e-02 	
1.13780273e+00 	2.37544092e-01 	2.41211345e-01 	-2.83110802e+00 	-8.59219369e-02 	
1.13780762e+00 	2.37932492e-01 	2.40821144e-01 	-2.83109728e+00 	-8.59232014e-02 	
1.13781006e+00 	2.38173028e-01 	2.40579705e-01 	-2.83109191e+00 	-8.59238336e-02 	
1.13781128e+00 	2.38313608e-01 	2.40438692e-01 	-2.83108922e+00 	-8.59241497e-02 	
