# x              	y             
0.7 	0.81417
0.700701 	0.81417
0.701401 	0.814171
0.702102 	0.814174
0.702803 	0.814177
0.703504 	0.814181
0.704204 	0.814186
0.704905 	0.814192
0.705606 	0.814199
0.706306 	0.814207
0.707007 	0.814215
0.707708 	0.814225
0.708408 	0.814236
0.709109 	0.814247
0.70981 	0.81426
0.710511 	0.814273
0.711211 	0.814287
0.711912 	0.814302
0.712613 	0.814318
0.713313 	0.814335
0.714014 	0.814353
0.714715 	0.814372
0.715415 	0.814391
0.716116 	0.814411
0.716817 	0.814432
0.717518 	0.814454
0.718218 	0.814477
0.718919 	0.814501
0.71962 	0.814525
0.72032 	0.814551
0.721021 	0.814577
0.721722 	0.814604
0.722422 	0.814632
0.723123 	0.81466
0.723824 	0.81469
0.724525 	0.81472
0.725225 	0.814751
0.725926 	0.814782
0.726627 	0.814815
0.727327 	0.814848
0.728028 	0.814882
0.728729 	0.814917
0.729429 	0.814953
0.73013 	0.814989
0.730831 	0.815026
0.731532 	0.815064
0.732232 	0.815103
0.732933 	0.815142
0.733634 	0.815182
0.734334 	0.815223
0.735035 	0.815264
0.735736 	0.815307
0.736436 	0.81535
0.737137 	0.815393
0.737838 	0.815438
0.738539 	0.815483
0.739239 	0.815529
0.73994 	0.815575
0.740641 	0.815622
0.741341 	0.81567
0.742042 	0.815718
0.742743 	0.815768
0.743443 	0.815818
0.744144 	0.815868
0.744845 	0.815919
0.745546 	0.815971
0.746246 	0.816024
0.746947 	0.816077
0.747648 	0.816131
0.748348 	0.816185
0.749049 	0.81624
0.74975 	0.816296
0.75045 	0.816352
0.751151 	0.816409
0.751852 	0.816467
0.752553 	0.816525
0.753253 	0.816584
0.753954 	0.816643
0.754655 	0.816704
0.755355 	0.816764
0.756056 	0.816826
0.756757 	0.816887
0.757457 	0.81695
0.758158 	0.817013
0.758859 	0.817077
0.75956 	0.817141
0.76026 	0.817206
0.760961 	0.817271
0.761662 	0.817337
0.762362 	0.817403
0.763063 	0.81747
0.763764 	0.817538
0.764464 	0.817606
0.765165 	0.817675
0.765866 	0.817744
0.766567 	0.817814
0.767267 	0.817885
0.767968 	0.817955
0.768669 	0.818027
0.769369 	0.818099
0.77007 	0.818171
0.770771 	0.818245
0.771471 	0.818318
0.772172 	0.818392
0.772873 	0.818467
0.773574 	0.818542
0.774274 	0.818618
0.774975 	0.818694
0.775676 	0.81877
0.776376 	0.818847
0.777077 	0.818925
0.777778 	0.819003
0.778478 	0.819082
0.779179 	0.819161
0.77988 	0.81924
0.780581 	0.819321
0.781281 	0.819401
0.781982 	0.819482
0.782683 	0.819564
0.783383 	0.819646
0.784084 	0.819728
0.784785 	0.819811
0.785485 	0.819894
0.786186 	0.819978
0.786887 	0.820062
0.787588 	0.820147
0.788288 	0.820232
0.788989 	0.820318
0.78969 	0.820404
0.79039 	0.82049
0.791091 	0.820577
0.791792 	0.820664
0.792492 	0.820752
0.793193 	0.82084
0.793894 	0.820929
0.794595 	0.821018
0.795295 	0.821108
0.795996 	0.821197
0.796697 	0.821288
0.797397 	0.821379
0.798098 	0.82147
0.798799 	0.821561
0.799499 	0.821653
0.8002 	0.821745
0.800901 	0.821838
0.801602 	0.821931
0.802302 	0.822025
0.803003 	0.822119
0.803704 	0.822213
0.804404 	0.822308
0.805105 	0.822403
0.805806 	0.822498
0.806507 	0.822594
0.807207 	0.82269
0.807908 	0.822787
0.808609 	0.822884
0.809309 	0.822981
0.81001 	0.823079
0.810711 	0.823177
0.811411 	0.823275
0.812112 	0.823374
0.812813 	0.823473
0.813514 	0.823573
0.814214 	0.823673
0.814915 	0.823773
0.815616 	0.823874
0.816316 	0.823974
0.817017 	0.824076
0.817718 	0.824177
0.818418 	0.824279
0.819119 	0.824381
0.81982 	0.824484
0.820521 	0.824587
0.821221 	0.82469
0.821922 	0.824794
0.822623 	0.824898
0.823323 	0.825002
0.824024 	0.825107
0.824725 	0.825211
0.825425 	0.825317
0.826126 	0.825422
0.826827 	0.825528
0.827528 	0.825634
0.828228 	0.825741
0.828929 	0.825847
0.82963 	0.825954
0.83033 	0.826062
0.831031 	0.826169
0.831732 	0.826277
0.832432 	0.826386
0.833133 	0.826494
0.833834 	0.826603
0.834535 	0.826712
0.835235 	0.826822
0.835936 	0.826931
0.836637 	0.827042
0.837337 	0.827152
0.838038 	0.827262
0.838739 	0.827373
0.839439 	0.827484
0.84014 	0.827596
0.840841 	0.827708
0.841542 	0.82782
0.842242 	0.827932
0.842943 	0.828044
0.843644 	0.828157
0.844344 	0.82827
0.845045 	0.828384
0.845746 	0.828497
0.846446 	0.828611
0.847147 	0.828725
0.847848 	0.82884
0.848549 	0.828954
0.849249 	0.829069
0.84995 	0.829184
0.850651 	0.8293
0.851351 	0.829415
0.852052 	0.829531
0.852753 	0.829647
0.853453 	0.829764
0.854154 	0.829881
0.854855 	0.829997
0.855556 	0.830115
0.856256 	0.830232
0.856957 	0.83035
0.857658 	0.830467
0.858358 	0.830586
0.859059 	0.830704
0.85976 	0.830822
0.86046 	0.830941
0.861161 	0.83106
0.861862 	0.831179
0.862563 	0.831299
0.863263 	0.831419
0.863964 	0.831539
0.864665 	0.831659
0.865365 	0.831779
0.866066 	0.8319
0.866767 	0.832021
0.867467 	0.832142
0.868168 	0.832263
0.868869 	0.832384
0.86957 	0.832506
0.87027 	0.832628
0.870971 	0.83275
0.871672 	0.832872
0.872372 	0.832995
0.873073 	0.833118
0.873774 	0.83324
0.874474 	0.833364
0.875175 	0.833487
0.875876 	0.83361
0.876577 	0.833734
0.877277 	0.833858
0.877978 	0.833982
0.878679 	0.834107
0.879379 	0.834231
0.88008 	0.834356
0.880781 	0.834481
0.881481 	0.834606
0.882182 	0.834731
0.882883 	0.834857
0.883584 	0.834982
0.884284 	0.835108
0.884985 	0.835234
0.885686 	0.835361
0.886386 	0.835487
0.887087 	0.835614
0.887788 	0.83574
0.888488 	0.835867
0.889189 	0.835995
0.88989 	0.836122
0.890591 	0.836249
0.891291 	0.836377
0.891992 	0.836505
0.892693 	0.836633
0.893393 	0.836761
0.894094 	0.83689
0.894795 	0.837018
0.895495 	0.837147
0.896196 	0.837276
0.896897 	0.837405
0.897598 	0.837534
0.898298 	0.837664
0.898999 	0.837793
0.8997 	0.837923
0.9004 	0.838053
0.901101 	0.838183
0.901802 	0.838313
0.902503 	0.838444
0.903203 	0.838574
0.903904 	0.838705
0.904605 	0.838836
0.905305 	0.838967
0.906006 	0.839098
0.906707 	0.839229
0.907407 	0.839361
0.908108 	0.839492
0.908809 	0.839624
0.90951 	0.839756
0.91021 	0.839888
0.910911 	0.84002
0.911612 	0.840153
0.912312 	0.840285
0.913013 	0.840418
0.913714 	0.840551
0.914414 	0.840684
0.915115 	0.840817
0.915816 	0.84095
0.916517 	0.841084
0.917217 	0.841217
0.917918 	0.841351
0.918619 	0.841485
0.919319 	0.841619
0.92002 	0.841753
0.920721 	0.841887
0.921421 	0.842021
0.922122 	0.842156
0.922823 	0.842291
0.923524 	0.842426
0.924224 	0.84256
0.924925 	0.842696
0.925626 	0.842831
0.926326 	0.842966
0.927027 	0.843102
0.927728 	0.843237
0.928428 	0.843373
0.929129 	0.843509
0.92983 	0.843645
0.930531 	0.843781
0.931231 	0.843917
0.931932 	0.844053
0.932633 	0.84419
0.933333 	0.844327
0.934034 	0.844463
0.934735 	0.8446
0.935435 	0.844737
0.936136 	0.844874
0.936837 	0.845012
0.937538 	0.845149
0.938238 	0.845286
0.938939 	0.845424
0.93964 	0.845562
0.94034 	0.845699
0.941041 	0.845837
0.941742 	0.845976
0.942442 	0.846114
0.943143 	0.846252
0.943844 	0.84639
0.944545 	0.846529
0.945245 	0.846668
0.945946 	0.846806
0.946647 	0.846945
0.947347 	0.847084
0.948048 	0.847223
0.948749 	0.847363
0.949449 	0.847502
0.95015 	0.847641
0.950851 	0.847781
0.951552 	0.84792
0.952252 	0.84806
0.952953 	0.8482
0.953654 	0.84834
0.954354 	0.84848
0.955055 	0.84862
0.955756 	0.848761
0.956456 	0.848901
0.957157 	0.849041
0.957858 	0.849182
0.958559 	0.849323
0.959259 	0.849463
0.95996 	0.849604
0.960661 	0.849745
0.961361 	0.849886
0.962062 	0.850028
0.962763 	0.850169
0.963463 	0.85031
0.964164 	0.850452
0.964865 	0.850593
0.965566 	0.850735
0.966266 	0.850877
0.966967 	0.851019
0.967668 	0.851161
0.968368 	0.851303
0.969069 	0.851445
0.96977 	0.851587
0.97047 	0.85173
0.971171 	0.851872
0.971872 	0.852015
0.972573 	0.852157
0.973273 	0.8523
0.973974 	0.852443
0.974675 	0.852586
0.975375 	0.852729
0.976076 	0.852872
0.976777 	0.853015
0.977477 	0.853158
0.978178 	0.853302
0.978879 	0.853445
0.97958 	0.853589
0.98028 	0.853732
0.980981 	0.853876
0.981682 	0.85402
0.982382 	0.854164
0.983083 	0.854307
0.983784 	0.854452
0.984484 	0.854596
0.985185 	0.85474
0.985886 	0.854884
0.986587 	0.855029
0.987287 	0.855173
0.987988 	0.855318
0.988689 	0.855462
0.989389 	0.855607
0.99009 	0.855752
0.990791 	0.855896
0.991491 	0.856041
0.992192 	0.856186
0.992893 	0.856332
0.993594 	0.856477
0.994294 	0.856622
0.994995 	0.856767
0.995696 	0.856913
0.996396 	0.857058
0.997097 	0.857204
0.997798 	0.857349
0.998498 	0.857495
0.999199 	0.857641
0.9999 	0.857787
1.0006 	0.857933
1.0013 	0.858079
1.002 	0.858225
1.0027 	0.858371
1.0034 	0.858517
1.0041 	0.858663
1.0048 	0.85881
1.00551 	0.858956
1.00621 	0.859103
1.00691 	0.859249
1.00761 	0.859396
1.00831 	0.859543
1.00901 	0.859689
1.00971 	0.859836
1.01041 	0.859983
1.01111 	0.86013
1.01181 	0.860277
1.01251 	0.860424
1.01321 	0.860572
1.01391 	0.860719
1.01461 	0.860866
1.01532 	0.861014
1.01602 	0.861161
1.01672 	0.861309
1.01742 	0.861456
1.01812 	0.861604
1.01882 	0.861751
1.01952 	0.861899
1.02022 	0.862047
1.02092 	0.862195
1.02162 	0.862343
1.02232 	0.862491
1.02302 	0.862639
1.02372 	0.862787
1.02442 	0.862935
1.02513 	0.863084
1.02583 	0.863232
1.02653 	0.86338
1.02723 	0.863529
1.02793 	0.863677
1.02863 	0.863826
1.02933 	0.863974
1.03003 	0.864123
1.03073 	0.864272
1.03143 	0.864421
1.03213 	0.864569
1.03283 	0.864718
1.03353 	0.864867
1.03423 	0.865016
1.03493 	0.865165
1.03564 	0.865314
1.03634 	0.865464
1.03704 	0.865613
1.03774 	0.865762
1.03844 	0.865911
1.03914 	0.866061
1.03984 	0.86621
1.04054 	0.86636
1.04124 	0.866509
1.04194 	0.866659
1.04264 	0.866808
1.04334 	0.866958
1.04404 	0.867108
1.04474 	0.867258
1.04545 	0.867407
1.04615 	0.867557
1.04685 	0.867707
1.04755 	0.867857
1.04825 	0.868007
1.04895 	0.868157
1.04965 	0.868307
1.05035 	0.868457
1.05105 	0.868608
1.05175 	0.868758
1.05245 	0.868908
1.05315 	0.869059
1.05385 	0.869209
1.05455 	0.869359
1.05526 	0.86951
1.05596 	0.86966
1.05666 	0.869811
1.05736 	0.869961
1.05806 	0.870112
1.05876 	0.870263
1.05946 	0.870413
1.06016 	0.870564
1.06086 	0.870715
1.06156 	0.870866
1.06226 	0.871017
1.06296 	0.871168
1.06366 	0.871319
1.06436 	0.87147
1.06507 	0.871621
1.06577 	0.871772
1.06647 	0.871923
1.06717 	0.872074
1.06787 	0.872225
1.06857 	0.872376
1.06927 	0.872528
1.06997 	0.872679
1.07067 	0.87283
1.07137 	0.872982
1.07207 	0.873133
1.07277 	0.873284
1.07347 	0.873436
1.07417 	0.873587
1.07487 	0.873739
1.07558 	0.873891
1.07628 	0.874042
1.07698 	0.874194
1.07768 	0.874345
1.07838 	0.874497
1.07908 	0.874649
1.07978 	0.874801
1.08048 	0.874952
1.08118 	0.875104
1.08188 	0.875256
1.08258 	0.875408
1.08328 	0.87556
1.08398 	0.875712
1.08468 	0.875864
1.08539 	0.876016
1.08609 	0.876168
1.08679 	0.87632
1.08749 	0.876472
1.08819 	0.876624
1.08889 	0.876776
1.08959 	0.876928
1.09029 	0.87708
1.09099 	0.877233
1.09169 	0.877385
1.09239 	0.877537
1.09309 	0.877689
1.09379 	0.877842
1.09449 	0.877994
1.0952 	0.878146
1.0959 	0.878299
1.0966 	0.878451
1.0973 	0.878603
1.098 	0.878756
1.0987 	0.878908
1.0994 	0.879061
1.1001 	0.879213
1.1008 	0.879366
1.1015 	0.879518
1.1022 	0.879671
1.1029 	0.879823
1.1036 	0.879976
1.1043 	0.880128
1.10501 	0.880281
1.10571 	0.880434
1.10641 	0.880586
1.10711 	0.880739
1.10781 	0.880892
1.10851 	0.881044
1.10921 	0.881197
1.10991 	0.88135
1.11061 	0.881502
1.11131 	0.881655
1.11201 	0.881808
1.11271 	0.881961
1.11341 	0.882113
1.11411 	0.882266
1.11481 	0.882419
1.11552 	0.882572
1.11622 	0.882725
1.11692 	0.882877
1.11762 	0.88303
1.11832 	0.883183
1.11902 	0.883336
1.11972 	0.883489
1.12042 	0.883642
1.12112 	0.883795
1.12182 	0.883948
1.12252 	0.884101
1.12322 	0.884253
1.12392 	0.884406
1.12462 	0.884559
1.12533 	0.884712
1.12603 	0.884865
1.12673 	0.885018
1.12743 	0.885171
1.12813 	0.885324
1.12883 	0.885477
1.12953 	0.88563
1.13023 	0.885783
1.13093 	0.885936
1.13163 	0.886089
1.13233 	0.886242
1.13303 	0.886395
1.13373 	0.886548
1.13443 	0.886701
1.13514 	0.886854
1.13584 	0.887007
1.13654 	0.88716
1.13724 	0.887313
1.13794 	0.887466
1.13864 	0.887619
1.13934 	0.887772
1.14004 	0.887925
1.14074 	0.888078
1.14144 	0.888231
1.14214 	0.888384
1.14284 	0.888537
1.14354 	0.888689
1.14424 	0.888842
1.14494 	0.888995
1.14565 	0.889148
1.14635 	0.889301
1.14705 	0.889454
1.14775 	0.889607
1.14845 	0.88976
1.14915 	0.889913
1.14985 	0.890066
1.15055 	0.890219
1.15125 	0.890372
1.15195 	0.890525
1.15265 	0.890678
1.15335 	0.89083
1.15405 	0.890983
1.15475 	0.891136
1.15546 	0.891289
1.15616 	0.891442
1.15686 	0.891595
1.15756 	0.891748
1.15826 	0.8919
1.15896 	0.892053
1.15966 	0.892206
1.16036 	0.892359
1.16106 	0.892511
1.16176 	0.892664
1.16246 	0.892817
1.16316 	0.89297
1.16386 	0.893122
1.16456 	0.893275
1.16527 	0.893428
1.16597 	0.89358
1.16667 	0.893733
1.16737 	0.893886
1.16807 	0.894038
1.16877 	0.894191
1.16947 	0.894344
1.17017 	0.894496
1.17087 	0.894649
1.17157 	0.894801
1.17227 	0.894954
1.17297 	0.895106
1.17367 	0.895259
1.17437 	0.895411
1.17508 	0.895564
1.17578 	0.895716
1.17648 	0.895868
1.17718 	0.896021
1.17788 	0.896173
1.17858 	0.896326
1.17928 	0.896478
1.17998 	0.89663
1.18068 	0.896783
1.18138 	0.896935
1.18208 	0.897087
1.18278 	0.897239
1.18348 	0.897391
1.18418 	0.897544
1.18488 	0.897696
1.18559 	0.897848
1.18629 	0.898
1.18699 	0.898152
1.18769 	0.898304
1.18839 	0.898456
1.18909 	0.898608
1.18979 	0.89876
1.19049 	0.898912
1.19119 	0.899064
1.19189 	0.899216
1.19259 	0.899368
1.19329 	0.89952
1.19399 	0.899671
1.19469 	0.899823
1.1954 	0.899975
1.1961 	0.900127
1.1968 	0.900278
1.1975 	0.90043
1.1982 	0.900582
1.1989 	0.900733
1.1996 	0.900885
1.2003 	0.901037
1.201 	0.901188
1.2017 	0.90134
1.2024 	0.901491
1.2031 	0.901643
1.2038 	0.901794
1.2045 	0.901945
1.20521 	0.902097
1.20591 	0.902248
1.20661 	0.902399
1.20731 	0.902551
1.20801 	0.902702
1.20871 	0.902853
1.20941 	0.903004
1.21011 	0.903155
1.21081 	0.903306
1.21151 	0.903457
1.21221 	0.903609
1.21291 	0.90376
1.21361 	0.90391
1.21431 	0.904061
1.21502 	0.904212
1.21572 	0.904363
1.21642 	0.904514
1.21712 	0.904665
1.21782 	0.904816
1.21852 	0.904966
1.21922 	0.905117
1.21992 	0.905268
1.22062 	0.905418
1.22132 	0.905569
1.22202 	0.905719
1.22272 	0.90587
1.22342 	0.90602
1.22412 	0.906171
1.22482 	0.906321
1.22553 	0.906472
1.22623 	0.906622
1.22693 	0.906772
1.22763 	0.906922
1.22833 	0.907073
1.22903 	0.907223
1.22973 	0.907373
1.23043 	0.907523
1.23113 	0.907673
1.23183 	0.907823
1.23253 	0.907973
1.23323 	0.908123
1.23393 	0.908273
1.23463 	0.908423
1.23534 	0.908573
1.23604 	0.908723
1.23674 	0.908872
1.23744 	0.909022
1.23814 	0.909172
1.23884 	0.909322
1.23954 	0.909471
1.24024 	0.909621
1.24094 	0.90977
1.24164 	0.90992
1.24234 	0.910069
1.24304 	0.910219
1.24374 	0.910368
1.24444 	0.910517
1.24515 	0.910667
1.24585 	0.910816
1.24655 	0.910965
1.24725 	0.911114
1.24795 	0.911264
1.24865 	0.911413
1.24935 	0.911562
1.25005 	0.911711
1.25075 	0.91186
1.25145 	0.912009
1.25215 	0.912158
1.25285 	0.912307
1.25355 	0.912455
1.25425 	0.912604
1.25495 	0.912753
1.25566 	0.912902
1.25636 	0.91305
1.25706 	0.913199
1.25776 	0.913348
1.25846 	0.913496
1.25916 	0.913645
1.25986 	0.913793
1.26056 	0.913942
1.26126 	0.91409
1.26196 	0.914239
1.26266 	0.914387
1.26336 	0.914535
1.26406 	0.914684
1.26476 	0.914832
1.26547 	0.91498
1.26617 	0.915128
1.26687 	0.915276
1.26757 	0.915424
1.26827 	0.915572
1.26897 	0.91572
1.26967 	0.915868
1.27037 	0.916016
1.27107 	0.916164
1.27177 	0.916312
1.27247 	0.91646
1.27317 	0.916608
1.27387 	0.916756
1.27457 	0.916903
1.27528 	0.917051
1.27598 	0.917199
1.27668 	0.917346
1.27738 	0.917494
1.27808 	0.917642
1.27878 	0.917789
1.27948 	0.917937
1.28018 	0.918084
1.28088 	0.918231
1.28158 	0.918379
1.28228 	0.918526
1.28298 	0.918674
1.28368 	0.918821
1.28438 	0.918968
1.28509 	0.919115
1.28579 	0.919263
1.28649 	0.91941
1.28719 	0.919557
1.28789 	0.919704
1.28859 	0.919851
1.28929 	0.919998
1.28999 	0.920145
1.29069 	0.920292
1.29139 	0.920439
1.29209 	0.920586
1.29279 	0.920733
1.29349 	0.92088
1.29419 	0.921027
1.29489 	0.921174
1.2956 	0.921321
1.2963 	0.921468
1.297 	0.921615
1.2977 	0.921761
1.2984 	0.921908
1.2991 	0.922055
1.2998 	0.922202
1.3005 	0.922348
1.3012 	0.922495
1.3019 	0.922642
1.3026 	0.922788
1.3033 	0.922935
1.304 	0.923081
1.3047 	0.923228
1.30541 	0.923375
1.30611 	0.923521
1.30681 	0.923668
1.30751 	0.923814
1.30821 	0.923961
1.30891 	0.924107
1.30961 	0.924254
1.31031 	0.9244
1.31101 	0.924547
1.31171 	0.924693
1.31241 	0.92484
1.31311 	0.924986
1.31381 	0.925132
1.31451 	0.925279
1.31522 	0.925425
1.31592 	0.925572
1.31662 	0.925718
1.31732 	0.925864
1.31802 	0.926011
1.31872 	0.926157
1.31942 	0.926303
1.32012 	0.92645
1.32082 	0.926596
1.32152 	0.926743
1.32222 	0.926889
1.32292 	0.927035
1.32362 	0.927182
1.32432 	0.927328
1.32503 	0.927474
1.32573 	0.927621
1.32643 	0.927767
1.32713 	0.927914
1.32783 	0.92806
1.32853 	0.928206
1.32923 	0.928353
1.32993 	0.928499
1.33063 	0.928646
1.33133 	0.928792
1.33203 	0.928939
1.33273 	0.929085
1.33343 	0.929232
1.33413 	0.929378
1.33483 	0.929525
1.33554 	0.929671
1.33624 	0.929818
1.33694 	0.929964
1.33764 	0.930111
1.33834 	0.930258
1.33904 	0.930404
1.33974 	0.930551
1.34044 	0.930698
1.34114 	0.930844
1.34184 	0.930991
1.34254 	0.931138
1.34324 	0.931285
1.34394 	0.931432
1.34464 	0.931579
1.34535 	0.931726
1.34605 	0.931873
1.34675 	0.93202
1.34745 	0.932167
1.34815 	0.932314
1.34885 	0.932461
1.34955 	0.932608
1.35025 	0.932755
1.35095 	0.932902
1.35165 	0.93305
1.35235 	0.933197
1.35305 	0.933344
1.35375 	0.933492
1.35445 	0.933639
1.35516 	0.933787
1.35586 	0.933935
1.35656 	0.934082
1.35726 	0.93423
1.35796 	0.934378
1.35866 	0.934526
1.35936 	0.934673
1.36006 	0.934821
1.36076 	0.934969
1.36146 	0.935118
1.36216 	0.935266
1.36286 	0.935414
1.36356 	0.935562
1.36426 	0.935711
1.36496 	0.935859
1.36567 	0.936008
1.36637 	0.936156
1.36707 	0.936305
1.36777 	0.936454
1.36847 	0.936602
1.36917 	0.936751
1.36987 	0.9369
1.37057 	0.93705
1.37127 	0.937199
1.37197 	0.937348
1.37267 	0.937497
1.37337 	0.937647
1.37407 	0.937797
1.37477 	0.937946
1.37548 	0.938096
1.37618 	0.938246
1.37688 	0.938396
1.37758 	0.938546
1.37828 	0.938696
1.37898 	0.938846
1.37968 	0.938997
1.38038 	0.939147
1.38108 	0.939298
1.38178 	0.939449
1.38248 	0.9396
1.38318 	0.939751
1.38388 	0.939902
1.38458 	0.940053
1.38529 	0.940205
1.38599 	0.940356
1.38669 	0.940508
1.38739 	0.94066
1.38809 	0.940812
1.38879 	0.940964
1.38949 	0.941116
1.39019 	0.941268
1.39089 	0.941421
1.39159 	0.941573
1.39229 	0.941726
1.39299 	0.941879
1.39369 	0.942032
1.39439 	0.942186
1.3951 	0.942339
1.3958 	0.942493
1.3965 	0.942646
1.3972 	0.9428
1.3979 	0.942955
1.3986 	0.943109
1.3993 	0.943263
1.4 	0.943418
