# x              	y             
0.7 	-5.32236
0.700701 	-5.30762
0.701401 	-5.29289
0.702102 	-5.27816
0.702803 	-5.26345
0.703504 	-5.24874
0.704204 	-5.23404
0.704905 	-5.21934
0.705606 	-5.20465
0.706306 	-5.18997
0.707007 	-5.1753
0.707708 	-5.16063
0.708408 	-5.14598
0.709109 	-5.13133
0.70981 	-5.11669
0.710511 	-5.10205
0.711211 	-5.08742
0.711912 	-5.07281
0.712613 	-5.0582
0.713313 	-5.04359
0.714014 	-5.029
0.714715 	-5.01441
0.715415 	-4.99983
0.716116 	-4.98526
0.716817 	-4.9707
0.717518 	-4.95615
0.718218 	-4.9416
0.718919 	-4.92706
0.71962 	-4.91253
0.72032 	-4.89801
0.721021 	-4.8835
0.721722 	-4.869
0.722422 	-4.8545
0.723123 	-4.84001
0.723824 	-4.82553
0.724525 	-4.81106
0.725225 	-4.7966
0.725926 	-4.78215
0.726627 	-4.76771
0.727327 	-4.75327
0.728028 	-4.73885
0.728729 	-4.72443
0.729429 	-4.71002
0.73013 	-4.69562
0.730831 	-4.68123
0.731532 	-4.66685
0.732232 	-4.65248
0.732933 	-4.63811
0.733634 	-4.62376
0.734334 	-4.60941
0.735035 	-4.59508
0.735736 	-4.58075
0.736436 	-4.56643
0.737137 	-4.55212
0.737838 	-4.53782
0.738539 	-4.52353
0.739239 	-4.50925
0.73994 	-4.49498
0.740641 	-4.48072
0.741341 	-4.46646
0.742042 	-4.45222
0.742743 	-4.43799
0.743443 	-4.42376
0.744144 	-4.40955
0.744845 	-4.39534
0.745546 	-4.38115
0.746246 	-4.36696
0.746947 	-4.35278
0.747648 	-4.33862
0.748348 	-4.32446
0.749049 	-4.31031
0.74975 	-4.29618
0.75045 	-4.28205
0.751151 	-4.26793
0.751852 	-4.25382
0.752553 	-4.23972
0.753253 	-4.22564
0.753954 	-4.21156
0.754655 	-4.19749
0.755355 	-4.18343
0.756056 	-4.16938
0.756757 	-4.15534
0.757457 	-4.14131
0.758158 	-4.12729
0.758859 	-4.11329
0.75956 	-4.09929
0.76026 	-4.0853
0.760961 	-4.07132
0.761662 	-4.05735
0.762362 	-4.04339
0.763063 	-4.02944
0.763764 	-4.01551
0.764464 	-4.00158
0.765165 	-3.98766
0.765866 	-3.97375
0.766567 	-3.95986
0.767267 	-3.94597
0.767968 	-3.93209
0.768669 	-3.91823
0.769369 	-3.90437
0.77007 	-3.89053
0.770771 	-3.87669
0.771471 	-3.86287
0.772172 	-3.84905
0.772873 	-3.83525
0.773574 	-3.82145
0.774274 	-3.80767
0.774975 	-3.7939
0.775676 	-3.78014
0.776376 	-3.76638
0.777077 	-3.75264
0.777778 	-3.73891
0.778478 	-3.72519
0.779179 	-3.71148
0.77988 	-3.69778
0.780581 	-3.68409
0.781281 	-3.67041
0.781982 	-3.65675
0.782683 	-3.64309
0.783383 	-3.62944
0.784084 	-3.61581
0.784785 	-3.60218
0.785485 	-3.58857
0.786186 	-3.57496
0.786887 	-3.56137
0.787588 	-3.54779
0.788288 	-3.53422
0.788989 	-3.52065
0.78969 	-3.5071
0.79039 	-3.49356
0.791091 	-3.48003
0.791792 	-3.46652
0.792492 	-3.45301
0.793193 	-3.43951
0.793894 	-3.42602
0.794595 	-3.41255
0.795295 	-3.39908
0.795996 	-3.38563
0.796697 	-3.37219
0.797397 	-3.35875
0.798098 	-3.34533
0.798799 	-3.33192
0.799499 	-3.31852
0.8002 	-3.30513
0.800901 	-3.29175
0.801602 	-3.27838
0.802302 	-3.26503
0.803003 	-3.25168
0.803704 	-3.23834
0.804404 	-3.22502
0.805105 	-3.2117
0.805806 	-3.1984
0.806507 	-3.18511
0.807207 	-3.17183
0.807908 	-3.15856
0.808609 	-3.1453
0.809309 	-3.13205
0.81001 	-3.11881
0.810711 	-3.10558
0.811411 	-3.09237
0.812112 	-3.07916
0.812813 	-3.06596
0.813514 	-3.05278
0.814214 	-3.03961
0.814915 	-3.02645
0.815616 	-3.01329
0.816316 	-3.00015
0.817017 	-2.98702
0.817718 	-2.9739
0.818418 	-2.9608
0.819119 	-2.9477
0.81982 	-2.93461
0.820521 	-2.92154
0.821221 	-2.90847
0.821922 	-2.89542
0.822623 	-2.88238
0.823323 	-2.86934
0.824024 	-2.85632
0.824725 	-2.84331
0.825425 	-2.83031
0.826126 	-2.81732
0.826827 	-2.80435
0.827528 	-2.79138
0.828228 	-2.77842
0.828929 	-2.76548
0.82963 	-2.75254
0.83033 	-2.73962
0.831031 	-2.7267
0.831732 	-2.7138
0.832432 	-2.70091
0.833133 	-2.68803
0.833834 	-2.67516
0.834535 	-2.6623
0.835235 	-2.64945
0.835936 	-2.63662
0.836637 	-2.62379
0.837337 	-2.61097
0.838038 	-2.59817
0.838739 	-2.58538
0.839439 	-2.57259
0.84014 	-2.55982
0.840841 	-2.54706
0.841542 	-2.53431
0.842242 	-2.52157
0.842943 	-2.50884
0.843644 	-2.49612
0.844344 	-2.48341
0.845045 	-2.47071
0.845746 	-2.45802
0.846446 	-2.44535
0.847147 	-2.43268
0.847848 	-2.42003
0.848549 	-2.40738
0.849249 	-2.39475
0.84995 	-2.38213
0.850651 	-2.36952
0.851351 	-2.35692
0.852052 	-2.34433
0.852753 	-2.33175
0.853453 	-2.31918
0.854154 	-2.30662
0.854855 	-2.29407
0.855556 	-2.28153
0.856256 	-2.26901
0.856957 	-2.25649
0.857658 	-2.24398
0.858358 	-2.23149
0.859059 	-2.219
0.85976 	-2.20653
0.86046 	-2.19407
0.861161 	-2.18161
0.861862 	-2.16917
0.862563 	-2.15674
0.863263 	-2.14432
0.863964 	-2.13191
0.864665 	-2.11951
0.865365 	-2.10712
0.866066 	-2.09474
0.866767 	-2.08237
0.867467 	-2.07001
0.868168 	-2.05767
0.868869 	-2.04533
0.86957 	-2.033
0.87027 	-2.02069
0.870971 	-2.00838
0.871672 	-1.99608
0.872372 	-1.9838
0.873073 	-1.97152
0.873774 	-1.95926
0.874474 	-1.94701
0.875175 	-1.93476
0.875876 	-1.92253
0.876577 	-1.91031
0.877277 	-1.89809
0.877978 	-1.88589
0.878679 	-1.8737
0.879379 	-1.86152
0.88008 	-1.84935
0.880781 	-1.83719
0.881481 	-1.82503
0.882182 	-1.81289
0.882883 	-1.80076
0.883584 	-1.78864
0.884284 	-1.77653
0.884985 	-1.76443
0.885686 	-1.75234
0.886386 	-1.74026
0.887087 	-1.72819
0.887788 	-1.71614
0.888488 	-1.70409
0.889189 	-1.69205
0.88989 	-1.68002
0.890591 	-1.668
0.891291 	-1.65599
0.891992 	-1.64399
0.892693 	-1.632
0.893393 	-1.62003
0.894094 	-1.60806
0.894795 	-1.5961
0.895495 	-1.58415
0.896196 	-1.57221
0.896897 	-1.56028
0.897598 	-1.54837
0.898298 	-1.53646
0.898999 	-1.52456
0.8997 	-1.51267
0.9004 	-1.50079
0.901101 	-1.48892
0.901802 	-1.47706
0.902503 	-1.46521
0.903203 	-1.45337
0.903904 	-1.44155
0.904605 	-1.42973
0.905305 	-1.41792
0.906006 	-1.40612
0.906707 	-1.39433
0.907407 	-1.38255
0.908108 	-1.37077
0.908809 	-1.35901
0.90951 	-1.34726
0.91021 	-1.33552
0.910911 	-1.32379
0.911612 	-1.31207
0.912312 	-1.30036
0.913013 	-1.28865
0.913714 	-1.27696
0.914414 	-1.26528
0.915115 	-1.2536
0.915816 	-1.24194
0.916517 	-1.23028
0.917217 	-1.21864
0.917918 	-1.207
0.918619 	-1.19538
0.919319 	-1.18376
0.92002 	-1.17215
0.920721 	-1.16056
0.921421 	-1.14897
0.922122 	-1.13739
0.922823 	-1.12582
0.923524 	-1.11426
0.924224 	-1.10271
0.924925 	-1.09117
0.925626 	-1.07964
0.926326 	-1.06812
0.927027 	-1.05661
0.927728 	-1.0451
0.928428 	-1.03361
0.929129 	-1.02213
0.92983 	-1.01065
0.930531 	-0.999185
0.931231 	-0.987729
0.931932 	-0.976282
0.932633 	-0.964844
0.933333 	-0.953415
0.934034 	-0.941996
0.934735 	-0.930585
0.935435 	-0.919184
0.936136 	-0.907792
0.936837 	-0.89641
0.937538 	-0.885036
0.938238 	-0.873672
0.938939 	-0.862316
0.93964 	-0.85097
0.94034 	-0.839633
0.941041 	-0.828305
0.941742 	-0.816986
0.942442 	-0.805676
0.943143 	-0.794375
0.943844 	-0.783083
0.944545 	-0.7718
0.945245 	-0.760526
0.945946 	-0.749261
0.946647 	-0.738005
0.947347 	-0.726758
0.948048 	-0.71552
0.948749 	-0.70429
0.949449 	-0.69307
0.95015 	-0.681858
0.950851 	-0.670656
0.951552 	-0.659462
0.952252 	-0.648277
0.952953 	-0.637101
0.953654 	-0.625933
0.954354 	-0.614775
0.955055 	-0.603625
0.955756 	-0.592484
0.956456 	-0.581352
0.957157 	-0.570228
0.957858 	-0.559113
0.958559 	-0.548007
0.959259 	-0.536909
0.95996 	-0.525821
0.960661 	-0.51474
0.961361 	-0.503669
0.962062 	-0.492606
0.962763 	-0.481552
0.963463 	-0.470506
0.964164 	-0.459469
0.964865 	-0.44844
0.965566 	-0.43742
0.966266 	-0.426408
0.966967 	-0.415405
0.967668 	-0.404411
0.968368 	-0.393425
0.969069 	-0.382447
0.96977 	-0.371478
0.97047 	-0.360517
0.971171 	-0.349565
0.971872 	-0.338621
0.972573 	-0.327686
0.973273 	-0.316759
0.973974 	-0.30584
0.974675 	-0.29493
0.975375 	-0.284028
0.976076 	-0.273134
0.976777 	-0.262249
0.977477 	-0.251371
0.978178 	-0.240503
0.978879 	-0.229642
0.97958 	-0.21879
0.98028 	-0.207946
0.980981 	-0.19711
0.981682 	-0.186282
0.982382 	-0.175463
0.983083 	-0.164651
0.983784 	-0.153848
0.984484 	-0.143053
0.985185 	-0.132266
0.985886 	-0.121488
0.986587 	-0.110717
0.987287 	-0.0999543
0.987988 	-0.0891999
0.988689 	-0.0784534
0.989389 	-0.0677151
0.99009 	-0.0569847
0.990791 	-0.0462624
0.991491 	-0.0355481
0.992192 	-0.0248417
0.992893 	-0.0141434
0.993594 	-0.00345295
0.994294 	0.0072295
0.994995 	0.017904
0.995696 	0.0285706
0.996396 	0.0392293
0.997097 	0.0498801
0.997798 	0.0605231
0.998498 	0.0711581
0.999199 	0.0817853
0.9999 	0.0924047
1.0006 	0.103016
1.0013 	0.11362
1.002 	0.124216
1.0027 	0.134804
1.0034 	0.145385
1.0041 	0.155957
1.0048 	0.166522
1.00551 	0.177079
1.00621 	0.187629
1.00691 	0.19817
1.00761 	0.208705
1.00831 	0.219231
1.00901 	0.22975
1.00971 	0.240261
1.01041 	0.250764
1.01111 	0.26126
1.01181 	0.271748
1.01251 	0.282229
1.01321 	0.292702
1.01391 	0.303167
1.01461 	0.313625
1.01532 	0.324076
1.01602 	0.334518
1.01672 	0.344954
1.01742 	0.355382
1.01812 	0.365802
1.01882 	0.376215
1.01952 	0.38662
1.02022 	0.397018
1.02092 	0.407408
1.02162 	0.417791
1.02232 	0.428167
1.02302 	0.438535
1.02372 	0.448896
1.02442 	0.459249
1.02513 	0.469596
1.02583 	0.479934
1.02653 	0.490266
1.02723 	0.50059
1.02793 	0.510906
1.02863 	0.521216
1.02933 	0.531518
1.03003 	0.541813
1.03073 	0.5521
1.03143 	0.56238
1.03213 	0.572653
1.03283 	0.582919
1.03353 	0.593178
1.03423 	0.603429
1.03493 	0.613673
1.03564 	0.62391
1.03634 	0.63414
1.03704 	0.644362
1.03774 	0.654578
1.03844 	0.664786
1.03914 	0.674987
1.03984 	0.685181
1.04054 	0.695368
1.04124 	0.705548
1.04194 	0.71572
1.04264 	0.725886
1.04334 	0.736045
1.04404 	0.746196
1.04474 	0.75634
1.04545 	0.766478
1.04615 	0.776608
1.04685 	0.786732
1.04755 	0.796848
1.04825 	0.806957
1.04895 	0.81706
1.04965 	0.827155
1.05035 	0.837243
1.05105 	0.847325
1.05175 	0.857399
1.05245 	0.867467
1.05315 	0.877527
1.05385 	0.887581
1.05455 	0.897628
1.05526 	0.907668
1.05596 	0.917701
1.05666 	0.927727
1.05736 	0.937746
1.05806 	0.947759
1.05876 	0.957764
1.05946 	0.967763
1.06016 	0.977755
1.06086 	0.98774
1.06156 	0.997718
1.06226 	1.00769
1.06296 	1.01765
1.06366 	1.02761
1.06436 	1.03756
1.06507 	1.04751
1.06577 	1.05745
1.06647 	1.06738
1.06717 	1.0773
1.06787 	1.08722
1.06857 	1.09713
1.06927 	1.10703
1.06997 	1.11693
1.07067 	1.12682
1.07137 	1.1367
1.07207 	1.14658
1.07277 	1.15645
1.07347 	1.16632
1.07417 	1.17617
1.07487 	1.18602
1.07558 	1.19587
1.07628 	1.20571
1.07698 	1.21554
1.07768 	1.22536
1.07838 	1.23518
1.07908 	1.24499
1.07978 	1.25479
1.08048 	1.26459
1.08118 	1.27438
1.08188 	1.28417
1.08258 	1.29395
1.08328 	1.30372
1.08398 	1.31348
1.08468 	1.32324
1.08539 	1.33299
1.08609 	1.34274
1.08679 	1.35248
1.08749 	1.36221
1.08819 	1.37194
1.08889 	1.38166
1.08959 	1.39137
1.09029 	1.40107
1.09099 	1.41078
1.09169 	1.42047
1.09239 	1.43016
1.09309 	1.43984
1.09379 	1.44951
1.09449 	1.45918
1.0952 	1.46884
1.0959 	1.4785
1.0966 	1.48814
1.0973 	1.49779
1.098 	1.50742
1.0987 	1.51705
1.0994 	1.52667
1.1001 	1.53629
1.1008 	1.5459
1.1015 	1.55551
1.1022 	1.5651
1.1029 	1.57469
1.1036 	1.58428
1.1043 	1.59386
1.10501 	1.60343
1.10571 	1.613
1.10641 	1.62256
1.10711 	1.63211
1.10781 	1.64166
1.10851 	1.6512
1.10921 	1.66073
1.10991 	1.67026
1.11061 	1.67978
1.11131 	1.6893
1.11201 	1.69881
1.11271 	1.70831
1.11341 	1.71781
1.11411 	1.7273
1.11481 	1.73678
1.11552 	1.74626
1.11622 	1.75573
1.11692 	1.7652
1.11762 	1.77465
1.11832 	1.78411
1.11902 	1.79355
1.11972 	1.803
1.12042 	1.81243
1.12112 	1.82186
1.12182 	1.83128
1.12252 	1.8407
1.12322 	1.85011
1.12392 	1.85951
1.12462 	1.86891
1.12533 	1.8783
1.12603 	1.88768
1.12673 	1.89706
1.12743 	1.90643
1.12813 	1.9158
1.12883 	1.92516
1.12953 	1.93451
1.13023 	1.94386
1.13093 	1.9532
1.13163 	1.96254
1.13233 	1.97187
1.13303 	1.98119
1.13373 	1.99051
1.13443 	1.99982
1.13514 	2.00912
1.13584 	2.01842
1.13654 	2.02772
1.13724 	2.037
1.13794 	2.04628
1.13864 	2.05556
1.13934 	2.06483
1.14004 	2.07409
1.14074 	2.08335
1.14144 	2.0926
1.14214 	2.10184
1.14284 	2.11108
1.14354 	2.12031
1.14424 	2.12953
1.14494 	2.13875
1.14565 	2.14797
1.14635 	2.15718
1.14705 	2.16638
1.14775 	2.17557
1.14845 	2.18476
1.14915 	2.19395
1.14985 	2.20312
1.15055 	2.21229
1.15125 	2.22146
1.15195 	2.23062
1.15265 	2.23977
1.15335 	2.24892
1.15405 	2.25806
1.15475 	2.2672
1.15546 	2.27633
1.15616 	2.28545
1.15686 	2.29457
1.15756 	2.30368
1.15826 	2.31278
1.15896 	2.32188
1.15966 	2.33097
1.16036 	2.34006
1.16106 	2.34914
1.16176 	2.35822
1.16246 	2.36729
1.16316 	2.37635
1.16386 	2.38541
1.16456 	2.39446
1.16527 	2.4035
1.16597 	2.41254
1.16667 	2.42158
1.16737 	2.4306
1.16807 	2.43963
1.16877 	2.44864
1.16947 	2.45765
1.17017 	2.46665
1.17087 	2.47565
1.17157 	2.48464
1.17227 	2.49363
1.17297 	2.50261
1.17367 	2.51158
1.17437 	2.52055
1.17508 	2.52951
1.17578 	2.53847
1.17648 	2.54742
1.17718 	2.55636
1.17788 	2.5653
1.17858 	2.57423
1.17928 	2.58316
1.17998 	2.59208
1.18068 	2.60099
1.18138 	2.6099
1.18208 	2.61881
1.18278 	2.6277
1.18348 	2.63659
1.18418 	2.64548
1.18488 	2.65436
1.18559 	2.66323
1.18629 	2.6721
1.18699 	2.68096
1.18769 	2.68981
1.18839 	2.69866
1.18909 	2.70751
1.18979 	2.71634
1.19049 	2.72518
1.19119 	2.734
1.19189 	2.74282
1.19259 	2.75164
1.19329 	2.76044
1.19399 	2.76925
1.19469 	2.77804
1.1954 	2.78683
1.1961 	2.79562
1.1968 	2.8044
1.1975 	2.81317
1.1982 	2.82194
1.1989 	2.8307
1.1996 	2.83946
1.2003 	2.84821
1.201 	2.85695
1.2017 	2.86569
1.2024 	2.87442
1.2031 	2.88315
1.2038 	2.89187
1.2045 	2.90058
1.20521 	2.90929
1.20591 	2.91799
1.20661 	2.92669
1.20731 	2.93538
1.20801 	2.94407
1.20871 	2.95275
1.20941 	2.96142
1.21011 	2.97009
1.21081 	2.97875
1.21151 	2.98741
1.21221 	2.99606
1.21291 	3.0047
1.21361 	3.01334
1.21431 	3.02197
1.21502 	3.0306
1.21572 	3.03922
1.21642 	3.04784
1.21712 	3.05645
1.21782 	3.06505
1.21852 	3.07365
1.21922 	3.08224
1.21992 	3.09083
1.22062 	3.09941
1.22132 	3.10798
1.22202 	3.11655
1.22272 	3.12512
1.22342 	3.13367
1.22412 	3.14223
1.22482 	3.15077
1.22553 	3.15931
1.22623 	3.16785
1.22693 	3.17638
1.22763 	3.1849
1.22833 	3.19342
1.22903 	3.20193
1.22973 	3.21044
1.23043 	3.21894
1.23113 	3.22743
1.23183 	3.23592
1.23253 	3.2444
1.23323 	3.25288
1.23393 	3.26135
1.23463 	3.26982
1.23534 	3.27828
1.23604 	3.28673
1.23674 	3.29518
1.23744 	3.30363
1.23814 	3.31206
1.23884 	3.32049
1.23954 	3.32892
1.24024 	3.33734
1.24094 	3.34576
1.24164 	3.35416
1.24234 	3.36257
1.24304 	3.37097
1.24374 	3.37936
1.24444 	3.38774
1.24515 	3.39612
1.24585 	3.4045
1.24655 	3.41287
1.24725 	3.42123
1.24795 	3.42959
1.24865 	3.43794
1.24935 	3.44629
1.25005 	3.45463
1.25075 	3.46297
1.25145 	3.4713
1.25215 	3.47962
1.25285 	3.48794
1.25355 	3.49625
1.25425 	3.50456
1.25495 	3.51286
1.25566 	3.52116
1.25636 	3.52945
1.25706 	3.53774
1.25776 	3.54602
1.25846 	3.55429
1.25916 	3.56256
1.25986 	3.57082
1.26056 	3.57908
1.26126 	3.58733
1.26196 	3.59558
1.26266 	3.60382
1.26336 	3.61206
1.26406 	3.62029
1.26476 	3.62851
1.26547 	3.63673
1.26617 	3.64494
1.26687 	3.65315
1.26757 	3.66135
1.26827 	3.66955
1.26897 	3.67774
1.26967 	3.68593
1.27037 	3.69411
1.27107 	3.70228
1.27177 	3.71045
1.27247 	3.71862
1.27317 	3.72678
1.27387 	3.73493
1.27457 	3.74308
1.27528 	3.75122
1.27598 	3.75936
1.27668 	3.76749
1.27738 	3.77562
1.27808 	3.78374
1.27878 	3.79185
1.27948 	3.79997
1.28018 	3.80807
1.28088 	3.81617
1.28158 	3.82427
1.28228 	3.83235
1.28298 	3.84044
1.28368 	3.84852
1.28438 	3.85659
1.28509 	3.86466
1.28579 	3.87272
1.28649 	3.88078
1.28719 	3.88883
1.28789 	3.89688
1.28859 	3.90492
1.28929 	3.91296
1.28999 	3.92099
1.29069 	3.92902
1.29139 	3.93704
1.29209 	3.94505
1.29279 	3.95306
1.29349 	3.96107
1.29419 	3.96907
1.29489 	3.97707
1.2956 	3.98506
1.2963 	3.99304
1.297 	4.00102
1.2977 	4.009
1.2984 	4.01697
1.2991 	4.02493
1.2998 	4.03289
1.3005 	4.04085
1.3012 	4.0488
1.3019 	4.05674
1.3026 	4.06468
1.3033 	4.07262
1.304 	4.08055
1.3047 	4.08847
1.30541 	4.09639
1.30611 	4.10431
1.30681 	4.11222
1.30751 	4.12012
1.30821 	4.12802
1.30891 	4.13592
1.30961 	4.14381
1.31031 	4.1517
1.31101 	4.15958
1.31171 	4.16745
1.31241 	4.17532
1.31311 	4.18319
1.31381 	4.19105
1.31451 	4.19891
1.31522 	4.20676
1.31592 	4.21461
1.31662 	4.22245
1.31732 	4.23029
1.31802 	4.23813
1.31872 	4.24595
1.31942 	4.25378
1.32012 	4.2616
1.32082 	4.26941
1.32152 	4.27722
1.32222 	4.28503
1.32292 	4.29283
1.32362 	4.30063
1.32432 	4.30842
1.32503 	4.31621
1.32573 	4.32399
1.32643 	4.33177
1.32713 	4.33955
1.32783 	4.34732
1.32853 	4.35508
1.32923 	4.36284
1.32993 	4.3706
1.33063 	4.37835
1.33133 	4.3861
1.33203 	4.39385
1.33273 	4.40159
1.33343 	4.40932
1.33413 	4.41705
1.33483 	4.42478
1.33554 	4.4325
1.33624 	4.44022
1.33694 	4.44794
1.33764 	4.45565
1.33834 	4.46335
1.33904 	4.47106
1.33974 	4.47875
1.34044 	4.48645
1.34114 	4.49414
1.34184 	4.50182
1.34254 	4.50951
1.34324 	4.51718
1.34394 	4.52486
1.34464 	4.53253
1.34535 	4.5402
1.34605 	4.54786
1.34675 	4.55552
1.34745 	4.56317
1.34815 	4.57082
1.34885 	4.57847
1.34955 	4.58611
1.35025 	4.59375
1.35095 	4.60139
1.35165 	4.60902
1.35235 	4.61665
1.35305 	4.62428
1.35375 	4.6319
1.35445 	4.63952
1.35516 	4.64713
1.35586 	4.65475
1.35656 	4.66235
1.35726 	4.66996
1.35796 	4.67756
1.35866 	4.68516
1.35936 	4.69275
1.36006 	4.70034
1.36076 	4.70793
1.36146 	4.71552
1.36216 	4.7231
1.36286 	4.73068
1.36356 	4.73825
1.36426 	4.74582
1.36496 	4.75339
1.36567 	4.76096
1.36637 	4.76852
1.36707 	4.77608
1.36777 	4.78364
1.36847 	4.79119
1.36917 	4.79874
1.36987 	4.80629
1.37057 	4.81384
1.37127 	4.82138
1.37197 	4.82892
1.37267 	4.83645
1.37337 	4.84399
1.37407 	4.85152
1.37477 	4.85905
1.37548 	4.86658
1.37618 	4.8741
1.37688 	4.88162
1.37758 	4.88914
1.37828 	4.89666
1.37898 	4.90417
1.37968 	4.91168
1.38038 	4.91919
1.38108 	4.9267
1.38178 	4.9342
1.38248 	4.94171
1.38318 	4.94921
1.38388 	4.95671
1.38458 	4.9642
1.38529 	4.9717
1.38599 	4.97919
1.38669 	4.98668
1.38739 	4.99417
1.38809 	5.00165
1.38879 	5.00914
1.38949 	5.01662
1.39019 	5.0241
1.39089 	5.03158
1.39159 	5.03906
1.39229 	5.04653
1.39299 	5.05401
1.39369 	5.06148
1.39439 	5.06895
1.3951 	5.07642
1.3958 	5.08389
1.3965 	5.09136
1.3972 	5.09882
1.3979 	5.10629
1.3986 	5.11375
1.3993 	5.12121
1.4 	5.12867
