# x              	y             
0.7 	0.56559
0.700701 	0.566654
0.701401 	0.567709
0.702102 	0.568758
0.702803 	0.5698
0.703504 	0.570834
0.704204 	0.571861
0.704905 	0.572882
0.705606 	0.573895
0.706306 	0.574902
0.707007 	0.575902
0.707708 	0.576895
0.708408 	0.577881
0.709109 	0.578861
0.70981 	0.579834
0.710511 	0.580801
0.711211 	0.581761
0.711912 	0.582715
0.712613 	0.583662
0.713313 	0.584603
0.714014 	0.585538
0.714715 	0.586466
0.715415 	0.587388
0.716116 	0.588304
0.716817 	0.589214
0.717518 	0.590118
0.718218 	0.591016
0.718919 	0.591908
0.71962 	0.592794
0.72032 	0.593674
0.721021 	0.594549
0.721722 	0.595417
0.722422 	0.59628
0.723123 	0.597138
0.723824 	0.597989
0.724525 	0.598835
0.725225 	0.599676
0.725926 	0.600511
0.726627 	0.601341
0.727327 	0.602165
0.728028 	0.602984
0.728729 	0.603797
0.729429 	0.604606
0.73013 	0.605409
0.730831 	0.606207
0.731532 	0.607
0.732232 	0.607788
0.732933 	0.60857
0.733634 	0.609348
0.734334 	0.610121
0.735035 	0.610889
0.735736 	0.611652
0.736436 	0.61241
0.737137 	0.613163
0.737838 	0.613912
0.738539 	0.614656
0.739239 	0.615395
0.73994 	0.61613
0.740641 	0.61686
0.741341 	0.617585
0.742042 	0.618306
0.742743 	0.619023
0.743443 	0.619735
0.744144 	0.620442
0.744845 	0.621146
0.745546 	0.621845
0.746246 	0.62254
0.746947 	0.62323
0.747648 	0.623916
0.748348 	0.624598
0.749049 	0.625276
0.74975 	0.62595
0.75045 	0.62662
0.751151 	0.627286
0.751852 	0.627948
0.752553 	0.628606
0.753253 	0.62926
0.753954 	0.62991
0.754655 	0.630556
0.755355 	0.631199
0.756056 	0.631837
0.756757 	0.632472
0.757457 	0.633103
0.758158 	0.633731
0.758859 	0.634355
0.75956 	0.634975
0.76026 	0.635592
0.760961 	0.636205
0.761662 	0.636815
0.762362 	0.637421
0.763063 	0.638024
0.763764 	0.638623
0.764464 	0.639219
0.765165 	0.639811
0.765866 	0.640401
0.766567 	0.640987
0.767267 	0.641569
0.767968 	0.642149
0.768669 	0.642725
0.769369 	0.643298
0.77007 	0.643868
0.770771 	0.644435
0.771471 	0.644999
0.772172 	0.64556
0.772873 	0.646118
0.773574 	0.646672
0.774274 	0.647224
0.774975 	0.647773
0.775676 	0.648319
0.776376 	0.648862
0.777077 	0.649402
0.777778 	0.64994
0.778478 	0.650474
0.779179 	0.651006
0.77988 	0.651535
0.780581 	0.652061
0.781281 	0.652585
0.781982 	0.653106
0.782683 	0.653625
0.783383 	0.65414
0.784084 	0.654654
0.784785 	0.655164
0.785485 	0.655672
0.786186 	0.656178
0.786887 	0.656681
0.787588 	0.657182
0.788288 	0.65768
0.788989 	0.658176
0.78969 	0.658669
0.79039 	0.65916
0.791091 	0.659649
0.791792 	0.660135
0.792492 	0.660619
0.793193 	0.661101
0.793894 	0.66158
0.794595 	0.662058
0.795295 	0.662533
0.795996 	0.663006
0.796697 	0.663477
0.797397 	0.663945
0.798098 	0.664412
0.798799 	0.664876
0.799499 	0.665339
0.8002 	0.665799
0.800901 	0.666258
0.801602 	0.666714
0.802302 	0.667168
0.803003 	0.667621
0.803704 	0.668071
0.804404 	0.66852
0.805105 	0.668966
0.805806 	0.669411
0.806507 	0.669854
0.807207 	0.670295
0.807908 	0.670734
0.808609 	0.671171
0.809309 	0.671607
0.81001 	0.672041
0.810711 	0.672473
0.811411 	0.672903
0.812112 	0.673332
0.812813 	0.673759
0.813514 	0.674184
0.814214 	0.674608
0.814915 	0.67503
0.815616 	0.67545
0.816316 	0.675869
0.817017 	0.676286
0.817718 	0.676701
0.818418 	0.677115
0.819119 	0.677528
0.81982 	0.677939
0.820521 	0.678348
0.821221 	0.678756
0.821922 	0.679163
0.822623 	0.679568
0.823323 	0.679972
0.824024 	0.680374
0.824725 	0.680775
0.825425 	0.681174
0.826126 	0.681572
0.826827 	0.681969
0.827528 	0.682364
0.828228 	0.682758
0.828929 	0.683151
0.82963 	0.683542
0.83033 	0.683932
0.831031 	0.684321
0.831732 	0.684709
0.832432 	0.685095
0.833133 	0.68548
0.833834 	0.685864
0.834535 	0.686247
0.835235 	0.686629
0.835936 	0.687009
0.836637 	0.687388
0.837337 	0.687766
0.838038 	0.688143
0.838739 	0.688519
0.839439 	0.688894
0.84014 	0.689267
0.840841 	0.68964
0.841542 	0.690011
0.842242 	0.690381
0.842943 	0.690751
0.843644 	0.691119
0.844344 	0.691486
0.845045 	0.691853
0.845746 	0.692218
0.846446 	0.692582
0.847147 	0.692945
0.847848 	0.693308
0.848549 	0.693669
0.849249 	0.69403
0.84995 	0.694389
0.850651 	0.694748
0.851351 	0.695105
0.852052 	0.695462
0.852753 	0.695818
0.853453 	0.696173
0.854154 	0.696527
0.854855 	0.696881
0.855556 	0.697233
0.856256 	0.697585
0.856957 	0.697935
0.857658 	0.698285
0.858358 	0.698634
0.859059 	0.698983
0.85976 	0.69933
0.86046 	0.699677
0.861161 	0.700023
0.861862 	0.700368
0.862563 	0.700713
0.863263 	0.701057
0.863964 	0.7014
0.864665 	0.701742
0.865365 	0.702084
0.866066 	0.702424
0.866767 	0.702765
0.867467 	0.703104
0.868168 	0.703443
0.868869 	0.703781
0.86957 	0.704118
0.87027 	0.704455
0.870971 	0.704791
0.871672 	0.705127
0.872372 	0.705462
0.873073 	0.705796
0.873774 	0.706129
0.874474 	0.706462
0.875175 	0.706795
0.875876 	0.707126
0.876577 	0.707458
0.877277 	0.707788
0.877978 	0.708118
0.878679 	0.708448
0.879379 	0.708776
0.88008 	0.709105
0.880781 	0.709432
0.881481 	0.70976
0.882182 	0.710086
0.882883 	0.710412
0.883584 	0.710738
0.884284 	0.711063
0.884985 	0.711387
0.885686 	0.711711
0.886386 	0.712035
0.887087 	0.712358
0.887788 	0.71268
0.888488 	0.713002
0.889189 	0.713324
0.88989 	0.713645
0.890591 	0.713965
0.891291 	0.714286
0.891992 	0.714605
0.892693 	0.714924
0.893393 	0.715243
0.894094 	0.715561
0.894795 	0.715879
0.895495 	0.716197
0.896196 	0.716514
0.896897 	0.71683
0.897598 	0.717146
0.898298 	0.717462
0.898999 	0.717777
0.8997 	0.718092
0.9004 	0.718406
0.901101 	0.71872
0.901802 	0.719034
0.902503 	0.719347
0.903203 	0.71966
0.903904 	0.719972
0.904605 	0.720285
0.905305 	0.720596
0.906006 	0.720908
0.906707 	0.721218
0.907407 	0.721529
0.908108 	0.721839
0.908809 	0.722149
0.90951 	0.722459
0.91021 	0.722768
0.910911 	0.723076
0.911612 	0.723385
0.912312 	0.723693
0.913013 	0.724001
0.913714 	0.724308
0.914414 	0.724615
0.915115 	0.724922
0.915816 	0.725228
0.916517 	0.725534
0.917217 	0.72584
0.917918 	0.726145
0.918619 	0.72645
0.919319 	0.726755
0.92002 	0.72706
0.920721 	0.727364
0.921421 	0.727667
0.922122 	0.727971
0.922823 	0.728274
0.923524 	0.728577
0.924224 	0.72888
0.924925 	0.729182
0.925626 	0.729484
0.926326 	0.729786
0.927027 	0.730087
0.927728 	0.730388
0.928428 	0.730689
0.929129 	0.730989
0.92983 	0.73129
0.930531 	0.73159
0.931231 	0.731889
0.931932 	0.732189
0.932633 	0.732488
0.933333 	0.732787
0.934034 	0.733085
0.934735 	0.733383
0.935435 	0.733681
0.936136 	0.733979
0.936837 	0.734277
0.937538 	0.734574
0.938238 	0.734871
0.938939 	0.735167
0.93964 	0.735464
0.94034 	0.73576
0.941041 	0.736056
0.941742 	0.736351
0.942442 	0.736647
0.943143 	0.736942
0.943844 	0.737237
0.944545 	0.737531
0.945245 	0.737825
0.945946 	0.738119
0.946647 	0.738413
0.947347 	0.738707
0.948048 	0.739
0.948749 	0.739293
0.949449 	0.739586
0.95015 	0.739878
0.950851 	0.74017
0.951552 	0.740462
0.952252 	0.740754
0.952953 	0.741046
0.953654 	0.741337
0.954354 	0.741628
0.955055 	0.741919
0.955756 	0.742209
0.956456 	0.742499
0.957157 	0.742789
0.957858 	0.743079
0.958559 	0.743369
0.959259 	0.743658
0.95996 	0.743947
0.960661 	0.744236
0.961361 	0.744524
0.962062 	0.744812
0.962763 	0.7451
0.963463 	0.745388
0.964164 	0.745676
0.964865 	0.745963
0.965566 	0.74625
0.966266 	0.746537
0.966967 	0.746823
0.967668 	0.74711
0.968368 	0.747396
0.969069 	0.747681
0.96977 	0.747967
0.97047 	0.748252
0.971171 	0.748537
0.971872 	0.748822
0.972573 	0.749107
0.973273 	0.749391
0.973974 	0.749675
0.974675 	0.749959
0.975375 	0.750242
0.976076 	0.750526
0.976777 	0.750809
0.977477 	0.751092
0.978178 	0.751374
0.978879 	0.751656
0.97958 	0.751938
0.98028 	0.75222
0.980981 	0.752502
0.981682 	0.752783
0.982382 	0.753064
0.983083 	0.753345
0.983784 	0.753626
0.984484 	0.753906
0.985185 	0.754186
0.985886 	0.754466
0.986587 	0.754745
0.987287 	0.755025
0.987988 	0.755304
0.988689 	0.755582
0.989389 	0.755861
0.99009 	0.756139
0.990791 	0.756417
0.991491 	0.756695
0.992192 	0.756972
0.992893 	0.757249
0.993594 	0.757526
0.994294 	0.757803
0.994995 	0.75808
0.995696 	0.758356
0.996396 	0.758632
0.997097 	0.758907
0.997798 	0.759183
0.998498 	0.759458
0.999199 	0.759733
0.9999 	0.760007
1.0006 	0.760281
1.0013 	0.760555
1.002 	0.760829
1.0027 	0.761103
1.0034 	0.761376
1.0041 	0.761649
1.0048 	0.761922
1.00551 	0.762194
1.00621 	0.762466
1.00691 	0.762738
1.00761 	0.76301
1.00831 	0.763281
1.00901 	0.763552
1.00971 	0.763823
1.01041 	0.764093
1.01111 	0.764363
1.01181 	0.764633
1.01251 	0.764903
1.01321 	0.765172
1.01391 	0.765441
1.01461 	0.76571
1.01532 	0.765979
1.01602 	0.766247
1.01672 	0.766515
1.01742 	0.766783
1.01812 	0.76705
1.01882 	0.767317
1.01952 	0.767584
1.02022 	0.76785
1.02092 	0.768117
1.02162 	0.768383
1.02232 	0.768648
1.02302 	0.768914
1.02372 	0.769179
1.02442 	0.769444
1.02513 	0.769708
1.02583 	0.769972
1.02653 	0.770236
1.02723 	0.7705
1.02793 	0.770763
1.02863 	0.771026
1.02933 	0.771289
1.03003 	0.771551
1.03073 	0.771813
1.03143 	0.772075
1.03213 	0.772337
1.03283 	0.772598
1.03353 	0.772859
1.03423 	0.773119
1.03493 	0.77338
1.03564 	0.77364
1.03634 	0.773899
1.03704 	0.774159
1.03774 	0.774418
1.03844 	0.774677
1.03914 	0.774935
1.03984 	0.775193
1.04054 	0.775451
1.04124 	0.775709
1.04194 	0.775966
1.04264 	0.776223
1.04334 	0.77648
1.04404 	0.776736
1.04474 	0.776992
1.04545 	0.777248
1.04615 	0.777503
1.04685 	0.777758
1.04755 	0.778013
1.04825 	0.778267
1.04895 	0.778522
1.04965 	0.778775
1.05035 	0.779029
1.05105 	0.779282
1.05175 	0.779535
1.05245 	0.779788
1.05315 	0.78004
1.05385 	0.780292
1.05455 	0.780543
1.05526 	0.780795
1.05596 	0.781046
1.05666 	0.781296
1.05736 	0.781547
1.05806 	0.781797
1.05876 	0.782046
1.05946 	0.782296
1.06016 	0.782545
1.06086 	0.782793
1.06156 	0.783042
1.06226 	0.78329
1.06296 	0.783538
1.06366 	0.783785
1.06436 	0.784032
1.06507 	0.784279
1.06577 	0.784526
1.06647 	0.784772
1.06717 	0.785018
1.06787 	0.785263
1.06857 	0.785508
1.06927 	0.785753
1.06997 	0.785998
1.07067 	0.786242
1.07137 	0.786486
1.07207 	0.78673
1.07277 	0.786973
1.07347 	0.787216
1.07417 	0.787458
1.07487 	0.787701
1.07558 	0.787943
1.07628 	0.788184
1.07698 	0.788426
1.07768 	0.788667
1.07838 	0.788907
1.07908 	0.789148
1.07978 	0.789388
1.08048 	0.789627
1.08118 	0.789867
1.08188 	0.790106
1.08258 	0.790344
1.08328 	0.790583
1.08398 	0.790821
1.08468 	0.791059
1.08539 	0.791296
1.08609 	0.791533
1.08679 	0.79177
1.08749 	0.792007
1.08819 	0.792243
1.08889 	0.792479
1.08959 	0.792714
1.09029 	0.792949
1.09099 	0.793184
1.09169 	0.793419
1.09239 	0.793653
1.09309 	0.793887
1.09379 	0.794121
1.09449 	0.794354
1.0952 	0.794587
1.0959 	0.79482
1.0966 	0.795052
1.0973 	0.795284
1.098 	0.795516
1.0987 	0.795747
1.0994 	0.795978
1.1001 	0.796209
1.1008 	0.796439
1.1015 	0.796669
1.1022 	0.796899
1.1029 	0.797129
1.1036 	0.797358
1.1043 	0.797587
1.10501 	0.797816
1.10571 	0.798044
1.10641 	0.798272
1.10711 	0.798499
1.10781 	0.798727
1.10851 	0.798954
1.10921 	0.799181
1.10991 	0.799407
1.11061 	0.799633
1.11131 	0.799859
1.11201 	0.800085
1.11271 	0.80031
1.11341 	0.800535
1.11411 	0.800759
1.11481 	0.800984
1.11552 	0.801208
1.11622 	0.801431
1.11692 	0.801655
1.11762 	0.801878
1.11832 	0.802101
1.11902 	0.802324
1.11972 	0.802546
1.12042 	0.802768
1.12112 	0.802989
1.12182 	0.803211
1.12252 	0.803432
1.12322 	0.803653
1.12392 	0.803873
1.12462 	0.804094
1.12533 	0.804314
1.12603 	0.804533
1.12673 	0.804753
1.12743 	0.804972
1.12813 	0.805191
1.12883 	0.805409
1.12953 	0.805628
1.13023 	0.805846
1.13093 	0.806063
1.13163 	0.806281
1.13233 	0.806498
1.13303 	0.806715
1.13373 	0.806932
1.13443 	0.807148
1.13514 	0.807364
1.13584 	0.80758
1.13654 	0.807796
1.13724 	0.808011
1.13794 	0.808226
1.13864 	0.808441
1.13934 	0.808656
1.14004 	0.80887
1.14074 	0.809084
1.14144 	0.809298
1.14214 	0.809511
1.14284 	0.809725
1.14354 	0.809938
1.14424 	0.81015
1.14494 	0.810363
1.14565 	0.810575
1.14635 	0.810787
1.14705 	0.810999
1.14775 	0.811211
1.14845 	0.811422
1.14915 	0.811633
1.14985 	0.811844
1.15055 	0.812055
1.15125 	0.812265
1.15195 	0.812475
1.15265 	0.812685
1.15335 	0.812895
1.15405 	0.813105
1.15475 	0.813314
1.15546 	0.813523
1.15616 	0.813732
1.15686 	0.81394
1.15756 	0.814149
1.15826 	0.814357
1.15896 	0.814565
1.15966 	0.814773
1.16036 	0.81498
1.16106 	0.815188
1.16176 	0.815395
1.16246 	0.815602
1.16316 	0.815808
1.16386 	0.816015
1.16456 	0.816221
1.16527 	0.816427
1.16597 	0.816633
1.16667 	0.816839
1.16737 	0.817045
1.16807 	0.81725
1.16877 	0.817455
1.16947 	0.81766
1.17017 	0.817865
1.17087 	0.81807
1.17157 	0.818274
1.17227 	0.818478
1.17297 	0.818682
1.17367 	0.818886
1.17437 	0.81909
1.17508 	0.819294
1.17578 	0.819497
1.17648 	0.8197
1.17718 	0.819903
1.17788 	0.820106
1.17858 	0.820309
1.17928 	0.820512
1.17998 	0.820714
1.18068 	0.820916
1.18138 	0.821118
1.18208 	0.82132
1.18278 	0.821522
1.18348 	0.821724
1.18418 	0.821925
1.18488 	0.822127
1.18559 	0.822328
1.18629 	0.822529
1.18699 	0.82273
1.18769 	0.822931
1.18839 	0.823131
1.18909 	0.823332
1.18979 	0.823532
1.19049 	0.823733
1.19119 	0.823933
1.19189 	0.824133
1.19259 	0.824333
1.19329 	0.824533
1.19399 	0.824732
1.19469 	0.824932
1.1954 	0.825131
1.1961 	0.825331
1.1968 	0.82553
1.1975 	0.825729
1.1982 	0.825928
1.1989 	0.826127
1.1996 	0.826326
1.2003 	0.826524
1.201 	0.826723
1.2017 	0.826921
1.2024 	0.82712
1.2031 	0.827318
1.2038 	0.827516
1.2045 	0.827714
1.20521 	0.827912
1.20591 	0.82811
1.20661 	0.828308
1.20731 	0.828506
1.20801 	0.828704
1.20871 	0.828901
1.20941 	0.829099
1.21011 	0.829296
1.21081 	0.829494
1.21151 	0.829691
1.21221 	0.829888
1.21291 	0.830086
1.21361 	0.830283
1.21431 	0.83048
1.21502 	0.830677
1.21572 	0.830874
1.21642 	0.831071
1.21712 	0.831267
1.21782 	0.831464
1.21852 	0.831661
1.21922 	0.831858
1.21992 	0.832054
1.22062 	0.832251
1.22132 	0.832447
1.22202 	0.832644
1.22272 	0.83284
1.22342 	0.833037
1.22412 	0.833233
1.22482 	0.833429
1.22553 	0.833626
1.22623 	0.833822
1.22693 	0.834018
1.22763 	0.834214
1.22833 	0.834411
1.22903 	0.834607
1.22973 	0.834803
1.23043 	0.834999
1.23113 	0.835195
1.23183 	0.835391
1.23253 	0.835587
1.23323 	0.835783
1.23393 	0.835979
1.23463 	0.836175
1.23534 	0.836371
1.23604 	0.836567
1.23674 	0.836763
1.23744 	0.836959
1.23814 	0.837154
1.23884 	0.83735
1.23954 	0.837546
1.24024 	0.837742
1.24094 	0.837938
1.24164 	0.838134
1.24234 	0.83833
1.24304 	0.838526
1.24374 	0.838721
1.24444 	0.838917
1.24515 	0.839113
1.24585 	0.839309
1.24655 	0.839505
1.24725 	0.839701
1.24795 	0.839897
1.24865 	0.840092
1.24935 	0.840288
1.25005 	0.840484
1.25075 	0.84068
1.25145 	0.840876
1.25215 	0.841072
1.25285 	0.841268
1.25355 	0.841464
1.25425 	0.84166
1.25495 	0.841856
1.25566 	0.842052
1.25636 	0.842248
1.25706 	0.842444
1.25776 	0.84264
1.25846 	0.842836
1.25916 	0.843032
1.25986 	0.843228
1.26056 	0.843424
1.26126 	0.84362
1.26196 	0.843816
1.26266 	0.844012
1.26336 	0.844208
1.26406 	0.844404
1.26476 	0.8446
1.26547 	0.844797
1.26617 	0.844993
1.26687 	0.845189
1.26757 	0.845385
1.26827 	0.845582
1.26897 	0.845778
1.26967 	0.845974
1.27037 	0.84617
1.27107 	0.846367
1.27177 	0.846563
1.27247 	0.846759
1.27317 	0.846956
1.27387 	0.847152
1.27457 	0.847349
1.27528 	0.847545
1.27598 	0.847741
1.27668 	0.847938
1.27738 	0.848134
1.27808 	0.848331
1.27878 	0.848527
1.27948 	0.848724
1.28018 	0.84892
1.28088 	0.849117
1.28158 	0.849313
1.28228 	0.84951
1.28298 	0.849706
1.28368 	0.849903
1.28438 	0.850099
1.28509 	0.850296
1.28579 	0.850492
1.28649 	0.850689
1.28719 	0.850885
1.28789 	0.851082
1.28859 	0.851278
1.28929 	0.851475
1.28999 	0.851671
1.29069 	0.851868
1.29139 	0.852064
1.29209 	0.852261
1.29279 	0.852457
1.29349 	0.852654
1.29419 	0.85285
1.29489 	0.853046
1.2956 	0.853243
1.2963 	0.853439
1.297 	0.853635
1.2977 	0.853832
1.2984 	0.854028
1.2991 	0.854224
1.2998 	0.85442
1.3005 	0.854616
1.3012 	0.854812
1.3019 	0.855008
1.3026 	0.855204
1.3033 	0.8554
1.304 	0.855596
1.3047 	0.855792
1.30541 	0.855988
1.30611 	0.856183
1.30681 	0.856379
1.30751 	0.856575
1.30821 	0.85677
1.30891 	0.856965
1.30961 	0.857161
1.31031 	0.857356
1.31101 	0.857551
1.31171 	0.857746
1.31241 	0.857941
1.31311 	0.858136
1.31381 	0.858331
1.31451 	0.858525
1.31522 	0.85872
1.31592 	0.858914
1.31662 	0.859109
1.31732 	0.859303
1.31802 	0.859497
1.31872 	0.859691
1.31942 	0.859885
1.32012 	0.860078
1.32082 	0.860272
1.32152 	0.860465
1.32222 	0.860658
1.32292 	0.860852
1.32362 	0.861044
1.32432 	0.861237
1.32503 	0.86143
1.32573 	0.861622
1.32643 	0.861814
1.32713 	0.862006
1.32783 	0.862198
1.32853 	0.862389
1.32923 	0.862581
1.32993 	0.862772
1.33063 	0.862963
1.33133 	0.863154
1.33203 	0.863344
1.33273 	0.863534
1.33343 	0.863724
1.33413 	0.863914
1.33483 	0.864103
1.33554 	0.864293
1.33624 	0.864482
1.33694 	0.86467
1.33764 	0.864859
1.33834 	0.865047
1.33904 	0.865234
1.33974 	0.865422
1.34044 	0.865609
1.34114 	0.865796
1.34184 	0.865982
1.34254 	0.866169
1.34324 	0.866354
1.34394 	0.86654
1.34464 	0.866725
1.34535 	0.86691
1.34605 	0.867094
1.34675 	0.867278
1.34745 	0.867462
1.34815 	0.867645
1.34885 	0.867828
1.34955 	0.86801
1.35025 	0.868192
1.35095 	0.868373
1.35165 	0.868554
1.35235 	0.868735
1.35305 	0.868915
1.35375 	0.869095
1.35445 	0.869274
1.35516 	0.869453
1.35586 	0.869631
1.35656 	0.869808
1.35726 	0.869986
1.35796 	0.870162
1.35866 	0.870338
1.35936 	0.870514
1.36006 	0.870689
1.36076 	0.870863
1.36146 	0.871037
1.36216 	0.87121
1.36286 	0.871383
1.36356 	0.871555
1.36426 	0.871726
1.36496 	0.871897
1.36567 	0.872067
1.36637 	0.872236
1.36707 	0.872405
1.36777 	0.872573
1.36847 	0.87274
1.36917 	0.872907
1.36987 	0.873073
1.37057 	0.873238
1.37127 	0.873402
1.37197 	0.873566
1.37267 	0.873729
1.37337 	0.873891
1.37407 	0.874052
1.37477 	0.874212
1.37548 	0.874372
1.37618 	0.874531
1.37688 	0.874689
1.37758 	0.874846
1.37828 	0.875002
1.37898 	0.875157
1.37968 	0.875312
1.38038 	0.875465
1.38108 	0.875618
1.38178 	0.875769
1.38248 	0.87592
1.38318 	0.876069
1.38388 	0.876218
1.38458 	0.876366
1.38529 	0.876512
1.38599 	0.876658
1.38669 	0.876802
1.38739 	0.876946
1.38809 	0.877088
1.38879 	0.877229
1.38949 	0.877369
1.39019 	0.877508
1.39089 	0.877646
1.39159 	0.877782
1.39229 	0.877918
1.39299 	0.878052
1.39369 	0.878185
1.39439 	0.878317
1.3951 	0.878447
1.3958 	0.878576
1.3965 	0.878704
1.3972 	0.878831
1.3979 	0.878956
1.3986 	0.87908
1.3993 	0.879202
1.4 	0.879323
