# x              	y             
0.7 	0.364243
0.700701 	0.358679
0.701401 	0.353107
0.702102 	0.347527
0.702803 	0.341938
0.703504 	0.336342
0.704204 	0.330739
0.704905 	0.325127
0.705606 	0.319508
0.706306 	0.313881
0.707007 	0.308247
0.707708 	0.302605
0.708408 	0.296956
0.709109 	0.2913
0.70981 	0.285636
0.710511 	0.279966
0.711211 	0.274288
0.711912 	0.268603
0.712613 	0.262912
0.713313 	0.257214
0.714014 	0.251509
0.714715 	0.245797
0.715415 	0.240078
0.716116 	0.234353
0.716817 	0.228622
0.717518 	0.222884
0.718218 	0.21714
0.718919 	0.211389
0.71962 	0.205633
0.72032 	0.19987
0.721021 	0.194101
0.721722 	0.188326
0.722422 	0.182545
0.723123 	0.176759
0.723824 	0.170966
0.724525 	0.165168
0.725225 	0.159364
0.725926 	0.153555
0.726627 	0.14774
0.727327 	0.141919
0.728028 	0.136093
0.728729 	0.130262
0.729429 	0.124425
0.73013 	0.118583
0.730831 	0.112736
0.731532 	0.106884
0.732232 	0.101027
0.732933 	0.0951644
0.733634 	0.0892972
0.734334 	0.0834252
0.735035 	0.0775483
0.735736 	0.0716666
0.736436 	0.0657802
0.737137 	0.0598892
0.737838 	0.0539936
0.738539 	0.0480935
0.739239 	0.0421888
0.73994 	0.0362798
0.740641 	0.0303663
0.741341 	0.0244486
0.742042 	0.0185266
0.742743 	0.0126003
0.743443 	0.00666996
0.744144 	0.000735477
0.744845 	-0.00520305
0.745546 	-0.0111456
0.746246 	-0.017092
0.746947 	-0.0230424
0.747648 	-0.0289966
0.748348 	-0.0349546
0.749049 	-0.0409164
0.74975 	-0.0468818
0.75045 	-0.0528508
0.751151 	-0.0588235
0.751852 	-0.0647997
0.752553 	-0.0707794
0.753253 	-0.0767625
0.753954 	-0.0827491
0.754655 	-0.088739
0.755355 	-0.0947321
0.756056 	-0.100729
0.756757 	-0.106728
0.757457 	-0.112731
0.758158 	-0.118737
0.758859 	-0.124746
0.75956 	-0.130758
0.76026 	-0.136773
0.760961 	-0.142791
0.761662 	-0.148812
0.762362 	-0.154835
0.763063 	-0.160862
0.763764 	-0.166891
0.764464 	-0.172923
0.765165 	-0.178958
0.765866 	-0.184995
0.766567 	-0.191035
0.767267 	-0.197077
0.767968 	-0.203122
0.768669 	-0.20917
0.769369 	-0.21522
0.77007 	-0.221272
0.770771 	-0.227326
0.771471 	-0.233383
0.772172 	-0.239442
0.772873 	-0.245504
0.773574 	-0.251567
0.774274 	-0.257633
0.774975 	-0.263701
0.775676 	-0.269771
0.776376 	-0.275843
0.777077 	-0.281917
0.777778 	-0.287993
0.778478 	-0.294071
0.779179 	-0.300151
0.77988 	-0.306232
0.780581 	-0.312316
0.781281 	-0.318401
0.781982 	-0.324488
0.782683 	-0.330577
0.783383 	-0.336667
0.784084 	-0.342759
0.784785 	-0.348853
0.785485 	-0.354948
0.786186 	-0.361045
0.786887 	-0.367143
0.787588 	-0.373243
0.788288 	-0.379345
0.788989 	-0.385447
0.78969 	-0.391551
0.79039 	-0.397657
0.791091 	-0.403764
0.791792 	-0.409872
0.792492 	-0.415981
0.793193 	-0.422092
0.793894 	-0.428204
0.794595 	-0.434317
0.795295 	-0.440431
0.795996 	-0.446546
0.796697 	-0.452662
0.797397 	-0.45878
0.798098 	-0.464898
0.798799 	-0.471018
0.799499 	-0.477138
0.8002 	-0.483259
0.800901 	-0.489382
0.801602 	-0.495505
0.802302 	-0.501629
0.803003 	-0.507754
0.803704 	-0.51388
0.804404 	-0.520006
0.805105 	-0.526133
0.805806 	-0.532261
0.806507 	-0.53839
0.807207 	-0.544519
0.807908 	-0.550649
0.808609 	-0.55678
0.809309 	-0.562911
0.81001 	-0.569043
0.810711 	-0.575176
0.811411 	-0.581309
0.812112 	-0.587442
0.812813 	-0.593576
0.813514 	-0.599711
0.814214 	-0.605846
0.814915 	-0.611981
0.815616 	-0.618117
0.816316 	-0.624253
0.817017 	-0.63039
0.817718 	-0.636526
0.818418 	-0.642664
0.819119 	-0.648801
0.81982 	-0.654939
0.820521 	-0.661077
0.821221 	-0.667215
0.821922 	-0.673353
0.822623 	-0.679492
0.823323 	-0.685631
0.824024 	-0.69177
0.824725 	-0.697909
0.825425 	-0.704048
0.826126 	-0.710187
0.826827 	-0.716327
0.827528 	-0.722466
0.828228 	-0.728606
0.828929 	-0.734745
0.82963 	-0.740885
0.83033 	-0.747024
0.831031 	-0.753164
0.831732 	-0.759303
0.832432 	-0.765442
0.833133 	-0.771582
0.833834 	-0.777721
0.834535 	-0.78386
0.835235 	-0.789999
0.835936 	-0.796138
0.836637 	-0.802276
0.837337 	-0.808415
0.838038 	-0.814553
0.838739 	-0.820691
0.839439 	-0.826829
0.84014 	-0.832966
0.840841 	-0.839104
0.841542 	-0.845241
0.842242 	-0.851377
0.842943 	-0.857514
0.843644 	-0.86365
0.844344 	-0.869786
0.845045 	-0.875921
0.845746 	-0.882056
0.846446 	-0.888191
0.847147 	-0.894325
0.847848 	-0.900459
0.848549 	-0.906593
0.849249 	-0.912726
0.84995 	-0.918858
0.850651 	-0.924991
0.851351 	-0.931122
0.852052 	-0.937254
0.852753 	-0.943385
0.853453 	-0.949515
0.854154 	-0.955645
0.854855 	-0.961774
0.855556 	-0.967903
0.856256 	-0.974031
0.856957 	-0.980159
0.857658 	-0.986286
0.858358 	-0.992412
0.859059 	-0.998538
0.85976 	-1.00466
0.86046 	-1.01079
0.861161 	-1.01691
0.861862 	-1.02304
0.862563 	-1.02916
0.863263 	-1.03528
0.863964 	-1.0414
0.864665 	-1.04752
0.865365 	-1.05364
0.866066 	-1.05976
0.866767 	-1.06588
0.867467 	-1.072
0.868168 	-1.07812
0.868869 	-1.08423
0.86957 	-1.09035
0.87027 	-1.09647
0.870971 	-1.10258
0.871672 	-1.10869
0.872372 	-1.11481
0.873073 	-1.12092
0.873774 	-1.12703
0.874474 	-1.13314
0.875175 	-1.13925
0.875876 	-1.14536
0.876577 	-1.15147
0.877277 	-1.15758
0.877978 	-1.16368
0.878679 	-1.16979
0.879379 	-1.17589
0.88008 	-1.182
0.880781 	-1.1881
0.881481 	-1.1942
0.882182 	-1.20031
0.882883 	-1.20641
0.883584 	-1.21251
0.884284 	-1.2186
0.884985 	-1.2247
0.885686 	-1.2308
0.886386 	-1.2369
0.887087 	-1.24299
0.887788 	-1.24909
0.888488 	-1.25518
0.889189 	-1.26127
0.88989 	-1.26736
0.890591 	-1.27346
0.891291 	-1.27955
0.891992 	-1.28563
0.892693 	-1.29172
0.893393 	-1.29781
0.894094 	-1.3039
0.894795 	-1.30998
0.895495 	-1.31607
0.896196 	-1.32215
0.896897 	-1.32823
0.897598 	-1.33431
0.898298 	-1.34039
0.898999 	-1.34647
0.8997 	-1.35255
0.9004 	-1.35863
0.901101 	-1.36471
0.901802 	-1.37078
0.902503 	-1.37686
0.903203 	-1.38293
0.903904 	-1.389
0.904605 	-1.39507
0.905305 	-1.40114
0.906006 	-1.40721
0.906707 	-1.41328
0.907407 	-1.41935
0.908108 	-1.42542
0.908809 	-1.43148
0.90951 	-1.43755
0.91021 	-1.44361
0.910911 	-1.44967
0.911612 	-1.45573
0.912312 	-1.46179
0.913013 	-1.46785
0.913714 	-1.47391
0.914414 	-1.47997
0.915115 	-1.48603
0.915816 	-1.49208
0.916517 	-1.49813
0.917217 	-1.50419
0.917918 	-1.51024
0.918619 	-1.51629
0.919319 	-1.52234
0.92002 	-1.52839
0.920721 	-1.53444
0.921421 	-1.54048
0.922122 	-1.54653
0.922823 	-1.55258
0.923524 	-1.55862
0.924224 	-1.56466
0.924925 	-1.5707
0.925626 	-1.57674
0.926326 	-1.58278
0.927027 	-1.58882
0.927728 	-1.59486
0.928428 	-1.6009
0.929129 	-1.60693
0.92983 	-1.61297
0.930531 	-1.619
0.931231 	-1.62503
0.931932 	-1.63106
0.932633 	-1.63709
0.933333 	-1.64312
0.934034 	-1.64915
0.934735 	-1.65518
0.935435 	-1.6612
0.936136 	-1.66723
0.936837 	-1.67325
0.937538 	-1.67927
0.938238 	-1.68529
0.938939 	-1.69131
0.93964 	-1.69733
0.94034 	-1.70335
0.941041 	-1.70937
0.941742 	-1.71538
0.942442 	-1.7214
0.943143 	-1.72741
0.943844 	-1.73343
0.944545 	-1.73944
0.945245 	-1.74545
0.945946 	-1.75146
0.946647 	-1.75747
0.947347 	-1.76348
0.948048 	-1.76948
0.948749 	-1.77549
0.949449 	-1.78149
0.95015 	-1.7875
0.950851 	-1.7935
0.951552 	-1.7995
0.952252 	-1.8055
0.952953 	-1.8115
0.953654 	-1.8175
0.954354 	-1.8235
0.955055 	-1.82949
0.955756 	-1.83549
0.956456 	-1.84148
0.957157 	-1.84747
0.957858 	-1.85347
0.958559 	-1.85946
0.959259 	-1.86545
0.95996 	-1.87144
0.960661 	-1.87742
0.961361 	-1.88341
0.962062 	-1.8894
0.962763 	-1.89538
0.963463 	-1.90137
0.964164 	-1.90735
0.964865 	-1.91333
0.965566 	-1.91931
0.966266 	-1.92529
0.966967 	-1.93127
0.967668 	-1.93725
0.968368 	-1.94322
0.969069 	-1.9492
0.96977 	-1.95517
0.97047 	-1.96115
0.971171 	-1.96712
0.971872 	-1.97309
0.972573 	-1.97906
0.973273 	-1.98503
0.973974 	-1.991
0.974675 	-1.99697
0.975375 	-2.00293
0.976076 	-2.0089
0.976777 	-2.01486
0.977477 	-2.02082
0.978178 	-2.02679
0.978879 	-2.03275
0.97958 	-2.03871
0.98028 	-2.04467
0.980981 	-2.05063
0.981682 	-2.05658
0.982382 	-2.06254
0.983083 	-2.0685
0.983784 	-2.07445
0.984484 	-2.0804
0.985185 	-2.08636
0.985886 	-2.09231
0.986587 	-2.09826
0.987287 	-2.10421
0.987988 	-2.11016
0.988689 	-2.1161
0.989389 	-2.12205
0.99009 	-2.128
0.990791 	-2.13394
0.991491 	-2.13988
0.992192 	-2.14583
0.992893 	-2.15177
0.993594 	-2.15771
0.994294 	-2.16365
0.994995 	-2.16959
0.995696 	-2.17553
0.996396 	-2.18146
0.997097 	-2.1874
0.997798 	-2.19333
0.998498 	-2.19927
0.999199 	-2.2052
0.9999 	-2.21113
1.0006 	-2.21706
1.0013 	-2.22299
1.002 	-2.22892
1.0027 	-2.23485
1.0034 	-2.24078
1.0041 	-2.24671
1.0048 	-2.25263
1.00551 	-2.25856
1.00621 	-2.26448
1.00691 	-2.2704
1.00761 	-2.27632
1.00831 	-2.28224
1.00901 	-2.28816
1.00971 	-2.29408
1.01041 	-2.3
1.01111 	-2.30592
1.01181 	-2.31184
1.01251 	-2.31775
1.01321 	-2.32366
1.01391 	-2.32958
1.01461 	-2.33549
1.01532 	-2.3414
1.01602 	-2.34731
1.01672 	-2.35322
1.01742 	-2.35913
1.01812 	-2.36504
1.01882 	-2.37095
1.01952 	-2.37685
1.02022 	-2.38276
1.02092 	-2.38866
1.02162 	-2.39457
1.02232 	-2.40047
1.02302 	-2.40637
1.02372 	-2.41227
1.02442 	-2.41817
1.02513 	-2.42407
1.02583 	-2.42997
1.02653 	-2.43587
1.02723 	-2.44176
1.02793 	-2.44766
1.02863 	-2.45355
1.02933 	-2.45945
1.03003 	-2.46534
1.03073 	-2.47123
1.03143 	-2.47712
1.03213 	-2.48301
1.03283 	-2.4889
1.03353 	-2.49479
1.03423 	-2.50068
1.03493 	-2.50656
1.03564 	-2.51245
1.03634 	-2.51833
1.03704 	-2.52422
1.03774 	-2.5301
1.03844 	-2.53598
1.03914 	-2.54186
1.03984 	-2.54774
1.04054 	-2.55362
1.04124 	-2.5595
1.04194 	-2.56538
1.04264 	-2.57126
1.04334 	-2.57713
1.04404 	-2.58301
1.04474 	-2.58888
1.04545 	-2.59476
1.04615 	-2.60063
1.04685 	-2.6065
1.04755 	-2.61237
1.04825 	-2.61824
1.04895 	-2.62411
1.04965 	-2.62998
1.05035 	-2.63585
1.05105 	-2.64171
1.05175 	-2.64758
1.05245 	-2.65344
1.05315 	-2.65931
1.05385 	-2.66517
1.05455 	-2.67103
1.05526 	-2.67689
1.05596 	-2.68275
1.05666 	-2.68861
1.05736 	-2.69447
1.05806 	-2.70033
1.05876 	-2.70619
1.05946 	-2.71204
1.06016 	-2.7179
1.06086 	-2.72375
1.06156 	-2.72961
1.06226 	-2.73546
1.06296 	-2.74131
1.06366 	-2.74716
1.06436 	-2.75301
1.06507 	-2.75886
1.06577 	-2.76471
1.06647 	-2.77056
1.06717 	-2.7764
1.06787 	-2.78225
1.06857 	-2.78809
1.06927 	-2.79394
1.06997 	-2.79978
1.07067 	-2.80562
1.07137 	-2.81146
1.07207 	-2.81731
1.07277 	-2.82314
1.07347 	-2.82898
1.07417 	-2.83482
1.07487 	-2.84066
1.07558 	-2.84649
1.07628 	-2.85233
1.07698 	-2.85816
1.07768 	-2.864
1.07838 	-2.86983
1.07908 	-2.87566
1.07978 	-2.88149
1.08048 	-2.88732
1.08118 	-2.89315
1.08188 	-2.89898
1.08258 	-2.90481
1.08328 	-2.91064
1.08398 	-2.91646
1.08468 	-2.92229
1.08539 	-2.92811
1.08609 	-2.93393
1.08679 	-2.93975
1.08749 	-2.94558
1.08819 	-2.9514
1.08889 	-2.95722
1.08959 	-2.96303
1.09029 	-2.96885
1.09099 	-2.97467
1.09169 	-2.98048
1.09239 	-2.9863
1.09309 	-2.99211
1.09379 	-2.99793
1.09449 	-3.00374
1.0952 	-3.00955
1.0959 	-3.01536
1.0966 	-3.02117
1.0973 	-3.02698
1.098 	-3.03279
1.0987 	-3.03859
1.0994 	-3.0444
1.1001 	-3.0502
1.1008 	-3.05601
1.1015 	-3.06181
1.1022 	-3.06761
1.1029 	-3.07342
1.1036 	-3.07922
1.1043 	-3.08502
1.10501 	-3.09081
1.10571 	-3.09661
1.10641 	-3.10241
1.10711 	-3.1082
1.10781 	-3.114
1.10851 	-3.11979
1.10921 	-3.12559
1.10991 	-3.13138
1.11061 	-3.13717
1.11131 	-3.14296
1.11201 	-3.14875
1.11271 	-3.15454
1.11341 	-3.16032
1.11411 	-3.16611
1.11481 	-3.1719
1.11552 	-3.17768
1.11622 	-3.18346
1.11692 	-3.18925
1.11762 	-3.19503
1.11832 	-3.20081
1.11902 	-3.20659
1.11972 	-3.21237
1.12042 	-3.21814
1.12112 	-3.22392
1.12182 	-3.2297
1.12252 	-3.23547
1.12322 	-3.24124
1.12392 	-3.24702
1.12462 	-3.25279
1.12533 	-3.25856
1.12603 	-3.26433
1.12673 	-3.2701
1.12743 	-3.27586
1.12813 	-3.28163
1.12883 	-3.2874
1.12953 	-3.29316
1.13023 	-3.29893
1.13093 	-3.30469
1.13163 	-3.31045
1.13233 	-3.31621
1.13303 	-3.32197
1.13373 	-3.32773
1.13443 	-3.33349
1.13514 	-3.33924
1.13584 	-3.345
1.13654 	-3.35075
1.13724 	-3.3565
1.13794 	-3.36226
1.13864 	-3.36801
1.13934 	-3.37376
1.14004 	-3.37951
1.14074 	-3.38526
1.14144 	-3.391
1.14214 	-3.39675
1.14284 	-3.40249
1.14354 	-3.40824
1.14424 	-3.41398
1.14494 	-3.41972
1.14565 	-3.42546
1.14635 	-3.4312
1.14705 	-3.43694
1.14775 	-3.44268
1.14845 	-3.44841
1.14915 	-3.45415
1.14985 	-3.45988
1.15055 	-3.46561
1.15125 	-3.47135
1.15195 	-3.47708
1.15265 	-3.48281
1.15335 	-3.48853
1.15405 	-3.49426
1.15475 	-3.49999
1.15546 	-3.50571
1.15616 	-3.51144
1.15686 	-3.51716
1.15756 	-3.52288
1.15826 	-3.5286
1.15896 	-3.53432
1.15966 	-3.54004
1.16036 	-3.54575
1.16106 	-3.55147
1.16176 	-3.55718
1.16246 	-3.5629
1.16316 	-3.56861
1.16386 	-3.57432
1.16456 	-3.58003
1.16527 	-3.58574
1.16597 	-3.59145
1.16667 	-3.59715
1.16737 	-3.60286
1.16807 	-3.60856
1.16877 	-3.61426
1.16947 	-3.61996
1.17017 	-3.62567
1.17087 	-3.63136
1.17157 	-3.63706
1.17227 	-3.64276
1.17297 	-3.64845
1.17367 	-3.65415
1.17437 	-3.65984
1.17508 	-3.66553
1.17578 	-3.67122
1.17648 	-3.67691
1.17718 	-3.6826
1.17788 	-3.68829
1.17858 	-3.69397
1.17928 	-3.69965
1.17998 	-3.70534
1.18068 	-3.71102
1.18138 	-3.7167
1.18208 	-3.72238
1.18278 	-3.72806
1.18348 	-3.73373
1.18418 	-3.73941
1.18488 	-3.74508
1.18559 	-3.75075
1.18629 	-3.75642
1.18699 	-3.76209
1.18769 	-3.76776
1.18839 	-3.77343
1.18909 	-3.7791
1.18979 	-3.78476
1.19049 	-3.79042
1.19119 	-3.79609
1.19189 	-3.80175
1.19259 	-3.80741
1.19329 	-3.81306
1.19399 	-3.81872
1.19469 	-3.82438
1.1954 	-3.83003
1.1961 	-3.83568
1.1968 	-3.84133
1.1975 	-3.84698
1.1982 	-3.85263
1.1989 	-3.85828
1.1996 	-3.86392
1.2003 	-3.86957
1.201 	-3.87521
1.2017 	-3.88085
1.2024 	-3.88649
1.2031 	-3.89213
1.2038 	-3.89777
1.2045 	-3.90341
1.20521 	-3.90904
1.20591 	-3.91467
1.20661 	-3.92031
1.20731 	-3.92594
1.20801 	-3.93156
1.20871 	-3.93719
1.20941 	-3.94282
1.21011 	-3.94844
1.21081 	-3.95407
1.21151 	-3.95969
1.21221 	-3.96531
1.21291 	-3.97093
1.21361 	-3.97654
1.21431 	-3.98216
1.21502 	-3.98778
1.21572 	-3.99339
1.21642 	-3.999
1.21712 	-4.00461
1.21782 	-4.01022
1.21852 	-4.01583
1.21922 	-4.02143
1.21992 	-4.02704
1.22062 	-4.03264
1.22132 	-4.03824
1.22202 	-4.04384
1.22272 	-4.04944
1.22342 	-4.05504
1.22412 	-4.06063
1.22482 	-4.06623
1.22553 	-4.07182
1.22623 	-4.07741
1.22693 	-4.083
1.22763 	-4.08859
1.22833 	-4.09417
1.22903 	-4.09976
1.22973 	-4.10534
1.23043 	-4.11093
1.23113 	-4.11651
1.23183 	-4.12209
1.23253 	-4.12766
1.23323 	-4.13324
1.23393 	-4.13881
1.23463 	-4.14439
1.23534 	-4.14996
1.23604 	-4.15553
1.23674 	-4.1611
1.23744 	-4.16666
1.23814 	-4.17223
1.23884 	-4.17779
1.23954 	-4.18335
1.24024 	-4.18892
1.24094 	-4.19447
1.24164 	-4.20003
1.24234 	-4.20559
1.24304 	-4.21114
1.24374 	-4.2167
1.24444 	-4.22225
1.24515 	-4.2278
1.24585 	-4.23335
1.24655 	-4.23889
1.24725 	-4.24444
1.24795 	-4.24998
1.24865 	-4.25552
1.24935 	-4.26106
1.25005 	-4.2666
1.25075 	-4.27214
1.25145 	-4.27768
1.25215 	-4.28321
1.25285 	-4.28875
1.25355 	-4.29428
1.25425 	-4.29981
1.25495 	-4.30533
1.25566 	-4.31086
1.25636 	-4.31639
1.25706 	-4.32191
1.25776 	-4.32743
1.25846 	-4.33295
1.25916 	-4.33847
1.25986 	-4.34399
1.26056 	-4.3495
1.26126 	-4.35502
1.26196 	-4.36053
1.26266 	-4.36604
1.26336 	-4.37155
1.26406 	-4.37706
1.26476 	-4.38257
1.26547 	-4.38807
1.26617 	-4.39358
1.26687 	-4.39908
1.26757 	-4.40458
1.26827 	-4.41008
1.26897 	-4.41557
1.26967 	-4.42107
1.27037 	-4.42656
1.27107 	-4.43206
1.27177 	-4.43755
1.27247 	-4.44304
1.27317 	-4.44853
1.27387 	-4.45401
1.27457 	-4.4595
1.27528 	-4.46498
1.27598 	-4.47046
1.27668 	-4.47594
1.27738 	-4.48142
1.27808 	-4.4869
1.27878 	-4.49238
1.27948 	-4.49785
1.28018 	-4.50332
1.28088 	-4.50879
1.28158 	-4.51426
1.28228 	-4.51973
1.28298 	-4.5252
1.28368 	-4.53067
1.28438 	-4.53613
1.28509 	-4.54159
1.28579 	-4.54705
1.28649 	-4.55251
1.28719 	-4.55797
1.28789 	-4.56343
1.28859 	-4.56888
1.28929 	-4.57434
1.28999 	-4.57979
1.29069 	-4.58524
1.29139 	-4.59069
1.29209 	-4.59614
1.29279 	-4.60158
1.29349 	-4.60703
1.29419 	-4.61247
1.29489 	-4.61791
1.2956 	-4.62335
1.2963 	-4.62879
1.297 	-4.63423
1.2977 	-4.63967
1.2984 	-4.6451
1.2991 	-4.65054
1.2998 	-4.65597
1.3005 	-4.6614
1.3012 	-4.66683
1.3019 	-4.67226
1.3026 	-4.67768
1.3033 	-4.68311
1.304 	-4.68853
1.3047 	-4.69396
1.30541 	-4.69938
1.30611 	-4.7048
1.30681 	-4.71022
1.30751 	-4.71563
1.30821 	-4.72105
1.30891 	-4.72647
1.30961 	-4.73188
1.31031 	-4.73729
1.31101 	-4.7427
1.31171 	-4.74811
1.31241 	-4.75352
1.31311 	-4.75893
1.31381 	-4.76434
1.31451 	-4.76974
1.31522 	-4.77515
1.31592 	-4.78055
1.31662 	-4.78595
1.31732 	-4.79135
1.31802 	-4.79675
1.31872 	-4.80215
1.31942 	-4.80754
1.32012 	-4.81294
1.32082 	-4.81834
1.32152 	-4.82373
1.32222 	-4.82912
1.32292 	-4.83451
1.32362 	-4.8399
1.32432 	-4.84529
1.32503 	-4.85068
1.32573 	-4.85607
1.32643 	-4.86145
1.32713 	-4.86684
1.32783 	-4.87222
1.32853 	-4.87761
1.32923 	-4.88299
1.32993 	-4.88837
1.33063 	-4.89375
1.33133 	-4.89913
1.33203 	-4.90451
1.33273 	-4.90988
1.33343 	-4.91526
1.33413 	-4.92064
1.33483 	-4.92601
1.33554 	-4.93139
1.33624 	-4.93676
1.33694 	-4.94213
1.33764 	-4.9475
1.33834 	-4.95287
1.33904 	-4.95824
1.33974 	-4.96361
1.34044 	-4.96898
1.34114 	-4.97435
1.34184 	-4.97971
1.34254 	-4.98508
1.34324 	-4.99045
1.34394 	-4.99581
1.34464 	-5.00118
1.34535 	-5.00654
1.34605 	-5.0119
1.34675 	-5.01727
1.34745 	-5.02263
1.34815 	-5.02799
1.34885 	-5.03335
1.34955 	-5.03871
1.35025 	-5.04407
1.35095 	-5.04943
1.35165 	-5.05479
1.35235 	-5.06015
1.35305 	-5.0655
1.35375 	-5.07086
1.35445 	-5.07622
1.35516 	-5.08158
1.35586 	-5.08693
1.35656 	-5.09229
1.35726 	-5.09764
1.35796 	-5.103
1.35866 	-5.10835
1.35936 	-5.11371
1.36006 	-5.11906
1.36076 	-5.12442
1.36146 	-5.12977
1.36216 	-5.13513
1.36286 	-5.14048
1.36356 	-5.14584
1.36426 	-5.15119
1.36496 	-5.15654
1.36567 	-5.1619
1.36637 	-5.16725
1.36707 	-5.17261
1.36777 	-5.17796
1.36847 	-5.18332
1.36917 	-5.18867
1.36987 	-5.19402
1.37057 	-5.19938
1.37127 	-5.20473
1.37197 	-5.21009
1.37267 	-5.21544
1.37337 	-5.2208
1.37407 	-5.22615
1.37477 	-5.23151
1.37548 	-5.23687
1.37618 	-5.24222
1.37688 	-5.24758
1.37758 	-5.25294
1.37828 	-5.2583
1.37898 	-5.26366
1.37968 	-5.26901
1.38038 	-5.27437
1.38108 	-5.27973
1.38178 	-5.28509
1.38248 	-5.29046
1.38318 	-5.29582
1.38388 	-5.30118
1.38458 	-5.30654
1.38529 	-5.31191
1.38599 	-5.31727
1.38669 	-5.32264
1.38739 	-5.32801
1.38809 	-5.33337
1.38879 	-5.33874
1.38949 	-5.34411
1.39019 	-5.34948
1.39089 	-5.35485
1.39159 	-5.36023
1.39229 	-5.3656
1.39299 	-5.37098
1.39369 	-5.37635
1.39439 	-5.38173
1.3951 	-5.38711
1.3958 	-5.39249
1.3965 	-5.39787
1.3972 	-5.40325
1.3979 	-5.40863
1.3986 	-5.41402
1.3993 	-5.41941
1.4 	-5.42479
