# x              	y             
0.4 	0.895405
0.4004 	0.895339
0.400801 	0.895272
0.401201 	0.895205
0.401602 	0.895139
0.402002 	0.895072
0.402402 	0.895005
0.402803 	0.894938
0.403203 	0.894871
0.403604 	0.894803
0.404004 	0.894736
0.404404 	0.894669
0.404805 	0.894601
0.405205 	0.894534
0.405606 	0.894466
0.406006 	0.894398
0.406406 	0.894331
0.406807 	0.894263
0.407207 	0.894195
0.407608 	0.894127
0.408008 	0.894059
0.408408 	0.893991
0.408809 	0.893923
0.409209 	0.893855
0.40961 	0.893786
0.41001 	0.893718
0.41041 	0.89365
0.410811 	0.893581
0.411211 	0.893513
0.411612 	0.893444
0.412012 	0.893375
0.412412 	0.893307
0.412813 	0.893238
0.413213 	0.893169
0.413614 	0.8931
0.414014 	0.893031
0.414414 	0.892962
0.414815 	0.892893
0.415215 	0.892824
0.415616 	0.892755
0.416016 	0.892685
0.416416 	0.892616
0.416817 	0.892547
0.417217 	0.892477
0.417618 	0.892408
0.418018 	0.892338
0.418418 	0.892269
0.418819 	0.892199
0.419219 	0.892129
0.41962 	0.892059
0.42002 	0.89199
0.42042 	0.89192
0.420821 	0.89185
0.421221 	0.89178
0.421622 	0.89171
0.422022 	0.89164
0.422422 	0.89157
0.422823 	0.891499
0.423223 	0.891429
0.423624 	0.891359
0.424024 	0.891289
0.424424 	0.891218
0.424825 	0.891148
0.425225 	0.891077
0.425626 	0.891007
0.426026 	0.890936
0.426426 	0.890866
0.426827 	0.890795
0.427227 	0.890724
0.427628 	0.890654
0.428028 	0.890583
0.428428 	0.890512
0.428829 	0.890441
0.429229 	0.89037
0.42963 	0.890299
0.43003 	0.890228
0.43043 	0.890157
0.430831 	0.890086
0.431231 	0.890015
0.431632 	0.889944
0.432032 	0.889873
0.432432 	0.889801
0.432833 	0.88973
0.433233 	0.889659
0.433634 	0.889587
0.434034 	0.889516
0.434434 	0.889444
0.434835 	0.889373
0.435235 	0.889301
0.435636 	0.88923
0.436036 	0.889158
0.436436 	0.889086
0.436837 	0.889015
0.437237 	0.888943
0.437638 	0.888871
0.438038 	0.888799
0.438438 	0.888727
0.438839 	0.888656
0.439239 	0.888584
0.43964 	0.888512
0.44004 	0.88844
0.44044 	0.888368
0.440841 	0.888296
0.441241 	0.888223
0.441642 	0.888151
0.442042 	0.888079
0.442442 	0.888007
0.442843 	0.887935
0.443243 	0.887862
0.443644 	0.88779
0.444044 	0.887718
0.444444 	0.887645
0.444845 	0.887573
0.445245 	0.8875
0.445646 	0.887428
0.446046 	0.887355
0.446446 	0.887282
0.446847 	0.88721
0.447247 	0.887137
0.447648 	0.887064
0.448048 	0.886992
0.448448 	0.886919
0.448849 	0.886846
0.449249 	0.886773
0.44965 	0.8867
0.45005 	0.886628
0.45045 	0.886555
0.450851 	0.886482
0.451251 	0.886409
0.451652 	0.886336
0.452052 	0.886262
0.452452 	0.886189
0.452853 	0.886116
0.453253 	0.886043
0.453654 	0.88597
0.454054 	0.885897
0.454454 	0.885823
0.454855 	0.88575
0.455255 	0.885677
0.455656 	0.885603
0.456056 	0.88553
0.456456 	0.885456
0.456857 	0.885383
0.457257 	0.885309
0.457658 	0.885236
0.458058 	0.885162
0.458458 	0.885088
0.458859 	0.885015
0.459259 	0.884941
0.45966 	0.884867
0.46006 	0.884794
0.46046 	0.88472
0.460861 	0.884646
0.461261 	0.884572
0.461662 	0.884498
0.462062 	0.884424
0.462462 	0.88435
0.462863 	0.884276
0.463263 	0.884202
0.463664 	0.884128
0.464064 	0.884054
0.464464 	0.88398
0.464865 	0.883906
0.465265 	0.883832
0.465666 	0.883757
0.466066 	0.883683
0.466466 	0.883609
0.466867 	0.883534
0.467267 	0.88346
0.467668 	0.883386
0.468068 	0.883311
0.468468 	0.883237
0.468869 	0.883162
0.469269 	0.883088
0.46967 	0.883013
0.47007 	0.882939
0.47047 	0.882864
0.470871 	0.882789
0.471271 	0.882714
0.471672 	0.88264
0.472072 	0.882565
0.472472 	0.88249
0.472873 	0.882415
0.473273 	0.88234
0.473674 	0.882265
0.474074 	0.88219
0.474474 	0.882115
0.474875 	0.88204
0.475275 	0.881965
0.475676 	0.88189
0.476076 	0.881815
0.476476 	0.88174
0.476877 	0.881665
0.477277 	0.881589
0.477678 	0.881514
0.478078 	0.881439
0.478478 	0.881363
0.478879 	0.881288
0.479279 	0.881212
0.47968 	0.881137
0.48008 	0.881061
0.48048 	0.880986
0.480881 	0.88091
0.481281 	0.880835
0.481682 	0.880759
0.482082 	0.880683
0.482482 	0.880608
0.482883 	0.880532
0.483283 	0.880456
0.483684 	0.88038
0.484084 	0.880304
0.484484 	0.880228
0.484885 	0.880152
0.485285 	0.880076
0.485686 	0.88
0.486086 	0.879924
0.486486 	0.879848
0.486887 	0.879772
0.487287 	0.879696
0.487688 	0.879619
0.488088 	0.879543
0.488488 	0.879467
0.488889 	0.87939
0.489289 	0.879314
0.48969 	0.879238
0.49009 	0.879161
0.49049 	0.879085
0.490891 	0.879008
0.491291 	0.878931
0.491692 	0.878855
0.492092 	0.878778
0.492492 	0.878701
0.492893 	0.878625
0.493293 	0.878548
0.493694 	0.878471
0.494094 	0.878394
0.494494 	0.878317
0.494895 	0.87824
0.495295 	0.878163
0.495696 	0.878086
0.496096 	0.878009
0.496496 	0.877932
0.496897 	0.877855
0.497297 	0.877777
0.497698 	0.8777
0.498098 	0.877623
0.498498 	0.877545
0.498899 	0.877468
0.499299 	0.87739
0.4997 	0.877313
0.5001 	0.877235
0.500501 	0.877158
0.500901 	0.87708
0.501301 	0.877002
0.501702 	0.876925
0.502102 	0.876847
0.502503 	0.876769
0.502903 	0.876691
0.503303 	0.876613
0.503704 	0.876535
0.504104 	0.876457
0.504505 	0.876379
0.504905 	0.876301
0.505305 	0.876223
0.505706 	0.876145
0.506106 	0.876067
0.506507 	0.875989
0.506907 	0.87591
0.507307 	0.875832
0.507708 	0.875753
0.508108 	0.875675
0.508509 	0.875596
0.508909 	0.875518
0.509309 	0.875439
0.50971 	0.875361
0.51011 	0.875282
0.510511 	0.875203
0.510911 	0.875124
0.511311 	0.875046
0.511712 	0.874967
0.512112 	0.874888
0.512513 	0.874809
0.512913 	0.87473
0.513313 	0.874651
0.513714 	0.874571
0.514114 	0.874492
0.514515 	0.874413
0.514915 	0.874334
0.515315 	0.874254
0.515716 	0.874175
0.516116 	0.874096
0.516517 	0.874016
0.516917 	0.873936
0.517317 	0.873857
0.517718 	0.873777
0.518118 	0.873698
0.518519 	0.873618
0.518919 	0.873538
0.519319 	0.873458
0.51972 	0.873378
0.52012 	0.873298
0.520521 	0.873218
0.520921 	0.873138
0.521321 	0.873058
0.521722 	0.872978
0.522122 	0.872898
0.522523 	0.872817
0.522923 	0.872737
0.523323 	0.872657
0.523724 	0.872576
0.524124 	0.872496
0.524525 	0.872415
0.524925 	0.872335
0.525325 	0.872254
0.525726 	0.872173
0.526126 	0.872092
0.526527 	0.872012
0.526927 	0.871931
0.527327 	0.87185
0.527728 	0.871769
0.528128 	0.871688
0.528529 	0.871607
0.528929 	0.871525
0.529329 	0.871444
0.52973 	0.871363
0.53013 	0.871282
0.530531 	0.8712
0.530931 	0.871119
0.531331 	0.871037
0.531732 	0.870956
0.532132 	0.870874
0.532533 	0.870792
0.532933 	0.870711
0.533333 	0.870629
0.533734 	0.870547
0.534134 	0.870465
0.534535 	0.870383
0.534935 	0.870301
0.535335 	0.870219
0.535736 	0.870137
0.536136 	0.870055
0.536537 	0.869973
0.536937 	0.86989
0.537337 	0.869808
0.537738 	0.869726
0.538138 	0.869643
0.538539 	0.86956
0.538939 	0.869478
0.539339 	0.869395
0.53974 	0.869312
0.54014 	0.86923
0.540541 	0.869147
0.540941 	0.869064
0.541341 	0.868981
0.541742 	0.868898
0.542142 	0.868815
0.542543 	0.868732
0.542943 	0.868649
0.543343 	0.868565
0.543744 	0.868482
0.544144 	0.868399
0.544545 	0.868315
0.544945 	0.868232
0.545345 	0.868148
0.545746 	0.868064
0.546146 	0.867981
0.546547 	0.867897
0.546947 	0.867813
0.547347 	0.867729
0.547748 	0.867645
0.548148 	0.867561
0.548549 	0.867477
0.548949 	0.867393
0.549349 	0.867309
0.54975 	0.867225
0.55015 	0.86714
0.550551 	0.867056
0.550951 	0.866971
0.551351 	0.866887
0.551752 	0.866802
0.552152 	0.866718
0.552553 	0.866633
0.552953 	0.866548
0.553353 	0.866463
0.553754 	0.866378
0.554154 	0.866293
0.554555 	0.866208
0.554955 	0.866123
0.555355 	0.866038
0.555756 	0.865953
0.556156 	0.865868
0.556557 	0.865782
0.556957 	0.865697
0.557357 	0.865611
0.557758 	0.865526
0.558158 	0.86544
0.558559 	0.865354
0.558959 	0.865269
0.559359 	0.865183
0.55976 	0.865097
0.56016 	0.865011
0.560561 	0.864925
0.560961 	0.864839
0.561361 	0.864753
0.561762 	0.864667
0.562162 	0.86458
0.562563 	0.864494
0.562963 	0.864408
0.563363 	0.864321
0.563764 	0.864235
0.564164 	0.864148
0.564565 	0.864061
0.564965 	0.863974
0.565365 	0.863888
0.565766 	0.863801
0.566166 	0.863714
0.566567 	0.863627
0.566967 	0.86354
0.567367 	0.863453
0.567768 	0.863365
0.568168 	0.863278
0.568569 	0.863191
0.568969 	0.863103
0.569369 	0.863016
0.56977 	0.862928
0.57017 	0.862841
0.570571 	0.862753
0.570971 	0.862665
0.571371 	0.862577
0.571772 	0.862489
0.572172 	0.862401
0.572573 	0.862313
0.572973 	0.862225
0.573373 	0.862137
0.573774 	0.862049
0.574174 	0.861961
0.574575 	0.861872
0.574975 	0.861784
0.575375 	0.861695
0.575776 	0.861607
0.576176 	0.861518
0.576577 	0.861429
0.576977 	0.86134
0.577377 	0.861252
0.577778 	0.861163
0.578178 	0.861074
0.578579 	0.860985
0.578979 	0.860895
0.579379 	0.860806
0.57978 	0.860717
0.58018 	0.860628
0.580581 	0.860538
0.580981 	0.860449
0.581381 	0.860359
0.581782 	0.860269
0.582182 	0.86018
0.582583 	0.86009
0.582983 	0.86
0.583383 	0.85991
0.583784 	0.85982
0.584184 	0.85973
0.584585 	0.85964
0.584985 	0.85955
0.585385 	0.859459
0.585786 	0.859369
0.586186 	0.859279
0.586587 	0.859188
0.586987 	0.859098
0.587387 	0.859007
0.587788 	0.858916
0.588188 	0.858826
0.588589 	0.858735
0.588989 	0.858644
0.589389 	0.858553
0.58979 	0.858462
0.59019 	0.858371
0.590591 	0.858279
0.590991 	0.858188
0.591391 	0.858097
0.591792 	0.858005
0.592192 	0.857914
0.592593 	0.857822
0.592993 	0.857731
0.593393 	0.857639
0.593794 	0.857547
0.594194 	0.857455
0.594595 	0.857364
0.594995 	0.857272
0.595395 	0.85718
0.595796 	0.857087
0.596196 	0.856995
0.596597 	0.856903
0.596997 	0.856811
0.597397 	0.856718
0.597798 	0.856626
0.598198 	0.856533
0.598599 	0.85644
0.598999 	0.856348
0.599399 	0.856255
0.5998 	0.856162
0.6002 	0.856069
0.600601 	0.855976
0.601001 	0.855883
0.601401 	0.85579
0.601802 	0.855697
0.602202 	0.855604
0.602603 	0.85551
0.603003 	0.855417
0.603403 	0.855323
0.603804 	0.85523
0.604204 	0.855136
0.604605 	0.855042
0.605005 	0.854949
0.605405 	0.854855
0.605806 	0.854761
0.606206 	0.854667
0.606607 	0.854573
0.607007 	0.854478
0.607407 	0.854384
0.607808 	0.85429
0.608208 	0.854196
0.608609 	0.854101
0.609009 	0.854007
0.609409 	0.853912
0.60981 	0.853817
0.61021 	0.853723
0.610611 	0.853628
0.611011 	0.853533
0.611411 	0.853438
0.611812 	0.853343
0.612212 	0.853248
0.612613 	0.853153
0.613013 	0.853057
0.613413 	0.852962
0.613814 	0.852867
0.614214 	0.852771
0.614615 	0.852676
0.615015 	0.85258
0.615415 	0.852484
0.615816 	0.852388
0.616216 	0.852293
0.616617 	0.852197
0.617017 	0.852101
0.617417 	0.852005
0.617818 	0.851908
0.618218 	0.851812
0.618619 	0.851716
0.619019 	0.85162
0.619419 	0.851523
0.61982 	0.851427
0.62022 	0.85133
0.620621 	0.851233
0.621021 	0.851137
0.621421 	0.85104
0.621822 	0.850943
0.622222 	0.850846
0.622623 	0.850749
0.623023 	0.850652
0.623423 	0.850555
0.623824 	0.850457
0.624224 	0.85036
0.624625 	0.850263
0.625025 	0.850165
0.625425 	0.850068
0.625826 	0.84997
0.626226 	0.849872
0.626627 	0.849774
0.627027 	0.849677
0.627427 	0.849579
0.627828 	0.849481
0.628228 	0.849383
0.628629 	0.849284
0.629029 	0.849186
0.629429 	0.849088
0.62983 	0.848989
0.63023 	0.848891
0.630631 	0.848792
0.631031 	0.848694
0.631431 	0.848595
0.631832 	0.848496
0.632232 	0.848398
0.632633 	0.848299
0.633033 	0.8482
0.633433 	0.848101
0.633834 	0.848001
0.634234 	0.847902
0.634635 	0.847803
0.635035 	0.847704
0.635435 	0.847604
0.635836 	0.847505
0.636236 	0.847405
0.636637 	0.847305
0.637037 	0.847205
0.637437 	0.847106
0.637838 	0.847006
0.638238 	0.846906
0.638639 	0.846806
0.639039 	0.846705
0.639439 	0.846605
0.63984 	0.846505
0.64024 	0.846405
0.640641 	0.846304
0.641041 	0.846204
0.641441 	0.846103
0.641842 	0.846002
0.642242 	0.845901
0.642643 	0.845801
0.643043 	0.8457
0.643443 	0.845599
0.643844 	0.845498
0.644244 	0.845396
0.644645 	0.845295
0.645045 	0.845194
0.645445 	0.845092
0.645846 	0.844991
0.646246 	0.844889
0.646647 	0.844788
0.647047 	0.844686
0.647447 	0.844584
0.647848 	0.844482
0.648248 	0.84438
0.648649 	0.844278
0.649049 	0.844176
0.649449 	0.844074
0.64985 	0.843972
0.65025 	0.843869
0.650651 	0.843767
0.651051 	0.843664
0.651451 	0.843562
0.651852 	0.843459
0.652252 	0.843356
0.652653 	0.843253
0.653053 	0.84315
0.653453 	0.843047
0.653854 	0.842944
0.654254 	0.842841
0.654655 	0.842738
0.655055 	0.842634
0.655455 	0.842531
0.655856 	0.842428
0.656256 	0.842324
0.656657 	0.84222
0.657057 	0.842116
0.657457 	0.842013
0.657858 	0.841909
0.658258 	0.841805
0.658659 	0.841701
0.659059 	0.841596
0.659459 	0.841492
0.65986 	0.841388
0.66026 	0.841283
0.660661 	0.841179
0.661061 	0.841074
0.661461 	0.840969
0.661862 	0.840865
0.662262 	0.84076
0.662663 	0.840655
0.663063 	0.84055
0.663463 	0.840445
0.663864 	0.840339
0.664264 	0.840234
0.664665 	0.840129
0.665065 	0.840023
0.665465 	0.839917
0.665866 	0.839812
0.666266 	0.839706
0.666667 	0.8396
0.667067 	0.839494
0.667467 	0.839388
0.667868 	0.839282
0.668268 	0.839176
0.668669 	0.83907
0.669069 	0.838963
0.669469 	0.838857
0.66987 	0.83875
0.67027 	0.838643
0.670671 	0.838537
0.671071 	0.83843
0.671471 	0.838323
0.671872 	0.838216
0.672272 	0.838109
0.672673 	0.838001
0.673073 	0.837894
0.673473 	0.837787
0.673874 	0.837679
0.674274 	0.837572
0.674675 	0.837464
0.675075 	0.837356
0.675475 	0.837248
0.675876 	0.83714
0.676276 	0.837032
0.676677 	0.836924
0.677077 	0.836816
0.677477 	0.836707
0.677878 	0.836599
0.678278 	0.83649
0.678679 	0.836381
0.679079 	0.836273
0.679479 	0.836164
0.67988 	0.836055
0.68028 	0.835946
0.680681 	0.835836
0.681081 	0.835727
0.681481 	0.835618
0.681882 	0.835508
0.682282 	0.835399
0.682683 	0.835289
0.683083 	0.835179
0.683483 	0.835069
0.683884 	0.834959
0.684284 	0.834849
0.684685 	0.834739
0.685085 	0.834629
0.685485 	0.834518
0.685886 	0.834408
0.686286 	0.834297
0.686687 	0.834186
0.687087 	0.834075
0.687487 	0.833964
0.687888 	0.833853
0.688288 	0.833742
0.688689 	0.833631
0.689089 	0.833519
0.689489 	0.833408
0.68989 	0.833296
0.69029 	0.833184
0.690691 	0.833072
0.691091 	0.83296
0.691491 	0.832848
0.691892 	0.832736
0.692292 	0.832624
0.692693 	0.832511
0.693093 	0.832399
0.693493 	0.832286
0.693894 	0.832173
0.694294 	0.83206
0.694695 	0.831947
0.695095 	0.831834
0.695495 	0.831721
0.695896 	0.831608
0.696296 	0.831494
0.696697 	0.83138
0.697097 	0.831267
0.697497 	0.831153
0.697898 	0.831039
0.698298 	0.830925
0.698699 	0.83081
0.699099 	0.830696
0.699499 	0.830581
0.6999 	0.830467
0.7003 	0.830352
0.700701 	0.830237
0.701101 	0.830122
0.701502 	0.830007
0.701902 	0.829892
0.702302 	0.829776
0.702703 	0.829661
0.703103 	0.829545
0.703504 	0.829429
0.703904 	0.829313
0.704304 	0.829197
0.704705 	0.829081
0.705105 	0.828964
0.705506 	0.828848
0.705906 	0.828731
0.706306 	0.828614
0.706707 	0.828498
0.707107 	0.82838
0.707508 	0.828263
0.707908 	0.828146
0.708308 	0.828028
0.708709 	0.827911
0.709109 	0.827793
0.70951 	0.827675
0.70991 	0.827557
0.71031 	0.827439
0.710711 	0.82732
0.711111 	0.827202
0.711512 	0.827083
0.711912 	0.826964
0.712312 	0.826845
0.712713 	0.826726
0.713113 	0.826607
0.713514 	0.826487
0.713914 	0.826368
0.714314 	0.826248
0.714715 	0.826128
0.715115 	0.826008
0.715516 	0.825888
0.715916 	0.825767
0.716316 	0.825647
0.716717 	0.825526
0.717117 	0.825405
0.717518 	0.825284
0.717918 	0.825163
0.718318 	0.825042
0.718719 	0.82492
0.719119 	0.824798
0.71952 	0.824677
0.71992 	0.824554
0.72032 	0.824432
0.720721 	0.82431
0.721121 	0.824187
0.721522 	0.824065
0.721922 	0.823942
0.722322 	0.823818
0.722723 	0.823695
0.723123 	0.823572
0.723524 	0.823448
0.723924 	0.823324
0.724324 	0.8232
0.724725 	0.823076
0.725125 	0.822952
0.725526 	0.822827
0.725926 	0.822702
0.726326 	0.822577
0.726727 	0.822452
0.727127 	0.822327
0.727528 	0.822201
0.727928 	0.822076
0.728328 	0.82195
0.728729 	0.821824
0.729129 	0.821697
0.72953 	0.821571
0.72993 	0.821444
0.73033 	0.821317
0.730731 	0.82119
0.731131 	0.821063
0.731532 	0.820935
0.731932 	0.820807
0.732332 	0.820679
0.732733 	0.820551
0.733133 	0.820423
0.733534 	0.820294
0.733934 	0.820166
0.734334 	0.820037
0.734735 	0.819907
0.735135 	0.819778
0.735536 	0.819648
0.735936 	0.819518
0.736336 	0.819388
0.736737 	0.819258
0.737137 	0.819127
0.737538 	0.818996
0.737938 	0.818865
0.738338 	0.818734
0.738739 	0.818603
0.739139 	0.818471
0.73954 	0.818339
0.73994 	0.818207
0.74034 	0.818074
0.740741 	0.817942
0.741141 	0.817809
0.741542 	0.817676
0.741942 	0.817542
0.742342 	0.817409
0.742743 	0.817275
0.743143 	0.817141
0.743544 	0.817006
0.743944 	0.816871
0.744344 	0.816737
0.744745 	0.816601
0.745145 	0.816466
0.745546 	0.81633
0.745946 	0.816194
0.746346 	0.816058
0.746747 	0.815922
0.747147 	0.815785
0.747548 	0.815648
0.747948 	0.815511
0.748348 	0.815373
0.748749 	0.815235
0.749149 	0.815097
0.74955 	0.814959
0.74995 	0.81482
0.75035 	0.814681
0.750751 	0.814542
0.751151 	0.814402
0.751552 	0.814262
0.751952 	0.814122
0.752352 	0.813982
0.752753 	0.813841
0.753153 	0.8137
0.753554 	0.813559
0.753954 	0.813417
0.754354 	0.813276
0.754755 	0.813133
0.755155 	0.812991
0.755556 	0.812848
0.755956 	0.812705
0.756356 	0.812561
0.756757 	0.812418
0.757157 	0.812274
0.757558 	0.812129
0.757958 	0.811985
0.758358 	0.81184
0.758759 	0.811694
0.759159 	0.811549
0.75956 	0.811403
0.75996 	0.811256
0.76036 	0.81111
0.760761 	0.810963
0.761161 	0.810815
0.761562 	0.810668
0.761962 	0.810519
0.762362 	0.810371
0.762763 	0.810222
0.763163 	0.810073
0.763564 	0.809924
0.763964 	0.809774
0.764364 	0.809624
0.764765 	0.809473
0.765165 	0.809323
0.765566 	0.809171
0.765966 	0.80902
0.766366 	0.808868
0.766767 	0.808716
0.767167 	0.808563
0.767568 	0.80841
0.767968 	0.808256
0.768368 	0.808102
0.768769 	0.807948
0.769169 	0.807794
0.76957 	0.807639
0.76997 	0.807483
0.77037 	0.807327
0.770771 	0.807171
0.771171 	0.807015
0.771572 	0.806858
0.771972 	0.8067
0.772372 	0.806542
0.772773 	0.806384
0.773173 	0.806226
0.773574 	0.806066
0.773974 	0.805907
0.774374 	0.805747
0.774775 	0.805587
0.775175 	0.805426
0.775576 	0.805265
0.775976 	0.805103
0.776376 	0.804941
0.776777 	0.804779
0.777177 	0.804616
0.777578 	0.804453
0.777978 	0.804289
0.778378 	0.804124
0.778779 	0.80396
0.779179 	0.803795
0.77958 	0.803629
0.77998 	0.803463
0.78038 	0.803296
0.780781 	0.803129
0.781181 	0.802962
0.781582 	0.802794
0.781982 	0.802625
0.782382 	0.802456
0.782783 	0.802287
0.783183 	0.802117
0.783584 	0.801947
0.783984 	0.801776
0.784384 	0.801604
0.784785 	0.801432
0.785185 	0.80126
0.785586 	0.801087
0.785986 	0.800914
0.786386 	0.80074
0.786787 	0.800565
0.787187 	0.80039
0.787588 	0.800215
0.787988 	0.800039
0.788388 	0.799862
0.788789 	0.799685
0.789189 	0.799508
0.78959 	0.79933
0.78999 	0.799151
0.79039 	0.798972
0.790791 	0.798792
0.791191 	0.798612
0.791592 	0.798431
0.791992 	0.798249
0.792392 	0.798067
0.792793 	0.797885
0.793193 	0.797701
0.793594 	0.797518
0.793994 	0.797333
0.794394 	0.797148
0.794795 	0.796963
0.795195 	0.796777
0.795596 	0.79659
0.795996 	0.796403
0.796396 	0.796215
0.796797 	0.796027
0.797197 	0.795837
0.797598 	0.795648
0.797998 	0.795457
0.798398 	0.795267
0.798799 	0.795075
0.799199 	0.794883
0.7996 	0.79469
0.8 	0.794496
