# Parameters:
# kT = 0.791701
# mu = -4.76168
# Ngrid = 131
# 
# Plot:
# log10Cvac		log10alpha		freeEnergy	
# 
-8.000000e+00 	0.000000e+00 	1.713382e-01
-8.000000e+00 	8.685890e-02 	1.223982e-01
-8.000000e+00 	1.737178e-01 	5.874424e-02
-8.000000e+00 	2.605767e-01 	4.817613e-03
-8.000000e+00 	3.474356e-01 	-8.721221e-03
-8.000000e+00 	4.342945e-01 	3.905775e-02
-8.000000e+00 	5.211534e-01 	1.436718e-01
-8.000000e+00 	6.080123e-01 	2.748762e-01
-8.000000e+00 	6.948712e-01 	3.954410e-01
-8.000000e+00 	7.817301e-01 	4.822015e-01
-8.000000e+00 	8.685890e-01 	5.310133e-01
-8.000000e+00 	9.554479e-01 	5.475993e-01
-8.000000e+00 	1.042307e+00 	5.382958e-01
-8.000000e+00 	1.129166e+00 	5.075320e-01
-8.000000e+00 	1.216025e+00 	4.593515e-01
-8.000000e+00 	1.302883e+00 	3.987230e-01
-8.000000e+00 	1.389742e+00 	3.311781e-01
-8.000000e+00 	1.476601e+00 	2.615756e-01
-8.000000e+00 	1.563460e+00 	1.933738e-01
-8.000000e+00 	1.650319e+00 	1.291312e-01
-8.000000e+00 	1.737178e+00 	7.180063e-02
-8.000000e+00 	1.824037e+00 	2.578985e-02
-8.000000e+00 	1.910896e+00 	-2.884429e-03
-8.000000e+00 	1.997755e+00 	failed
-8.000000e+00 	2.084614e+00 	failed
-8.000000e+00 	2.171472e+00 	failed
-8.000000e+00 	2.258331e+00 	failed
-8.000000e+00 	2.345190e+00 	failed
-8.000000e+00 	2.432049e+00 	failed
-8.000000e+00 	2.518908e+00 	failed
-8.000000e+00 	2.605767e+00 	failed
-8.000000e+00 	2.692626e+00 	failed
-8.000000e+00 	2.779485e+00 	failed
-8.000000e+00 	2.866344e+00 	failed
-8.000000e+00 	2.953202e+00 	failed

-7.739423e+00 	0.000000e+00 	1.713382e-01
-7.739423e+00 	8.685890e-02 	1.223982e-01
-7.739423e+00 	1.737178e-01 	5.874424e-02
-7.739423e+00 	2.605767e-01 	4.817615e-03
-7.739423e+00 	3.474356e-01 	-8.721222e-03
-7.739423e+00 	4.342945e-01 	3.905774e-02
-7.739423e+00 	5.211534e-01 	1.436718e-01
-7.739423e+00 	6.080123e-01 	2.748761e-01
-7.739423e+00 	6.948712e-01 	3.954409e-01
-7.739423e+00 	7.817301e-01 	4.822015e-01
-7.739423e+00 	8.685890e-01 	5.310133e-01
-7.739423e+00 	9.554479e-01 	5.475993e-01
-7.739423e+00 	1.042307e+00 	5.382957e-01
-7.739423e+00 	1.129166e+00 	5.075319e-01
-7.739423e+00 	1.216025e+00 	4.593515e-01
-7.739423e+00 	1.302883e+00 	3.987230e-01
-7.739423e+00 	1.389742e+00 	3.311781e-01
-7.739423e+00 	1.476601e+00 	2.615755e-01
-7.739423e+00 	1.563460e+00 	1.933737e-01
-7.739423e+00 	1.650319e+00 	1.291312e-01
-7.739423e+00 	1.737178e+00 	7.180059e-02
-7.739423e+00 	1.824037e+00 	2.578982e-02
-7.739423e+00 	1.910896e+00 	-2.884460e-03
-7.739423e+00 	1.997755e+00 	failed
-7.739423e+00 	2.084614e+00 	failed
-7.739423e+00 	2.171472e+00 	failed
-7.739423e+00 	2.258331e+00 	failed
-7.739423e+00 	2.345190e+00 	failed
-7.739423e+00 	2.432049e+00 	failed
-7.739423e+00 	2.518908e+00 	failed
-7.739423e+00 	2.605767e+00 	failed
-7.739423e+00 	2.692626e+00 	failed
-7.739423e+00 	2.779485e+00 	failed
-7.739423e+00 	2.866344e+00 	failed
-7.739423e+00 	2.953202e+00 	failed

-7.478847e+00 	0.000000e+00 	1.713382e-01
-7.478847e+00 	8.685890e-02 	1.223982e-01
-7.478847e+00 	1.737178e-01 	5.874425e-02
-7.478847e+00 	2.605767e-01 	4.817620e-03
-7.478847e+00 	3.474356e-01 	-8.721224e-03
-7.478847e+00 	4.342945e-01 	3.905773e-02
-7.478847e+00 	5.211534e-01 	1.436717e-01
-7.478847e+00 	6.080123e-01 	2.748761e-01
-7.478847e+00 	6.948712e-01 	3.954409e-01
-7.478847e+00 	7.817301e-01 	4.822014e-01
-7.478847e+00 	8.685890e-01 	5.310132e-01
-7.478847e+00 	9.554479e-01 	5.475992e-01
-7.478847e+00 	1.042307e+00 	5.382956e-01
-7.478847e+00 	1.129166e+00 	5.075318e-01
-7.478847e+00 	1.216025e+00 	4.593514e-01
-7.478847e+00 	1.302883e+00 	3.987229e-01
-7.478847e+00 	1.389742e+00 	3.311780e-01
-7.478847e+00 	1.476601e+00 	2.615755e-01
-7.478847e+00 	1.563460e+00 	1.933737e-01
-7.478847e+00 	1.650319e+00 	1.291311e-01
-7.478847e+00 	1.737178e+00 	7.180053e-02
-7.478847e+00 	1.824037e+00 	2.578976e-02
-7.478847e+00 	1.910896e+00 	-2.884515e-03
-7.478847e+00 	1.997755e+00 	failed
-7.478847e+00 	2.084614e+00 	failed
-7.478847e+00 	2.171472e+00 	failed
-7.478847e+00 	2.258331e+00 	failed
-7.478847e+00 	2.345190e+00 	failed
-7.478847e+00 	2.432049e+00 	failed
-7.478847e+00 	2.518908e+00 	failed
-7.478847e+00 	2.605767e+00 	failed
-7.478847e+00 	2.692626e+00 	failed
-7.478847e+00 	2.779485e+00 	failed
-7.478847e+00 	2.866344e+00 	failed
-7.478847e+00 	2.953202e+00 	failed

-7.218270e+00 	0.000000e+00 	1.713382e-01
-7.218270e+00 	8.685890e-02 	1.223982e-01
-7.218270e+00 	1.737178e-01 	5.874426e-02
-7.218270e+00 	2.605767e-01 	4.817628e-03
-7.218270e+00 	3.474356e-01 	-8.721228e-03
-7.218270e+00 	4.342945e-01 	3.905770e-02
-7.218270e+00 	5.211534e-01 	1.436717e-01
-7.218270e+00 	6.080123e-01 	2.748760e-01
-7.218270e+00 	6.948712e-01 	3.954407e-01
-7.218270e+00 	7.817301e-01 	4.822013e-01
-7.218270e+00 	8.685890e-01 	5.310130e-01
-7.218270e+00 	9.554479e-01 	5.475990e-01
-7.218270e+00 	1.042307e+00 	5.382955e-01
-7.218270e+00 	1.129166e+00 	5.075317e-01
-7.218270e+00 	1.216025e+00 	4.593513e-01
-7.218270e+00 	1.302883e+00 	3.987228e-01
-7.218270e+00 	1.389742e+00 	3.311779e-01
-7.218270e+00 	1.476601e+00 	2.615754e-01
-7.218270e+00 	1.563460e+00 	1.933736e-01
-7.218270e+00 	1.650319e+00 	1.291310e-01
-7.218270e+00 	1.737178e+00 	7.180041e-02
-7.218270e+00 	1.824037e+00 	2.578965e-02
-7.218270e+00 	1.910896e+00 	-2.884616e-03
-7.218270e+00 	1.997755e+00 	failed
-7.218270e+00 	2.084614e+00 	failed
-7.218270e+00 	2.171472e+00 	failed
-7.218270e+00 	2.258331e+00 	failed
-7.218270e+00 	2.345190e+00 	failed
-7.218270e+00 	2.432049e+00 	failed
-7.218270e+00 	2.518908e+00 	failed
-7.218270e+00 	2.605767e+00 	failed
-7.218270e+00 	2.692626e+00 	failed
-7.218270e+00 	2.779485e+00 	failed
-7.218270e+00 	2.866344e+00 	failed
-7.218270e+00 	2.953202e+00 	failed

-6.957693e+00 	0.000000e+00 	1.713382e-01
-6.957693e+00 	8.685890e-02 	1.223982e-01
-6.957693e+00 	1.737178e-01 	5.874428e-02
-6.957693e+00 	2.605767e-01 	4.817644e-03
-6.957693e+00 	3.474356e-01 	-8.721236e-03
-6.957693e+00 	4.342945e-01 	3.905765e-02
-6.957693e+00 	5.211534e-01 	1.436716e-01
-6.957693e+00 	6.080123e-01 	2.748758e-01
-6.957693e+00 	6.948712e-01 	3.954405e-01
-6.957693e+00 	7.817301e-01 	4.822010e-01
-6.957693e+00 	8.685890e-01 	5.310128e-01
-6.957693e+00 	9.554479e-01 	5.475988e-01
-6.957693e+00 	1.042307e+00 	5.382952e-01
-6.957693e+00 	1.129166e+00 	5.075315e-01
-6.957693e+00 	1.216025e+00 	4.593511e-01
-6.957693e+00 	1.302883e+00 	3.987226e-01
-6.957693e+00 	1.389742e+00 	3.311777e-01
-6.957693e+00 	1.476601e+00 	2.615752e-01
-6.957693e+00 	1.563460e+00 	1.933734e-01
-6.957693e+00 	1.650319e+00 	1.291308e-01
-6.957693e+00 	1.737178e+00 	7.180020e-02
-6.957693e+00 	1.824037e+00 	2.578946e-02
-6.957693e+00 	1.910896e+00 	-2.884799e-03
-6.957693e+00 	1.997755e+00 	-7.349047e-03
-6.957693e+00 	2.084614e+00 	failed
-6.957693e+00 	2.171472e+00 	failed
-6.957693e+00 	2.258331e+00 	failed
-6.957693e+00 	2.345190e+00 	failed
-6.957693e+00 	2.432049e+00 	failed
-6.957693e+00 	2.518908e+00 	failed
-6.957693e+00 	2.605767e+00 	failed
-6.957693e+00 	2.692626e+00 	failed
-6.957693e+00 	2.779485e+00 	failed
-6.957693e+00 	2.866344e+00 	failed
-6.957693e+00 	2.953202e+00 	failed

-6.697117e+00 	0.000000e+00 	1.713382e-01
-6.697117e+00 	8.685890e-02 	1.223982e-01
-6.697117e+00 	1.737178e-01 	5.874432e-02
-6.697117e+00 	2.605767e-01 	4.817672e-03
-6.697117e+00 	3.474356e-01 	-8.721249e-03
-6.697117e+00 	4.342945e-01 	3.905756e-02
-6.697117e+00 	5.211534e-01 	1.436714e-01
-6.697117e+00 	6.080123e-01 	2.748755e-01
-6.697117e+00 	6.948712e-01 	3.954401e-01
-6.697117e+00 	7.817301e-01 	4.822005e-01
-6.697117e+00 	8.685890e-01 	5.310123e-01
-6.697117e+00 	9.554479e-01 	5.475983e-01
-6.697117e+00 	1.042307e+00 	5.382947e-01
-6.697117e+00 	1.129166e+00 	5.075310e-01
-6.697117e+00 	1.216025e+00 	4.593506e-01
-6.697117e+00 	1.302883e+00 	3.987222e-01
-6.697117e+00 	1.389742e+00 	3.311774e-01
-6.697117e+00 	1.476601e+00 	2.615748e-01
-6.697117e+00 	1.563460e+00 	1.933730e-01
-6.697117e+00 	1.650319e+00 	1.291305e-01
-6.697117e+00 	1.737178e+00 	7.179981e-02
-6.697117e+00 	1.824037e+00 	2.578911e-02
-6.697117e+00 	1.910896e+00 	-2.885129e-03
-6.697117e+00 	1.997755e+00 	-7.349473e-03
-6.697117e+00 	2.084614e+00 	failed
-6.697117e+00 	2.171472e+00 	failed
-6.697117e+00 	2.258331e+00 	failed
-6.697117e+00 	2.345190e+00 	failed
-6.697117e+00 	2.432049e+00 	failed
-6.697117e+00 	2.518908e+00 	failed
-6.697117e+00 	2.605767e+00 	failed
-6.697117e+00 	2.692626e+00 	failed
-6.697117e+00 	2.779485e+00 	failed
-6.697117e+00 	2.866344e+00 	failed
-6.697117e+00 	2.953202e+00 	failed

-6.436540e+00 	0.000000e+00 	1.713383e-01
-6.436540e+00 	8.685890e-02 	1.223983e-01
-6.436540e+00 	1.737178e-01 	5.874439e-02
-6.436540e+00 	2.605767e-01 	4.817723e-03
-6.436540e+00 	3.474356e-01 	-8.721274e-03
-6.436540e+00 	4.342945e-01 	3.905739e-02
-6.436540e+00 	5.211534e-01 	1.436710e-01
-6.436540e+00 	6.080123e-01 	2.748749e-01
-6.436540e+00 	6.948712e-01 	3.954394e-01
-6.436540e+00 	7.817301e-01 	4.821997e-01
-6.436540e+00 	8.685890e-01 	5.310114e-01
-6.436540e+00 	9.554479e-01 	5.475974e-01
-6.436540e+00 	1.042307e+00 	5.382939e-01
-6.436540e+00 	1.129166e+00 	5.075302e-01
-6.436540e+00 	1.216025e+00 	4.593499e-01
-6.436540e+00 	1.302883e+00 	3.987215e-01
-6.436540e+00 	1.389742e+00 	3.311767e-01
-6.436540e+00 	1.476601e+00 	2.615742e-01
-6.436540e+00 	1.563460e+00 	1.933724e-01
-6.436540e+00 	1.650319e+00 	1.291298e-01
-6.436540e+00 	1.737178e+00 	7.179912e-02
-6.436540e+00 	1.824037e+00 	2.578848e-02
-6.436540e+00 	1.910896e+00 	-2.885719e-03
-6.436540e+00 	1.997755e+00 	-7.350114e-03
-6.436540e+00 	2.084614e+00 	failed
-6.436540e+00 	2.171472e+00 	failed
-6.436540e+00 	2.258331e+00 	failed
-6.436540e+00 	2.345190e+00 	failed
-6.436540e+00 	2.432049e+00 	failed
-6.436540e+00 	2.518908e+00 	failed
-6.436540e+00 	2.605767e+00 	failed
-6.436540e+00 	2.692626e+00 	failed
-6.436540e+00 	2.779485e+00 	failed
-6.436540e+00 	2.866344e+00 	failed
-6.436540e+00 	2.953202e+00 	failed

-6.175963e+00 	0.000000e+00 	1.713383e-01
-6.175963e+00 	8.685890e-02 	1.223984e-01
-6.175963e+00 	1.737178e-01 	5.874452e-02
-6.175963e+00 	2.605767e-01 	4.817816e-03
-6.175963e+00 	3.474356e-01 	-8.721320e-03
-6.175963e+00 	4.342945e-01 	3.905709e-02
-6.175963e+00 	5.211534e-01 	1.436704e-01
-6.175963e+00 	6.080123e-01 	2.748739e-01
-6.175963e+00 	6.948712e-01 	3.954380e-01
-6.175963e+00 	7.817301e-01 	4.821981e-01
-6.175963e+00 	8.685890e-01 	5.310097e-01
-6.175963e+00 	9.554479e-01 	5.475957e-01
-6.175963e+00 	1.042307e+00 	5.382922e-01
-6.175963e+00 	1.129166e+00 	5.075287e-01
-6.175963e+00 	1.216025e+00 	4.593485e-01
-6.175963e+00 	1.302883e+00 	3.987202e-01
-6.175963e+00 	1.389742e+00 	3.311755e-01
-6.175963e+00 	1.476601e+00 	2.615731e-01
-6.175963e+00 	1.563460e+00 	1.933713e-01
-6.175963e+00 	1.650319e+00 	1.291286e-01
-6.175963e+00 	1.737178e+00 	7.179788e-02
-6.175963e+00 	1.824037e+00 	2.578736e-02
-6.175963e+00 	1.910896e+00 	-2.886761e-03
-6.175963e+00 	1.997755e+00 	-7.351184e-03
-6.175963e+00 	2.084614e+00 	failed
-6.175963e+00 	2.171472e+00 	failed
-6.175963e+00 	2.258331e+00 	failed
-6.175963e+00 	2.345190e+00 	failed
-6.175963e+00 	2.432049e+00 	failed
-6.175963e+00 	2.518908e+00 	failed
-6.175963e+00 	2.605767e+00 	failed
-6.175963e+00 	2.692626e+00 	failed
-6.175963e+00 	2.779485e+00 	failed
-6.175963e+00 	2.866344e+00 	failed
-6.175963e+00 	2.953202e+00 	failed

-5.915386e+00 	0.000000e+00 	1.713384e-01
-5.915386e+00 	8.685890e-02 	1.223986e-01
-5.915386e+00 	1.737178e-01 	5.874476e-02
-5.915386e+00 	2.605767e-01 	4.817986e-03
-5.915386e+00 	3.474356e-01 	-8.721402e-03
-5.915386e+00 	4.342945e-01 	3.905654e-02
-5.915386e+00 	5.211534e-01 	1.436692e-01
-5.915386e+00 	6.080123e-01 	2.748721e-01
-5.915386e+00 	6.948712e-01 	3.954356e-01
-5.915386e+00 	7.817301e-01 	4.821953e-01
-5.915386e+00 	8.685890e-01 	5.310067e-01
-5.915386e+00 	9.554479e-01 	5.475927e-01
-5.915386e+00 	1.042307e+00 	5.382893e-01
-5.915386e+00 	1.129166e+00 	5.075259e-01
-5.915386e+00 	1.216025e+00 	4.593459e-01
-5.915386e+00 	1.302883e+00 	3.987179e-01
-5.915386e+00 	1.389742e+00 	3.311733e-01
-5.915386e+00 	1.476601e+00 	2.615710e-01
-5.915386e+00 	1.563460e+00 	1.933692e-01
-5.915386e+00 	1.650319e+00 	1.291264e-01
-5.915386e+00 	1.737178e+00 	7.179566e-02
-5.915386e+00 	1.824037e+00 	2.578540e-02
-5.915386e+00 	1.910896e+00 	-2.888579e-03
-5.915386e+00 	1.997755e+00 	-7.352976e-03
-5.915386e+00 	2.084614e+00 	failed
-5.915386e+00 	2.171472e+00 	failed
-5.915386e+00 	2.258331e+00 	failed
-5.915386e+00 	2.345190e+00 	failed
-5.915386e+00 	2.432049e+00 	failed
-5.915386e+00 	2.518908e+00 	failed
-5.915386e+00 	2.605767e+00 	failed
-5.915386e+00 	2.692626e+00 	failed
-5.915386e+00 	2.779485e+00 	failed
-5.915386e+00 	2.866344e+00 	failed
-5.915386e+00 	2.953202e+00 	failed

-5.654810e+00 	0.000000e+00 	1.713386e-01
-5.654810e+00 	8.685890e-02 	1.223989e-01
-5.654810e+00 	1.737178e-01 	5.874519e-02
-5.654810e+00 	2.605767e-01 	4.818296e-03
-5.654810e+00 	3.474356e-01 	-8.721552e-03
-5.654810e+00 	4.342945e-01 	3.905553e-02
-5.654810e+00 	5.211534e-01 	1.436670e-01
-5.654810e+00 	6.080123e-01 	2.748686e-01
-5.654810e+00 	6.948712e-01 	3.954312e-01
-5.654810e+00 	7.817301e-01 	4.821902e-01
-5.654810e+00 	8.685890e-01 	5.310013e-01
-5.654810e+00 	9.554479e-01 	5.475872e-01
-5.654810e+00 	1.042307e+00 	5.382840e-01
-5.654810e+00 	1.129166e+00 	5.075209e-01
-5.654810e+00 	1.216025e+00 	4.593413e-01
-5.654810e+00 	1.302883e+00 	3.987136e-01
-5.654810e+00 	1.389742e+00 	3.311694e-01
-5.654810e+00 	1.476601e+00 	2.615672e-01
-5.654810e+00 	1.563460e+00 	1.933654e-01
-5.654810e+00 	1.650319e+00 	1.291224e-01
-5.654810e+00 	1.737178e+00 	7.179178e-02
-5.654810e+00 	1.824037e+00 	2.578199e-02
-5.654810e+00 	1.910896e+00 	-2.891690e-03
-5.654810e+00 	1.997755e+00 	-7.355948e-03
-5.654810e+00 	2.084614e+00 	1.885879e-02
-5.654810e+00 	2.171472e+00 	failed
-5.654810e+00 	2.258331e+00 	failed
-5.654810e+00 	2.345190e+00 	failed
-5.654810e+00 	2.432049e+00 	failed
-5.654810e+00 	2.518908e+00 	failed
-5.654810e+00 	2.605767e+00 	failed
-5.654810e+00 	2.692626e+00 	failed
-5.654810e+00 	2.779485e+00 	failed
-5.654810e+00 	2.866344e+00 	failed
-5.654810e+00 	2.953202e+00 	failed

-5.394233e+00 	0.000000e+00 	1.713390e-01
-5.394233e+00 	8.685890e-02 	1.223996e-01
-5.394233e+00 	1.737178e-01 	5.874598e-02
-5.394233e+00 	2.605767e-01 	4.818860e-03
-5.394233e+00 	3.474356e-01 	-8.721826e-03
-5.394233e+00 	4.342945e-01 	3.905369e-02
-5.394233e+00 	5.211534e-01 	1.436630e-01
-5.394233e+00 	6.080123e-01 	2.748624e-01
-5.394233e+00 	6.948712e-01 	3.954231e-01
-5.394233e+00 	7.817301e-01 	4.821809e-01
-5.394233e+00 	8.685890e-01 	5.309914e-01
-5.394233e+00 	9.554479e-01 	5.475772e-01
-5.394233e+00 	1.042307e+00 	5.382743e-01
-5.394233e+00 	1.129166e+00 	5.075117e-01
-5.394233e+00 	1.216025e+00 	4.593328e-01
-5.394233e+00 	1.302883e+00 	3.987058e-01
-5.394233e+00 	1.389742e+00 	3.311621e-01
-5.394233e+00 	1.476601e+00 	2.615603e-01
-5.394233e+00 	1.563460e+00 	1.933584e-01
-5.394233e+00 	1.650319e+00 	1.291153e-01
-5.394233e+00 	1.737178e+00 	7.178506e-02
-5.394233e+00 	1.824037e+00 	2.577617e-02
-5.394233e+00 	1.910896e+00 	-2.896911e-03
-5.394233e+00 	1.997755e+00 	-7.360794e-03
-5.394233e+00 	2.084614e+00 	1.885401e-02
-5.394233e+00 	2.171472e+00 	8.053266e-02
-5.394233e+00 	2.258331e+00 	failed
-5.394233e+00 	2.345190e+00 	failed
-5.394233e+00 	2.432049e+00 	failed
-5.394233e+00 	2.518908e+00 	failed
-5.394233e+00 	2.605767e+00 	failed
-5.394233e+00 	2.692626e+00 	failed
-5.394233e+00 	2.779485e+00 	failed
-5.394233e+00 	2.866344e+00 	failed
-5.394233e+00 	2.953202e+00 	failed

-5.133656e+00 	0.000000e+00 	1.713396e-01
-5.133656e+00 	8.685890e-02 	1.224007e-01
-5.133656e+00 	1.737178e-01 	5.874741e-02
-5.133656e+00 	2.605767e-01 	4.819887e-03
-5.133656e+00 	3.474356e-01 	-8.722326e-03
-5.133656e+00 	4.342945e-01 	3.905034e-02
-5.133656e+00 	5.211534e-01 	1.436558e-01
-5.133656e+00 	6.080123e-01 	2.748511e-01
-5.133656e+00 	6.948712e-01 	3.954084e-01
-5.133656e+00 	7.817301e-01 	4.821639e-01
-5.133656e+00 	8.685890e-01 	5.309733e-01
-5.133656e+00 	9.554479e-01 	5.475590e-01
-5.133656e+00 	1.042307e+00 	5.382566e-01
-5.133656e+00 	1.129166e+00 	5.074950e-01
-5.133656e+00 	1.216025e+00 	4.593173e-01
-5.133656e+00 	1.302883e+00 	3.986916e-01
-5.133656e+00 	1.389742e+00 	3.311489e-01
-5.133656e+00 	1.476601e+00 	2.615477e-01
-5.133656e+00 	1.563460e+00 	1.933459e-01
-5.133656e+00 	1.650319e+00 	1.291026e-01
-5.133656e+00 	1.737178e+00 	7.177361e-02
-5.133656e+00 	1.824037e+00 	2.576640e-02
-5.133656e+00 	1.910896e+00 	-2.905482e-03
-5.133656e+00 	1.997755e+00 	-7.368515e-03
-5.133656e+00 	2.084614e+00 	1.884676e-02
-5.133656e+00 	2.171472e+00 	8.052547e-02
-5.133656e+00 	2.258331e+00 	1.798544e-01
-5.133656e+00 	2.345190e+00 	3.160696e-01
-5.133656e+00 	2.432049e+00 	failed
-5.133656e+00 	2.518908e+00 	failed
-5.133656e+00 	2.605767e+00 	failed
-5.133656e+00 	2.692626e+00 	failed
-5.133656e+00 	2.779485e+00 	failed
-5.133656e+00 	2.866344e+00 	failed
-5.133656e+00 	2.953202e+00 	failed

-4.873080e+00 	0.000000e+00 	1.713408e-01
-4.873080e+00 	8.685890e-02 	1.224029e-01
-4.873080e+00 	1.737178e-01 	5.875003e-02
-4.873080e+00 	2.605767e-01 	4.821760e-03
-4.873080e+00 	3.474356e-01 	-8.723235e-03
-4.873080e+00 	4.342945e-01 	3.904424e-02
-4.873080e+00 	5.211534e-01 	1.436427e-01
-4.873080e+00 	6.080123e-01 	2.748306e-01
-4.873080e+00 	6.948712e-01 	3.953815e-01
-4.873080e+00 	7.817301e-01 	4.821329e-01
-4.873080e+00 	8.685890e-01 	5.309403e-01
-4.873080e+00 	9.554479e-01 	5.475258e-01
-4.873080e+00 	1.042307e+00 	5.382243e-01
-4.873080e+00 	1.129166e+00 	5.074646e-01
-4.873080e+00 	1.216025e+00 	4.592892e-01
-4.873080e+00 	1.302883e+00 	3.986657e-01
-4.873080e+00 	1.389742e+00 	3.311249e-01
-4.873080e+00 	1.476601e+00 	2.615247e-01
-4.873080e+00 	1.563460e+00 	1.933232e-01
-4.873080e+00 	1.650319e+00 	1.290803e-01
-4.873080e+00 	1.737178e+00 	7.175438e-02
-4.873080e+00 	1.824037e+00 	2.575030e-02
-4.873080e+00 	1.910896e+00 	-2.919207e-03
-4.873080e+00 	1.997755e+00 	-7.380447e-03
-4.873080e+00 	2.084614e+00 	1.883602e-02
-4.873080e+00 	2.171472e+00 	8.051528e-02
-4.873080e+00 	2.258331e+00 	1.798442e-01
-4.873080e+00 	2.345190e+00 	3.160587e-01
-4.873080e+00 	2.432049e+00 	4.856775e-01
-4.873080e+00 	2.518908e+00 	6.832314e-01
-4.873080e+00 	2.605767e+00 	failed
-4.873080e+00 	2.692626e+00 	failed
-4.873080e+00 	2.779485e+00 	failed
-4.873080e+00 	2.866344e+00 	failed
-4.873080e+00 	2.953202e+00 	failed

-4.612503e+00 	0.000000e+00 	1.713430e-01
-4.612503e+00 	8.685890e-02 	1.224067e-01
-4.612503e+00 	1.737178e-01 	5.875479e-02
-4.612503e+00 	2.605767e-01 	4.825172e-03
-4.612503e+00 	3.474356e-01 	-8.724892e-03
-4.612503e+00 	4.342945e-01 	3.903312e-02
-4.612503e+00 	5.211534e-01 	1.436187e-01
-4.612503e+00 	6.080123e-01 	2.747930e-01
-4.612503e+00 	6.948712e-01 	3.953326e-01
-4.612503e+00 	7.817301e-01 	4.820765e-01
-4.612503e+00 	8.685890e-01 	5.308803e-01
-4.612503e+00 	9.554479e-01 	5.474653e-01
-4.612503e+00 	1.042307e+00 	5.381656e-01
-4.612503e+00 	1.129166e+00 	5.074091e-01
-4.612503e+00 	1.216025e+00 	4.592378e-01
-4.612503e+00 	1.302883e+00 	3.986185e-01
-4.612503e+00 	1.389742e+00 	3.310812e-01
-4.612503e+00 	1.476601e+00 	2.614831e-01
-4.612503e+00 	1.563460e+00 	1.932823e-01
-4.612503e+00 	1.650319e+00 	1.290417e-01
-4.612503e+00 	1.737178e+00 	7.172252e-02
-4.612503e+00 	1.824037e+00 	2.572431e-02
-4.612503e+00 	1.910896e+00 	-2.940518e-03
-4.612503e+00 	1.997755e+00 	-7.398105e-03
-4.612503e+00 	2.084614e+00 	1.882091e-02
-4.612503e+00 	2.171472e+00 	8.050158e-02
-4.612503e+00 	2.258331e+00 	1.798308e-01
-4.612503e+00 	2.345190e+00 	3.160447e-01
-4.612503e+00 	2.432049e+00 	4.856619e-01
-4.612503e+00 	2.518908e+00 	6.832127e-01
-4.612503e+00 	2.605767e+00 	9.022901e-01
-4.612503e+00 	2.692626e+00 	failed
-4.612503e+00 	2.779485e+00 	failed
-4.612503e+00 	2.866344e+00 	failed
-4.612503e+00 	2.953202e+00 	failed

-4.351926e+00 	0.000000e+00 	1.713469e-01
-4.351926e+00 	8.685890e-02 	1.224138e-01
-4.351926e+00 	1.737178e-01 	5.876347e-02
-4.351926e+00 	2.605767e-01 	4.831391e-03
-4.351926e+00 	3.474356e-01 	-8.727908e-03
-4.351926e+00 	4.342945e-01 	3.901287e-02
-4.351926e+00 	5.211534e-01 	1.435751e-01
-4.351926e+00 	6.080123e-01 	2.747247e-01
-4.351926e+00 	6.948712e-01 	3.952436e-01
-4.351926e+00 	7.817301e-01 	4.819738e-01
-4.351926e+00 	8.685890e-01 	5.307710e-01
-4.351926e+00 	9.554479e-01 	5.473550e-01
-4.351926e+00 	1.042307e+00 	5.380586e-01
-4.351926e+00 	1.129166e+00 	5.073081e-01
-4.351926e+00 	1.216025e+00 	4.591444e-01
-4.351926e+00 	1.302883e+00 	3.985327e-01
-4.351926e+00 	1.389742e+00 	3.310016e-01
-4.351926e+00 	1.476601e+00 	2.614076e-01
-4.351926e+00 	1.563460e+00 	1.932095e-01
-4.351926e+00 	1.650319e+00 	1.289765e-01
-4.351926e+00 	1.737178e+00 	7.167053e-02
-4.351926e+00 	1.824037e+00 	2.568341e-02
-4.351926e+00 	1.910896e+00 	-2.972244e-03
-4.351926e+00 	1.997755e+00 	-7.422541e-03
-4.351926e+00 	2.084614e+00 	1.880171e-02
-4.351926e+00 	2.171472e+00 	8.048547e-02
-4.351926e+00 	2.258331e+00 	1.798157e-01
-4.351926e+00 	2.345190e+00 	3.160288e-01
-4.351926e+00 	2.432049e+00 	4.856436e-01
-4.351926e+00 	2.518908e+00 	6.831903e-01
-4.351926e+00 	2.605767e+00 	9.022599e-01
-4.351926e+00 	2.692626e+00 	failed
-4.351926e+00 	2.779485e+00 	failed
-4.351926e+00 	2.866344e+00 	failed
-4.351926e+00 	2.953202e+00 	failed

-4.091350e+00 	0.000000e+00 	1.713541e-01
-4.091350e+00 	8.685890e-02 	1.224267e-01
-4.091350e+00 	1.737178e-01 	5.877928e-02
-4.091350e+00 	2.605767e-01 	4.842724e-03
-4.091350e+00 	3.474356e-01 	-8.733398e-03
-4.091350e+00 	4.342945e-01 	3.897599e-02
-4.091350e+00 	5.211534e-01 	1.434956e-01
-4.091350e+00 	6.080123e-01 	2.746002e-01
-4.091350e+00 	6.948712e-01 	3.950813e-01
-4.091350e+00 	7.817301e-01 	4.817865e-01
-4.091350e+00 	8.685890e-01 	5.305718e-01
-4.091350e+00 	9.554479e-01 	5.471542e-01
-4.091350e+00 	1.042307e+00 	5.378637e-01
-4.091350e+00 	1.129166e+00 	5.071242e-01
-4.091350e+00 	1.216025e+00 	4.589741e-01
-4.091350e+00 	1.302883e+00 	3.983764e-01
-4.091350e+00 	1.389742e+00 	3.308571e-01
-4.091350e+00 	1.476601e+00 	2.612713e-01
-4.091350e+00 	1.563460e+00 	1.930814e-01
-4.091350e+00 	1.650319e+00 	1.288684e-01
-4.091350e+00 	1.737178e+00 	7.158736e-02
-4.091350e+00 	1.824037e+00 	2.562133e-02
-4.091350e+00 	1.910896e+00 	-3.016516e-03
-4.091350e+00 	1.997755e+00 	-7.452483e-03
-4.091350e+00 	2.084614e+00 	1.878223e-02
-4.091350e+00 	2.171472e+00 	8.047243e-02
-4.091350e+00 	2.258331e+00 	1.798052e-01
-4.091350e+00 	2.345190e+00 	3.160174e-01
-4.091350e+00 	2.432049e+00 	4.856283e-01
-4.091350e+00 	2.518908e+00 	6.831685e-01
-4.091350e+00 	2.605767e+00 	9.022283e-01
-4.091350e+00 	2.692626e+00 	1.136567e+00
-4.091350e+00 	2.779485e+00 	failed
-4.091350e+00 	2.866344e+00 	failed
-4.091350e+00 	2.953202e+00 	failed

-3.830773e+00 	0.000000e+00 	1.713671e-01
-3.830773e+00 	8.685890e-02 	1.224501e-01
-3.830773e+00 	1.737178e-01 	5.880810e-02
-3.830773e+00 	2.605767e-01 	4.863384e-03
-3.830773e+00 	3.474356e-01 	-8.743379e-03
-3.830773e+00 	4.342945e-01 	3.890882e-02
-3.830773e+00 	5.211534e-01 	1.433508e-01
-3.830773e+00 	6.080123e-01 	2.743734e-01
-3.830773e+00 	6.948712e-01 	3.947857e-01
-3.830773e+00 	7.817301e-01 	4.814455e-01
-3.830773e+00 	8.685890e-01 	5.302090e-01
-3.830773e+00 	9.554479e-01 	5.467885e-01
-3.830773e+00 	1.042307e+00 	5.375086e-01
-3.830773e+00 	1.129166e+00 	5.067892e-01
-3.830773e+00 	1.216025e+00 	4.586643e-01
-3.830773e+00 	1.302883e+00 	3.980922e-01
-3.830773e+00 	1.389742e+00 	3.305949e-01
-3.830773e+00 	1.476601e+00 	2.610268e-01
-3.830773e+00 	1.563460e+00 	1.928604e-01
-3.830773e+00 	1.650319e+00 	1.286924e-01
-3.830773e+00 	1.737178e+00 	7.145785e-02
-3.830773e+00 	1.824037e+00 	2.553193e-02
-3.830773e+00 	1.910896e+00 	-3.071550e-03
-3.830773e+00 	1.997755e+00 	-7.479654e-03
-3.830773e+00 	2.084614e+00 	1.877565e-02
-3.830773e+00 	2.171472e+00 	8.047886e-02
-3.830773e+00 	2.258331e+00 	1.798174e-01
-3.830773e+00 	2.345190e+00 	3.160288e-01
-3.830773e+00 	2.432049e+00 	4.856334e-01
-3.830773e+00 	2.518908e+00 	6.831628e-01
-3.830773e+00 	2.605767e+00 	9.022078e-01
-3.830773e+00 	2.692626e+00 	1.136527e+00
-3.830773e+00 	2.779485e+00 	1.380922e+00
-3.830773e+00 	2.866344e+00 	failed
-3.830773e+00 	2.953202e+00 	failed

-3.570196e+00 	0.000000e+00 	1.713908e-01
-3.570196e+00 	8.685890e-02 	1.224928e-01
-3.570196e+00 	1.737178e-01 	5.886062e-02
-3.570196e+00 	2.605767e-01 	4.901056e-03
-3.570196e+00 	3.474356e-01 	-8.761493e-03
-3.570196e+00 	4.342945e-01 	3.878657e-02
-3.570196e+00 	5.211534e-01 	1.430873e-01
-3.570196e+00 	6.080123e-01 	2.739604e-01
-3.570196e+00 	6.948712e-01 	3.942476e-01
-3.570196e+00 	7.817301e-01 	4.808247e-01
-3.570196e+00 	8.685890e-01 	5.295484e-01
-3.570196e+00 	9.554479e-01 	5.461226e-01
-3.570196e+00 	1.042307e+00 	5.368624e-01
-3.570196e+00 	1.129166e+00 	5.061796e-01
-3.570196e+00 	1.216025e+00 	4.581008e-01
-3.570196e+00 	1.302883e+00 	3.975761e-01
-3.570196e+00 	1.389742e+00 	3.301214e-01
-3.570196e+00 	1.476601e+00 	2.605930e-01
-3.570196e+00 	1.563460e+00 	1.924881e-01
-3.570196e+00 	1.650319e+00 	1.284121e-01
-3.570196e+00 	1.737178e+00 	7.126394e-02
-3.570196e+00 	1.824037e+00 	2.541422e-02
-3.570196e+00 	1.910896e+00 	-3.123439e-03
-3.570196e+00 	1.997755e+00 	-7.477870e-03
-3.570196e+00 	2.084614e+00 	1.881746e-02
-3.570196e+00 	2.171472e+00 	8.054649e-02
-3.570196e+00 	2.258331e+00 	1.798971e-01
-3.570196e+00 	2.345190e+00 	3.161085e-01
-3.570196e+00 	2.432049e+00 	4.857029e-01
-3.570196e+00 	2.518908e+00 	6.832140e-01
-3.570196e+00 	2.605767e+00 	9.022345e-01
-3.570196e+00 	2.692626e+00 	1.136524e+00
-3.570196e+00 	2.779485e+00 	1.380886e+00
-3.570196e+00 	2.866344e+00 	1.631597e+00
-3.570196e+00 	2.953202e+00 	1.886377e+00

-3.309620e+00 	0.000000e+00 	1.714341e-01
-3.309620e+00 	8.685890e-02 	1.225707e-01
-3.309620e+00 	1.737178e-01 	5.895633e-02
-3.309620e+00 	2.605767e-01 	4.969794e-03
-3.309620e+00 	3.474356e-01 	-8.794258e-03
-3.309620e+00 	4.342945e-01 	3.856428e-02
-3.309620e+00 	5.211534e-01 	1.426078e-01
-3.309620e+00 	6.080123e-01 	2.732091e-01
-3.309620e+00 	6.948712e-01 	3.932684e-01
-3.309620e+00 	7.817301e-01 	4.796949e-01
-3.309620e+00 	8.685890e-01 	5.283465e-01
-3.309620e+00 	9.554479e-01 	5.449111e-01
-3.309620e+00 	1.042307e+00 	5.356870e-01
-3.309620e+00 	1.129166e+00 	5.050714e-01
-3.309620e+00 	1.216025e+00 	4.570775e-01
-3.309620e+00 	1.302883e+00 	3.966417e-01
-3.309620e+00 	1.389742e+00 	3.292716e-01
-3.309620e+00 	1.476601e+00 	2.598367e-01
-3.309620e+00 	1.563460e+00 	1.918772e-01
-3.309620e+00 	1.650319e+00 	1.279778e-01
-3.309620e+00 	1.737178e+00 	7.099100e-02
-3.309620e+00 	1.824037e+00 	2.528555e-02
-3.309620e+00 	1.910896e+00 	-3.126868e-03
-3.309620e+00 	1.997755e+00 	-7.378758e-03
-3.309620e+00 	2.084614e+00 	1.899358e-02
-3.309620e+00 	2.171472e+00 	8.077311e-02
-3.309620e+00 	2.258331e+00 	1.801488e-01
-3.309620e+00 	2.345190e+00 	3.163624e-01
-3.309620e+00 	2.432049e+00 	4.859401e-01
-3.309620e+00 	2.518908e+00 	6.834197e-01
-3.309620e+00 	2.605767e+00 	9.023980e-01
-3.309620e+00 	2.692626e+00 	1.136638e+00
-3.309620e+00 	2.779485e+00 	1.380945e+00
-3.309620e+00 	2.866344e+00 	1.631598e+00
-3.309620e+00 	2.953202e+00 	1.886315e+00

-3.049043e+00 	0.000000e+00 	1.715128e-01
-3.049043e+00 	8.685890e-02 	1.227124e-01
-3.049043e+00 	1.737178e-01 	5.913078e-02
-3.049043e+00 	2.605767e-01 	5.095354e-03
-3.049043e+00 	3.474356e-01 	-8.853162e-03
-3.049043e+00 	4.342945e-01 	3.816080e-02
-3.049043e+00 	5.211534e-01 	1.417366e-01
-3.049043e+00 	6.080123e-01 	2.718436e-01
-3.049043e+00 	6.948712e-01 	3.914886e-01
-3.049043e+00 	7.817301e-01 	4.776414e-01
-3.049043e+00 	8.685890e-01 	5.261620e-01
-3.049043e+00 	9.554479e-01 	5.427099e-01
-3.049043e+00 	1.042307e+00 	5.335521e-01
-3.049043e+00 	1.129166e+00 	5.030605e-01
-3.049043e+00 	1.216025e+00 	4.552243e-01
-3.049043e+00 	1.302883e+00 	3.949584e-01
-3.049043e+00 	1.389742e+00 	3.277636e-01
-3.049043e+00 	1.476601e+00 	2.585489e-01
-3.049043e+00 	1.563460e+00 	1.909026e-01
-3.049043e+00 	1.650319e+00 	1.273329e-01
-3.049043e+00 	1.737178e+00 	7.064740e-02
-3.049043e+00 	1.824037e+00 	2.521377e-02
-3.049043e+00 	1.910896e+00 	-2.961952e-03
-3.049043e+00 	1.997755e+00 	-7.019454e-03
-3.049043e+00 	2.084614e+00 	1.949973e-02
-3.049043e+00 	2.171472e+00 	8.137678e-02
-3.049043e+00 	2.258331e+00 	1.808026e-01
-3.049043e+00 	2.345190e+00 	3.170242e-01
-3.049043e+00 	2.432049e+00 	4.865747e-01
-3.049043e+00 	2.518908e+00 	6.839999e-01
-3.049043e+00 	2.605767e+00 	9.029043e-01
-3.049043e+00 	2.692626e+00 	1.137057e+00
-3.049043e+00 	2.779485e+00 	1.381269e+00
-3.049043e+00 	2.866344e+00 	1.631822e+00
-3.049043e+00 	2.953202e+00 	1.886437e+00

-2.788466e+00 	0.000000e+00 	1.716559e-01
-2.788466e+00 	8.685890e-02 	1.229705e-01
-2.788466e+00 	1.737178e-01 	5.944881e-02
-2.788466e+00 	2.605767e-01 	5.325169e-03
-2.788466e+00 	3.474356e-01 	-8.957852e-03
-2.788466e+00 	4.342945e-01 	3.743073e-02
-2.788466e+00 	5.211534e-01 	1.401575e-01
-2.788466e+00 	6.080123e-01 	2.693670e-01
-2.788466e+00 	6.948712e-01 	3.882601e-01
-2.788466e+00 	7.817301e-01 	4.739165e-01
-2.788466e+00 	8.685890e-01 	5.222003e-01
-2.788466e+00 	9.554479e-01 	5.387194e-01
-2.788466e+00 	1.042307e+00 	5.296849e-01
-2.788466e+00 	1.129166e+00 	4.994237e-01
-2.788466e+00 	1.216025e+00 	4.518849e-01
-2.788466e+00 	1.302883e+00 	3.919524e-01
-2.788466e+00 	1.389742e+00 	3.251353e-01
-2.788466e+00 	1.476601e+00 	2.564218e-01
-2.788466e+00 	1.563460e+00 	1.893998e-01
-2.788466e+00 	1.650319e+00 	1.264396e-01
-2.788466e+00 	1.737178e+00 	7.031536e-02
-2.788466e+00 	1.824037e+00 	2.539073e-02
-2.788466e+00 	1.910896e+00 	-2.340850e-03
-2.788466e+00 	1.997755e+00 	-6.032705e-03
-2.788466e+00 	2.084614e+00 	2.076403e-02
-2.788466e+00 	2.171472e+00 	8.282738e-02
-2.788466e+00 	2.258331e+00 	1.823519e-01
-2.788466e+00 	2.345190e+00 	3.185940e-01
-2.788466e+00 	2.432049e+00 	4.881001e-01
-2.788466e+00 	2.518908e+00 	6.854308e-01
-2.788466e+00 	2.605767e+00 	9.042047e-01
-2.788466e+00 	2.692626e+00 	1.138204e+00
-2.788466e+00 	2.779485e+00 	1.382247e+00
-2.788466e+00 	2.866344e+00 	1.632623e+00
-2.788466e+00 	2.953202e+00 	1.887056e+00

-2.527890e+00 	0.000000e+00 	1.719158e-01
-2.527890e+00 	8.685890e-02 	1.234401e-01
-2.527890e+00 	1.737178e-01 	6.002885e-02
-2.527890e+00 	2.605767e-01 	5.747323e-03
-2.527890e+00 	3.474356e-01 	-9.139881e-03
-2.527890e+00 	4.342945e-01 	3.611740e-02
-2.527890e+00 	5.211534e-01 	1.373076e-01
-2.527890e+00 	6.080123e-01 	2.648930e-01
-2.527890e+00 	6.948712e-01 	3.824257e-01
-2.527890e+00 	7.817301e-01 	4.671850e-01
-2.527890e+00 	8.685890e-01 	5.150430e-01
-2.527890e+00 	9.554479e-01 	5.315153e-01
-2.527890e+00 	1.042307e+00 	5.227137e-01
-2.527890e+00 	1.129166e+00 	4.928868e-01
-2.527890e+00 	1.216025e+00 	4.459208e-01
-2.527890e+00 	1.302883e+00 	3.866647e-01
-2.527890e+00 	1.389742e+00 	3.206756e-01
-2.527890e+00 	1.476601e+00 	2.530346e-01
-2.527890e+00 	1.563460e+00 	1.871949e-01
-2.527890e+00 	1.650319e+00 	1.253561e-01
-2.527890e+00 	1.737178e+00 	7.027229e-02
-2.527890e+00 	1.824037e+00 	2.629366e-02
-2.527890e+00 	1.910896e+00 	-6.112719e-04
-2.527890e+00 	1.997755e+00 	-3.621076e-03
-2.527890e+00 	2.084614e+00 	2.369555e-02
-2.527890e+00 	2.171472e+00 	8.611088e-02
-2.527890e+00 	2.258331e+00 	1.858262e-01
-2.527890e+00 	2.345190e+00 	3.221150e-01
-2.527890e+00 	2.432049e+00 	4.915481e-01
-2.527890e+00 	2.518908e+00 	6.887134e-01
-2.527890e+00 	2.605767e+00 	9.072557e-01
-2.527890e+00 	2.692626e+00 	1.140979e+00
-2.527890e+00 	2.779485e+00 	1.384721e+00
-2.527890e+00 	2.866344e+00 	1.634780e+00
-2.527890e+00 	2.953202e+00 	1.888886e+00

-2.267313e+00 	0.000000e+00 	1.723861e-01
-2.267313e+00 	8.685890e-02 	1.242936e-01
-2.267313e+00 	1.737178e-01 	6.108752e-02
-2.267313e+00 	2.605767e-01 	6.527709e-03
-2.267313e+00 	3.474356e-01 	-9.442825e-03
-2.267313e+00 	4.342945e-01 	3.378016e-02
-2.267313e+00 	5.211534e-01 	1.322052e-01
-2.267313e+00 	6.080123e-01 	2.568677e-01
-2.267313e+00 	6.948712e-01 	3.719534e-01
-2.267313e+00 	7.817301e-01 	4.551028e-01
-2.267313e+00 	8.685890e-01 	5.022038e-01
-2.267313e+00 	9.554479e-01 	5.186090e-01
-2.267313e+00 	1.042307e+00 	5.102570e-01
-2.267313e+00 	1.129166e+00 	4.812667e-01
-2.267313e+00 	1.216025e+00 	4.354344e-01
-2.267313e+00 	1.302883e+00 	3.775909e-01
-2.267313e+00 	1.389742e+00 	3.133886e-01
-2.267313e+00 	1.476601e+00 	2.478896e-01
-2.267313e+00 	1.563460e+00 	1.842249e-01
-2.267313e+00 	1.650319e+00 	1.244375e-01
-2.267313e+00 	1.737178e+00 	7.126543e-02
-2.267313e+00 	1.824037e+00 	2.902801e-02
-2.267313e+00 	1.910896e+00 	3.646695e-03
-2.267313e+00 	1.997755e+00 	1.896690e-03
-2.267313e+00 	2.084614e+00 	3.017717e-02
-2.267313e+00 	2.171472e+00 	9.324960e-02
-2.267313e+00 	2.258331e+00 	1.933271e-01
-2.267313e+00 	2.345190e+00 	3.297143e-01
-2.267313e+00 	2.432049e+00 	4.990261e-01
-2.267313e+00 	2.518908e+00 	6.959001e-01
-2.267313e+00 	2.605767e+00 	9.140295e-01
-2.267313e+00 	2.692626e+00 	1.147260e+00
-2.267313e+00 	2.779485e+00 	1.390458e+00
-2.267313e+00 	2.866344e+00 	1.639945e+00
-2.267313e+00 	2.953202e+00 	1.893462e+00

-2.006736e+00 	0.000000e+00 	1.732329e-01
-2.006736e+00 	8.685890e-02 	1.258416e-01
-2.006736e+00 	1.737178e-01 	6.302210e-02
-2.006736e+00 	2.605767e-01 	7.986007e-03
-2.006736e+00 	3.474356e-01 	-9.900897e-03
-2.006736e+00 	4.342945e-01 	2.970408e-02
-2.006736e+00 	5.211534e-01 	1.232038e-01
-2.006736e+00 	6.080123e-01 	2.426597e-01
-2.006736e+00 	6.948712e-01 	3.533910e-01
-2.006736e+00 	7.817301e-01 	4.336865e-01
-2.006736e+00 	8.685890e-01 	4.794688e-01
-2.006736e+00 	9.554479e-01 	4.958095e-01
-2.006736e+00 	1.042307e+00 	4.883538e-01
-2.006736e+00 	1.129166e+00 	4.610182e-01
-2.006736e+00 	1.216025e+00 	4.174914e-01
-2.006736e+00 	1.302883e+00 	3.626187e-01
-2.006736e+00 	1.389742e+00 	3.020896e-01
-2.006736e+00 	1.476601e+00 	2.406228e-01
-2.006736e+00 	1.563460e+00 	1.808877e-01
-2.006736e+00 	1.650319e+00 	1.248117e-01
-2.006736e+00 	1.737178e+00 	7.510771e-02
-2.006736e+00 	1.824037e+00 	3.603361e-02
-2.006736e+00 	1.910896e+00 	1.342470e-02
-2.006736e+00 	1.997755e+00 	1.397237e-02
-2.006736e+00 	2.084614e+00 	4.401674e-02
-2.006736e+00 	2.171472e+00 	1.082982e-01
-2.006736e+00 	2.258331e+00 	2.090499e-01
-2.006736e+00 	2.345190e+00 	3.456314e-01
-2.006736e+00 	2.432049e+00 	5.147370e-01
-2.006736e+00 	2.518908e+00 	7.110939e-01
-2.006736e+00 	2.605767e+00 	9.284831e-01
-2.006736e+00 	2.692626e+00 	1.160825e+00
-2.006736e+00 	2.779485e+00 	1.403043e+00
-2.006736e+00 	2.866344e+00 	1.651496e+00
-2.006736e+00 	2.953202e+00 	1.903945e+00

-1.746159e+00 	0.000000e+00 	1.747411e-01
-1.746159e+00 	8.685890e-02 	1.286369e-01
-1.746159e+00 	1.737178e-01 	6.656342e-02
-1.746159e+00 	2.605767e-01 	1.075940e-02
-1.746159e+00 	3.474356e-01 	-1.043251e-02
-1.746159e+00 	4.342945e-01 	2.286766e-02
-1.746159e+00 	5.211534e-01 	1.077594e-01
-1.746159e+00 	6.080123e-01 	2.181130e-01
-1.746159e+00 	6.948712e-01 	3.212460e-01
-1.746159e+00 	7.817301e-01 	3.965961e-01
-1.746159e+00 	8.685890e-01 	4.401655e-01
-1.746159e+00 	9.554479e-01 	4.565609e-01
-1.746159e+00 	1.042307e+00 	4.509552e-01
-1.746159e+00 	1.129166e+00 	4.269732e-01
-1.746159e+00 	1.216025e+00 	3.881816e-01
-1.746159e+00 	1.302883e+00 	3.393814e-01
-1.746159e+00 	1.389742e+00 	2.859153e-01
-1.746159e+00 	1.476601e+00 	2.317030e-01
-1.746159e+00 	1.563460e+00 	1.789307e-01
-1.746159e+00 	1.650319e+00 	1.294477e-01
-1.746159e+00 	1.737178e+00 	8.591700e-02
-1.746159e+00 	1.824037e+00 	5.248326e-02
-1.746159e+00 	1.910896e+00 	3.482835e-02
-1.746159e+00 	1.997755e+00 	3.949266e-02
-1.746159e+00 	2.084614e+00 	7.270723e-02
-1.746159e+00 	2.171472e+00 	1.391700e-01
-1.746159e+00 	2.258331e+00 	2.411445e-01
-1.746159e+00 	2.345190e+00 	3.780854e-01
-1.746159e+00 	2.432049e+00 	5.468264e-01
-1.746159e+00 	2.518908e+00 	7.422553e-01
-1.746159e+00 	2.605767e+00 	9.583101e-01
-1.746159e+00 	2.692626e+00 	1.189046e+00
-1.746159e+00 	2.779485e+00 	1.429490e+00
-1.746159e+00 	2.866344e+00 	1.676068e+00
-1.746159e+00 	2.953202e+00 	1.926581e+00

-1.485583e+00 	0.000000e+00 	1.773721e-01
-1.485583e+00 	8.685890e-02 	1.336413e-01
-1.485583e+00 	1.737178e-01 	7.305783e-02
-1.485583e+00 	2.605767e-01 	1.617215e-02
-1.485583e+00 	3.474356e-01 	-1.044695e-02
-1.485583e+00 	4.342945e-01 	1.227954e-02
-1.485583e+00 	5.211534e-01 	8.264867e-02
-1.485583e+00 	6.080123e-01 	1.776328e-01
-1.485583e+00 	6.948712e-01 	2.679754e-01
-1.485583e+00 	7.817301e-01 	3.351030e-01
-1.485583e+00 	8.685890e-01 	3.752068e-01
-1.485583e+00 	9.554479e-01 	3.921767e-01
-1.485583e+00 	1.042307e+00 	3.904713e-01
-1.485583e+00 	1.129166e+00 	3.733014e-01
-1.485583e+00 	1.216025e+00 	3.439808e-01
-1.485583e+00 	1.302883e+00 	3.068105e-01
-1.485583e+00 	1.389742e+00 	2.659950e-01
-1.485583e+00 	1.476601e+00 	2.243060e-01
-1.485583e+00 	1.563460e+00 	1.835135e-01
-1.485583e+00 	1.650319e+00 	1.454026e-01
-1.485583e+00 	1.737178e+00 	1.125439e-01
-1.485583e+00 	1.824037e+00 	8.888554e-02
-1.485583e+00 	1.910896e+00 	7.984221e-02
-1.485583e+00 	1.997755e+00 	9.168507e-02
-1.485583e+00 	2.084614e+00 	1.304429e-01
-1.485583e+00 	2.171472e+00 	2.007247e-01
-1.485583e+00 	2.258331e+00 	3.048337e-01
-1.485583e+00 	2.345190e+00 	4.423805e-01
-1.485583e+00 	2.432049e+00 	6.104379e-01
-1.485583e+00 	2.518908e+00 	8.041739e-01
-1.485583e+00 	2.605767e+00 	1.017804e+00
-1.485583e+00 	2.692626e+00 	1.245626e+00
-1.485583e+00 	2.779485e+00 	1.482847e+00
-1.485583e+00 	2.866344e+00 	1.726018e+00
-1.485583e+00 	2.953202e+00 	1.973009e+00

-1.225006e+00 	0.000000e+00 	1.817642e-01
-1.225006e+00 	8.685890e-02 	1.424328e-01
-1.225006e+00 	1.737178e-01 	8.495710e-02
-1.225006e+00 	2.605767e-01 	2.707346e-02
-1.225006e+00 	3.474356e-01 	-7.606155e-03
-1.225006e+00 	4.342945e-01 	-1.341573e-03
-1.225006e+00 	5.211534e-01 	4.611330e-02
-1.225006e+00 	6.080123e-01 	1.167817e-01
-1.225006e+00 	6.948712e-01 	1.869857e-01
-1.225006e+00 	7.817301e-01 	2.414438e-01
-1.225006e+00 	8.685890e-01 	2.767878e-01
-1.225006e+00 	9.554479e-01 	2.959148e-01
-1.225006e+00 	1.042307e+00 	3.022572e-01
-1.225006e+00 	1.129166e+00 	2.983117e-01
-1.225006e+00 	1.216025e+00 	2.865349e-01
-1.225006e+00 	1.302883e+00 	2.696393e-01
-1.225006e+00 	1.389742e+00 	2.498291e-01
-1.225006e+00 	1.476601e+00 	2.286326e-01
-1.225006e+00 	1.563460e+00 	2.074736e-01
-1.225006e+00 	1.650319e+00 	1.880597e-01
-1.225006e+00 	1.737178e+00 	1.728043e-01
-1.225006e+00 	1.824037e+00 	1.653315e-01
-1.225006e+00 	1.910896e+00 	1.706047e-01
-1.225006e+00 	1.997755e+00 	1.944237e-01
-1.225006e+00 	2.084614e+00 	2.424440e-01
-1.225006e+00 	2.171472e+00 	3.190855e-01
-1.225006e+00 	2.258331e+00 	4.266827e-01
-1.225006e+00 	2.345190e+00 	5.650831e-01
-1.225006e+00 	2.432049e+00 	7.317505e-01
-1.225006e+00 	2.518908e+00 	9.223258e-01
-1.225006e+00 	2.605767e+00 	1.131503e+00
-1.225006e+00 	2.692626e+00 	1.353998e+00
-1.225006e+00 	2.779485e+00 	1.585343e+00
-1.225006e+00 	2.866344e+00 	1.822303e+00
-1.225006e+00 	2.953202e+00 	2.062877e+00

