# x              	y             
0.7 	0.914528
0.700801 	0.914398
0.701602 	0.91427
0.702402 	0.914143
0.703203 	0.914019
0.704004 	0.913896
0.704805 	0.913775
0.705606 	0.913655
0.706406 	0.913538
0.707207 	0.913422
0.708008 	0.913307
0.708809 	0.913195
0.70961 	0.913084
0.71041 	0.912975
0.711211 	0.912867
0.712012 	0.912761
0.712813 	0.912656
0.713614 	0.912554
0.714414 	0.912452
0.715215 	0.912353
0.716016 	0.912255
0.716817 	0.912158
0.717618 	0.912063
0.718418 	0.911969
0.719219 	0.911877
0.72002 	0.911787
0.720821 	0.911698
0.721622 	0.91161
0.722422 	0.911524
0.723223 	0.91144
0.724024 	0.911357
0.724825 	0.911275
0.725626 	0.911195
0.726426 	0.911116
0.727227 	0.911038
0.728028 	0.910962
0.728829 	0.910888
0.72963 	0.910814
0.73043 	0.910742
0.731231 	0.910672
0.732032 	0.910603
0.732833 	0.910535
0.733634 	0.910468
0.734434 	0.910403
0.735235 	0.910339
0.736036 	0.910276
0.736837 	0.910214
0.737638 	0.910154
0.738438 	0.910095
0.739239 	0.910038
0.74004 	0.909981
0.740841 	0.909926
0.741642 	0.909872
0.742442 	0.909819
0.743243 	0.909767
0.744044 	0.909717
0.744845 	0.909668
0.745646 	0.90962
0.746446 	0.909573
0.747247 	0.909527
0.748048 	0.909482
0.748849 	0.909439
0.74965 	0.909396
0.75045 	0.909355
0.751251 	0.909315
0.752052 	0.909276
0.752853 	0.909238
0.753654 	0.909201
0.754454 	0.909165
0.755255 	0.90913
0.756056 	0.909096
0.756857 	0.909063
0.757658 	0.909032
0.758458 	0.909001
0.759259 	0.908971
0.76006 	0.908943
0.760861 	0.908915
0.761662 	0.908888
0.762462 	0.908863
0.763263 	0.908838
0.764064 	0.908814
0.764865 	0.908791
0.765666 	0.90877
0.766466 	0.908749
0.767267 	0.908729
0.768068 	0.90871
0.768869 	0.908691
0.76967 	0.908674
0.77047 	0.908658
0.771271 	0.908642
0.772072 	0.908628
0.772873 	0.908614
0.773674 	0.908601
0.774474 	0.908589
0.775275 	0.908578
0.776076 	0.908568
0.776877 	0.908558
0.777678 	0.90855
0.778478 	0.908542
0.779279 	0.908535
0.78008 	0.908529
0.780881 	0.908524
0.781682 	0.908519
0.782482 	0.908515
0.783283 	0.908512
0.784084 	0.90851
0.784885 	0.908509
0.785686 	0.908508
0.786486 	0.908508
0.787287 	0.908509
0.788088 	0.908511
0.788889 	0.908513
0.78969 	0.908516
0.79049 	0.90852
0.791291 	0.908524
0.792092 	0.908529
0.792893 	0.908535
0.793694 	0.908542
0.794494 	0.908549
0.795295 	0.908557
0.796096 	0.908566
0.796897 	0.908575
0.797698 	0.908585
0.798498 	0.908595
0.799299 	0.908607
0.8001 	0.908619
0.800901 	0.908631
0.801702 	0.908644
0.802503 	0.908658
0.803303 	0.908673
0.804104 	0.908688
0.804905 	0.908703
0.805706 	0.90872
0.806507 	0.908737
0.807307 	0.908754
0.808108 	0.908772
0.808909 	0.908791
0.80971 	0.90881
0.810511 	0.90883
0.811311 	0.90885
0.812112 	0.908871
0.812913 	0.908893
0.813714 	0.908915
0.814515 	0.908937
0.815315 	0.908961
0.816116 	0.908984
0.816917 	0.909009
0.817718 	0.909033
0.818519 	0.909059
0.819319 	0.909084
0.82012 	0.909111
0.820921 	0.909137
0.821722 	0.909165
0.822523 	0.909193
0.823323 	0.909221
0.824124 	0.90925
0.824925 	0.909279
0.825726 	0.909309
0.826527 	0.909339
0.827327 	0.90937
0.828128 	0.909401
0.828929 	0.909432
0.82973 	0.909464
0.830531 	0.909497
0.831331 	0.90953
0.832132 	0.909563
0.832933 	0.909597
0.833734 	0.909631
0.834535 	0.909666
0.835335 	0.909701
0.836136 	0.909737
0.836937 	0.909773
0.837738 	0.909809
0.838539 	0.909846
0.839339 	0.909883
0.84014 	0.909921
0.840941 	0.909959
0.841742 	0.909997
0.842543 	0.910036
0.843343 	0.910075
0.844144 	0.910115
0.844945 	0.910155
0.845746 	0.910195
0.846547 	0.910236
0.847347 	0.910277
0.848148 	0.910319
0.848949 	0.91036
0.84975 	0.910402
0.850551 	0.910445
0.851351 	0.910488
0.852152 	0.910531
0.852953 	0.910575
0.853754 	0.910618
0.854555 	0.910663
0.855355 	0.910707
0.856156 	0.910752
0.856957 	0.910797
0.857758 	0.910843
0.858559 	0.910889
0.859359 	0.910935
0.86016 	0.910981
0.860961 	0.911028
0.861762 	0.911075
0.862563 	0.911123
0.863363 	0.91117
0.864164 	0.911219
0.864965 	0.911267
0.865766 	0.911315
0.866567 	0.911364
0.867367 	0.911414
0.868168 	0.911463
0.868969 	0.911513
0.86977 	0.911563
0.870571 	0.911613
0.871371 	0.911664
0.872172 	0.911714
0.872973 	0.911766
0.873774 	0.911817
0.874575 	0.911869
0.875375 	0.911921
0.876176 	0.911973
0.876977 	0.912025
0.877778 	0.912078
0.878579 	0.912131
0.879379 	0.912184
0.88018 	0.912237
0.880981 	0.912291
0.881782 	0.912345
0.882583 	0.912399
0.883383 	0.912453
0.884184 	0.912508
0.884985 	0.912563
0.885786 	0.912618
0.886587 	0.912673
0.887387 	0.912729
0.888188 	0.912784
0.888989 	0.91284
0.88979 	0.912896
0.890591 	0.912953
0.891391 	0.913009
0.892192 	0.913066
0.892993 	0.913123
0.893794 	0.91318
0.894595 	0.913238
0.895395 	0.913295
0.896196 	0.913353
0.896997 	0.913411
0.897798 	0.91347
0.898599 	0.913528
0.899399 	0.913587
0.9002 	0.913645
0.901001 	0.913704
0.901802 	0.913764
0.902603 	0.913823
0.903403 	0.913882
0.904204 	0.913942
0.905005 	0.914002
0.905806 	0.914062
0.906607 	0.914123
0.907407 	0.914183
0.908208 	0.914244
0.909009 	0.914304
0.90981 	0.914365
0.910611 	0.914426
0.911411 	0.914488
0.912212 	0.914549
0.913013 	0.914611
0.913814 	0.914673
0.914615 	0.914735
0.915415 	0.914797
0.916216 	0.914859
0.917017 	0.914922
0.917818 	0.914984
0.918619 	0.915047
0.919419 	0.91511
0.92022 	0.915173
0.921021 	0.915236
0.921822 	0.915299
0.922623 	0.915363
0.923423 	0.915427
0.924224 	0.91549
0.925025 	0.915554
0.925826 	0.915618
0.926627 	0.915683
0.927427 	0.915747
0.928228 	0.915811
0.929029 	0.915876
0.92983 	0.915941
0.930631 	0.916006
0.931431 	0.916071
0.932232 	0.916136
0.933033 	0.916201
0.933834 	0.916267
0.934635 	0.916332
0.935435 	0.916398
0.936236 	0.916464
0.937037 	0.91653
0.937838 	0.916596
0.938639 	0.916662
0.939439 	0.916729
0.94024 	0.916795
0.941041 	0.916862
0.941842 	0.916928
0.942643 	0.916995
0.943443 	0.917062
0.944244 	0.917129
0.945045 	0.917196
0.945846 	0.917264
0.946647 	0.917331
0.947447 	0.917399
0.948248 	0.917466
0.949049 	0.917534
0.94985 	0.917602
0.950651 	0.91767
0.951451 	0.917738
0.952252 	0.917806
0.953053 	0.917875
0.953854 	0.917943
0.954655 	0.918012
0.955455 	0.91808
0.956256 	0.918149
0.957057 	0.918218
0.957858 	0.918287
0.958659 	0.918356
0.959459 	0.918425
0.96026 	0.918494
0.961061 	0.918564
0.961862 	0.918633
0.962663 	0.918703
0.963463 	0.918773
0.964264 	0.918842
0.965065 	0.918912
0.965866 	0.918982
0.966667 	0.919052
0.967467 	0.919123
0.968268 	0.919193
0.969069 	0.919263
0.96987 	0.919334
0.970671 	0.919404
0.971471 	0.919475
0.972272 	0.919546
0.973073 	0.919617
0.973874 	0.919688
0.974675 	0.919759
0.975475 	0.91983
0.976276 	0.919901
0.977077 	0.919973
0.977878 	0.920044
0.978679 	0.920116
0.979479 	0.920187
0.98028 	0.920259
0.981081 	0.920331
0.981882 	0.920403
0.982683 	0.920475
0.983483 	0.920547
0.984284 	0.920619
0.985085 	0.920691
0.985886 	0.920764
0.986687 	0.920836
0.987487 	0.920909
0.988288 	0.920981
0.989089 	0.921054
0.98989 	0.921127
0.990691 	0.9212
0.991491 	0.921273
0.992292 	0.921346
0.993093 	0.921419
0.993894 	0.921492
0.994695 	0.921566
0.995495 	0.921639
0.996296 	0.921713
0.997097 	0.921786
0.997898 	0.92186
0.998699 	0.921934
0.999499 	0.922007
1.0003 	0.922081
1.0011 	0.922155
1.0019 	0.92223
1.0027 	0.922304
1.0035 	0.922378
1.0043 	0.922452
1.00511 	0.922527
1.00591 	0.922601
1.00671 	0.922676
1.00751 	0.922751
1.00831 	0.922826
1.00911 	0.9229
1.00991 	0.922975
1.01071 	0.92305
1.01151 	0.923125
1.01231 	0.923201
1.01311 	0.923276
1.01391 	0.923351
1.01471 	0.923427
1.01552 	0.923502
1.01632 	0.923578
1.01712 	0.923654
1.01792 	0.923729
1.01872 	0.923805
1.01952 	0.923881
1.02032 	0.923957
1.02112 	0.924033
1.02192 	0.92411
1.02272 	0.924186
1.02352 	0.924262
1.02432 	0.924339
1.02513 	0.924415
1.02593 	0.924492
1.02673 	0.924569
1.02753 	0.924645
1.02833 	0.924722
1.02913 	0.924799
1.02993 	0.924876
1.03073 	0.924953
1.03153 	0.92503
1.03233 	0.925108
1.03313 	0.925185
1.03393 	0.925262
1.03473 	0.92534
1.03554 	0.925418
1.03634 	0.925495
1.03714 	0.925573
1.03794 	0.925651
1.03874 	0.925729
1.03954 	0.925807
1.04034 	0.925885
1.04114 	0.925963
1.04194 	0.926041
1.04274 	0.92612
1.04354 	0.926198
1.04434 	0.926276
1.04515 	0.926355
1.04595 	0.926434
1.04675 	0.926512
1.04755 	0.926591
1.04835 	0.92667
1.04915 	0.926749
1.04995 	0.926828
1.05075 	0.926907
1.05155 	0.926986
1.05235 	0.927066
1.05315 	0.927145
1.05395 	0.927225
1.05475 	0.927304
1.05556 	0.927384
1.05636 	0.927464
1.05716 	0.927543
1.05796 	0.927623
1.05876 	0.927703
1.05956 	0.927783
1.06036 	0.927863
1.06116 	0.927944
1.06196 	0.928024
1.06276 	0.928104
1.06356 	0.928185
1.06436 	0.928265
1.06517 	0.928346
1.06597 	0.928426
1.06677 	0.928507
1.06757 	0.928588
1.06837 	0.928669
1.06917 	0.92875
1.06997 	0.928831
1.07077 	0.928912
1.07157 	0.928994
1.07237 	0.929075
1.07317 	0.929156
1.07397 	0.929238
1.07477 	0.92932
1.07558 	0.929401
1.07638 	0.929483
1.07718 	0.929565
1.07798 	0.929647
1.07878 	0.929729
1.07958 	0.929811
1.08038 	0.929893
1.08118 	0.929975
1.08198 	0.930058
1.08278 	0.93014
1.08358 	0.930223
1.08438 	0.930305
1.08519 	0.930388
1.08599 	0.93047
1.08679 	0.930553
1.08759 	0.930636
1.08839 	0.930719
1.08919 	0.930802
1.08999 	0.930885
1.09079 	0.930969
1.09159 	0.931052
1.09239 	0.931135
1.09319 	0.931219
1.09399 	0.931302
1.09479 	0.931386
1.0956 	0.93147
1.0964 	0.931554
1.0972 	0.931638
1.098 	0.931722
1.0988 	0.931806
1.0996 	0.93189
1.1004 	0.931974
1.1012 	0.932058
1.102 	0.932143
1.1028 	0.932227
1.1036 	0.932312
1.1044 	0.932396
1.10521 	0.932481
1.10601 	0.932566
1.10681 	0.932651
1.10761 	0.932736
1.10841 	0.932821
1.10921 	0.932906
1.11001 	0.932991
1.11081 	0.933076
1.11161 	0.933162
1.11241 	0.933247
1.11321 	0.933333
1.11401 	0.933418
1.11481 	0.933504
1.11562 	0.93359
1.11642 	0.933675
1.11722 	0.933761
1.11802 	0.933847
1.11882 	0.933933
1.11962 	0.93402
1.12042 	0.934106
1.12122 	0.934192
1.12202 	0.934279
1.12282 	0.934365
1.12362 	0.934452
1.12442 	0.934538
1.12523 	0.934625
1.12603 	0.934712
1.12683 	0.934799
1.12763 	0.934886
1.12843 	0.934973
1.12923 	0.93506
1.13003 	0.935147
1.13083 	0.935234
1.13163 	0.935321
1.13243 	0.935409
1.13323 	0.935496
1.13403 	0.935584
1.13483 	0.935672
1.13564 	0.935759
1.13644 	0.935847
1.13724 	0.935935
1.13804 	0.936023
1.13884 	0.936111
1.13964 	0.936199
1.14044 	0.936287
1.14124 	0.936375
1.14204 	0.936464
1.14284 	0.936552
1.14364 	0.936641
1.14444 	0.936729
1.14525 	0.936818
1.14605 	0.936907
1.14685 	0.936995
1.14765 	0.937084
1.14845 	0.937173
1.14925 	0.937262
1.15005 	0.937351
1.15085 	0.93744
1.15165 	0.93753
1.15245 	0.937619
1.15325 	0.937708
1.15405 	0.937798
1.15485 	0.937887
1.15566 	0.937977
1.15646 	0.938066
1.15726 	0.938156
1.15806 	0.938246
1.15886 	0.938336
1.15966 	0.938426
1.16046 	0.938516
1.16126 	0.938606
1.16206 	0.938696
1.16286 	0.938786
1.16366 	0.938876
1.16446 	0.938967
1.16527 	0.939057
1.16607 	0.939147
1.16687 	0.939238
1.16767 	0.939329
1.16847 	0.939419
1.16927 	0.93951
1.17007 	0.939601
1.17087 	0.939692
1.17167 	0.939783
1.17247 	0.939874
1.17327 	0.939965
1.17407 	0.940056
1.17487 	0.940147
1.17568 	0.940238
1.17648 	0.940329
1.17728 	0.940421
1.17808 	0.940512
1.17888 	0.940604
1.17968 	0.940695
1.18048 	0.940787
1.18128 	0.940879
1.18208 	0.94097
1.18288 	0.941062
1.18368 	0.941154
1.18448 	0.941246
1.18529 	0.941338
1.18609 	0.94143
1.18689 	0.941522
1.18769 	0.941614
1.18849 	0.941706
1.18929 	0.941799
1.19009 	0.941891
1.19089 	0.941983
1.19169 	0.942076
1.19249 	0.942168
1.19329 	0.942261
1.19409 	0.942353
1.19489 	0.942446
1.1957 	0.942539
1.1965 	0.942631
1.1973 	0.942724
1.1981 	0.942817
1.1989 	0.94291
1.1997 	0.943003
1.2005 	0.943096
1.2013 	0.943189
1.2021 	0.943282
1.2029 	0.943375
1.2037 	0.943468
1.2045 	0.943561
1.20531 	0.943655
1.20611 	0.943748
1.20691 	0.943841
1.20771 	0.943935
1.20851 	0.944028
1.20931 	0.944122
1.21011 	0.944215
1.21091 	0.944309
1.21171 	0.944402
1.21251 	0.944496
1.21331 	0.94459
1.21411 	0.944684
1.21491 	0.944777
1.21572 	0.944871
1.21652 	0.944965
1.21732 	0.945059
1.21812 	0.945153
1.21892 	0.945247
1.21972 	0.945341
1.22052 	0.945435
1.22132 	0.945529
1.22212 	0.945623
1.22292 	0.945717
1.22372 	0.945812
1.22452 	0.945906
1.22533 	0.946
1.22613 	0.946094
1.22693 	0.946189
1.22773 	0.946283
1.22853 	0.946377
1.22933 	0.946472
1.23013 	0.946566
1.23093 	0.946661
1.23173 	0.946755
1.23253 	0.94685
1.23333 	0.946944
1.23413 	0.947039
1.23493 	0.947134
1.23574 	0.947228
1.23654 	0.947323
1.23734 	0.947418
1.23814 	0.947512
1.23894 	0.947607
1.23974 	0.947702
1.24054 	0.947797
1.24134 	0.947891
1.24214 	0.947986
1.24294 	0.948081
1.24374 	0.948176
1.24454 	0.948271
1.24535 	0.948366
1.24615 	0.948461
1.24695 	0.948556
1.24775 	0.948651
1.24855 	0.948746
1.24935 	0.948841
1.25015 	0.948936
1.25095 	0.949031
1.25175 	0.949126
1.25255 	0.949221
1.25335 	0.949316
1.25415 	0.949411
1.25495 	0.949506
1.25576 	0.949601
1.25656 	0.949696
1.25736 	0.949791
1.25816 	0.949886
1.25896 	0.949981
1.25976 	0.950076
1.26056 	0.950172
1.26136 	0.950267
1.26216 	0.950362
1.26296 	0.950457
1.26376 	0.950552
1.26456 	0.950647
1.26537 	0.950742
1.26617 	0.950838
1.26697 	0.950933
1.26777 	0.951028
1.26857 	0.951123
1.26937 	0.951218
1.27017 	0.951313
1.27097 	0.951409
1.27177 	0.951504
1.27257 	0.951599
1.27337 	0.951694
1.27417 	0.951789
1.27497 	0.951884
1.27578 	0.951979
1.27658 	0.952074
1.27738 	0.95217
1.27818 	0.952265
1.27898 	0.95236
1.27978 	0.952455
1.28058 	0.95255
1.28138 	0.952645
1.28218 	0.95274
1.28298 	0.952835
1.28378 	0.95293
1.28458 	0.953025
1.28539 	0.95312
1.28619 	0.953215
1.28699 	0.95331
1.28779 	0.953405
1.28859 	0.9535
1.28939 	0.953595
1.29019 	0.95369
1.29099 	0.953785
1.29179 	0.95388
1.29259 	0.953975
1.29339 	0.95407
1.29419 	0.954164
1.29499 	0.954259
1.2958 	0.954354
1.2966 	0.954449
1.2974 	0.954543
1.2982 	0.954638
1.299 	0.954733
1.2998 	0.954828
1.3006 	0.954922
1.3014 	0.955017
1.3022 	0.955111
1.303 	0.955206
1.3038 	0.955301
1.3046 	0.955395
1.30541 	0.95549
1.30621 	0.955584
1.30701 	0.955678
1.30781 	0.955773
1.30861 	0.955867
1.30941 	0.955962
1.31021 	0.956056
1.31101 	0.95615
1.31181 	0.956244
1.31261 	0.956339
1.31341 	0.956433
1.31421 	0.956527
1.31502 	0.956621
1.31582 	0.956715
1.31662 	0.956809
1.31742 	0.956903
1.31822 	0.956997
1.31902 	0.957091
1.31982 	0.957185
1.32062 	0.957279
1.32142 	0.957373
1.32222 	0.957467
1.32302 	0.95756
1.32382 	0.957654
1.32462 	0.957748
1.32543 	0.957841
1.32623 	0.957935
1.32703 	0.958029
1.32783 	0.958122
1.32863 	0.958216
1.32943 	0.958309
1.33023 	0.958402
1.33103 	0.958496
1.33183 	0.958589
1.33263 	0.958682
1.33343 	0.958776
1.33423 	0.958869
1.33504 	0.958962
1.33584 	0.959055
1.33664 	0.959148
1.33744 	0.959241
1.33824 	0.959334
1.33904 	0.959427
1.33984 	0.95952
1.34064 	0.959613
1.34144 	0.959705
1.34224 	0.959798
1.34304 	0.959891
1.34384 	0.959983
1.34464 	0.960076
1.34545 	0.960168
1.34625 	0.960261
1.34705 	0.960353
1.34785 	0.960446
1.34865 	0.960538
1.34945 	0.96063
1.35025 	0.960723
1.35105 	0.960815
1.35185 	0.960907
1.35265 	0.960999
1.35345 	0.961091
1.35425 	0.961183
1.35506 	0.961275
1.35586 	0.961367
1.35666 	0.961459
1.35746 	0.961551
1.35826 	0.961642
1.35906 	0.961734
1.35986 	0.961826
1.36066 	0.961917
1.36146 	0.962009
1.36226 	0.9621
1.36306 	0.962192
1.36386 	0.962283
1.36466 	0.962375
1.36547 	0.962466
1.36627 	0.962557
1.36707 	0.962648
1.36787 	0.962739
1.36867 	0.962831
1.36947 	0.962922
1.37027 	0.963013
1.37107 	0.963104
1.37187 	0.963194
1.37267 	0.963285
1.37347 	0.963376
1.37427 	0.963467
1.37508 	0.963557
1.37588 	0.963648
1.37668 	0.963739
1.37748 	0.963829
1.37828 	0.96392
1.37908 	0.96401
1.37988 	0.964101
1.38068 	0.964191
1.38148 	0.964281
1.38228 	0.964372
1.38308 	0.964462
1.38388 	0.964552
1.38468 	0.964642
1.38549 	0.964732
1.38629 	0.964822
1.38709 	0.964912
1.38789 	0.965002
1.38869 	0.965092
1.38949 	0.965182
1.39029 	0.965272
1.39109 	0.965361
1.39189 	0.965451
1.39269 	0.965541
1.39349 	0.96563
1.39429 	0.96572
1.3951 	0.96581
1.3959 	0.965899
1.3967 	0.965989
1.3975 	0.966078
1.3983 	0.966167
1.3991 	0.966257
1.3999 	0.966346
1.4007 	0.966435
1.4015 	0.966525
1.4023 	0.966614
1.4031 	0.966703
1.4039 	0.966792
1.4047 	0.966881
1.40551 	0.96697
1.40631 	0.967059
1.40711 	0.967148
1.40791 	0.967237
1.40871 	0.967326
1.40951 	0.967415
1.41031 	0.967504
1.41111 	0.967593
1.41191 	0.967682
1.41271 	0.967771
1.41351 	0.96786
1.41431 	0.967948
1.41512 	0.968037
1.41592 	0.968126
1.41672 	0.968215
1.41752 	0.968303
1.41832 	0.968392
1.41912 	0.968481
1.41992 	0.968569
1.42072 	0.968658
1.42152 	0.968747
1.42232 	0.968835
1.42312 	0.968924
1.42392 	0.969012
1.42472 	0.969101
1.42553 	0.96919
1.42633 	0.969278
1.42713 	0.969367
1.42793 	0.969455
1.42873 	0.969544
1.42953 	0.969632
1.43033 	0.969721
1.43113 	0.96981
1.43193 	0.969898
1.43273 	0.969987
1.43353 	0.970075
1.43433 	0.970164
1.43514 	0.970253
1.43594 	0.970341
1.43674 	0.97043
1.43754 	0.970518
1.43834 	0.970607
1.43914 	0.970696
1.43994 	0.970785
1.44074 	0.970873
1.44154 	0.970962
1.44234 	0.971051
1.44314 	0.97114
1.44394 	0.971228
1.44474 	0.971317
1.44555 	0.971406
1.44635 	0.971495
1.44715 	0.971584
1.44795 	0.971673
1.44875 	0.971762
1.44955 	0.971851
1.45035 	0.97194
1.45115 	0.972029
1.45195 	0.972119
1.45275 	0.972208
1.45355 	0.972297
1.45435 	0.972387
1.45516 	0.972476
1.45596 	0.972565
1.45676 	0.972655
1.45756 	0.972745
1.45836 	0.972834
1.45916 	0.972924
1.45996 	0.973014
1.46076 	0.973104
1.46156 	0.973194
1.46236 	0.973284
1.46316 	0.973374
1.46396 	0.973464
1.46476 	0.973554
1.46557 	0.973645
1.46637 	0.973735
1.46717 	0.973826
1.46797 	0.973916
1.46877 	0.974007
1.46957 	0.974098
1.47037 	0.974189
1.47117 	0.97428
1.47197 	0.974371
1.47277 	0.974462
1.47357 	0.974554
1.47437 	0.974645
1.47518 	0.974737
1.47598 	0.974829
1.47678 	0.974921
1.47758 	0.975013
1.47838 	0.975105
1.47918 	0.975197
1.47998 	0.97529
1.48078 	0.975382
1.48158 	0.975475
1.48238 	0.975568
1.48318 	0.975661
1.48398 	0.975754
1.48478 	0.975847
1.48559 	0.975941
1.48639 	0.976034
1.48719 	0.976128
1.48799 	0.976222
1.48879 	0.976316
1.48959 	0.976411
1.49039 	0.976505
1.49119 	0.9766
1.49199 	0.976695
1.49279 	0.97679
1.49359 	0.976885
1.49439 	0.976981
1.4952 	0.977076
1.496 	0.977172
1.4968 	0.977269
1.4976 	0.977365
1.4984 	0.977461
1.4992 	0.977558
1.5 	0.977655
