# x              	y             
0.5 	-10.0777
0.5004 	-10.0658
0.500801 	-10.0538
0.501201 	-10.0419
0.501602 	-10.0299
0.502002 	-10.018
0.502402 	-10.0061
0.502803 	-9.99428
0.503203 	-9.98244
0.503604 	-9.97062
0.504004 	-9.95881
0.504404 	-9.94703
0.504805 	-9.93527
0.505205 	-9.92352
0.505606 	-9.9118
0.506006 	-9.90009
0.506406 	-9.88841
0.506807 	-9.87674
0.507207 	-9.86509
0.507608 	-9.85346
0.508008 	-9.84186
0.508408 	-9.83027
0.508809 	-9.8187
0.509209 	-9.80715
0.50961 	-9.79562
0.51001 	-9.78411
0.51041 	-9.77261
0.510811 	-9.76114
0.511211 	-9.74969
0.511612 	-9.73825
0.512012 	-9.72683
0.512412 	-9.71544
0.512813 	-9.70406
0.513213 	-9.6927
0.513614 	-9.68136
0.514014 	-9.67003
0.514414 	-9.65873
0.514815 	-9.64745
0.515215 	-9.63618
0.515616 	-9.62493
0.516016 	-9.6137
0.516416 	-9.60249
0.516817 	-9.5913
0.517217 	-9.58013
0.517618 	-9.56897
0.518018 	-9.55783
0.518418 	-9.54671
0.518819 	-9.53561
0.519219 	-9.52453
0.51962 	-9.51347
0.52002 	-9.50242
0.52042 	-9.49139
0.520821 	-9.48038
0.521221 	-9.46939
0.521622 	-9.45842
0.522022 	-9.44746
0.522422 	-9.43653
0.522823 	-9.42561
0.523223 	-9.4147
0.523624 	-9.40382
0.524024 	-9.39295
0.524424 	-9.3821
0.524825 	-9.37127
0.525225 	-9.36046
0.525626 	-9.34966
0.526026 	-9.33888
0.526426 	-9.32812
0.526827 	-9.31738
0.527227 	-9.30665
0.527628 	-9.29594
0.528028 	-9.28525
0.528428 	-9.27458
0.528829 	-9.26392
0.529229 	-9.25328
0.52963 	-9.24266
0.53003 	-9.23205
0.53043 	-9.22147
0.530831 	-9.2109
0.531231 	-9.20034
0.531632 	-9.18981
0.532032 	-9.17929
0.532432 	-9.16878
0.532833 	-9.1583
0.533233 	-9.14783
0.533634 	-9.13738
0.534034 	-9.12694
0.534434 	-9.11652
0.534835 	-9.10612
0.535235 	-9.09573
0.535636 	-9.08537
0.536036 	-9.07501
0.536436 	-9.06468
0.536837 	-9.05436
0.537237 	-9.04406
0.537638 	-9.03377
0.538038 	-9.0235
0.538438 	-9.01325
0.538839 	-9.00301
0.539239 	-8.99279
0.53964 	-8.98259
0.54004 	-8.9724
0.54044 	-8.96223
0.540841 	-8.95207
0.541241 	-8.94193
0.541642 	-8.93181
0.542042 	-8.9217
0.542442 	-8.91161
0.542843 	-8.90154
0.543243 	-8.89148
0.543644 	-8.88144
0.544044 	-8.87141
0.544444 	-8.8614
0.544845 	-8.8514
0.545245 	-8.84143
0.545646 	-8.83146
0.546046 	-8.82151
0.546446 	-8.81158
0.546847 	-8.80166
0.547247 	-8.79176
0.547648 	-8.78188
0.548048 	-8.77201
0.548448 	-8.76216
0.548849 	-8.75232
0.549249 	-8.74249
0.54965 	-8.73269
0.55005 	-8.72289
0.55045 	-8.71312
0.550851 	-8.70336
0.551251 	-8.69361
0.551652 	-8.68388
0.552052 	-8.67416
0.552452 	-8.66446
0.552853 	-8.65478
0.553253 	-8.64511
0.553654 	-8.63545
0.554054 	-8.62581
0.554454 	-8.61619
0.554855 	-8.60658
0.555255 	-8.59698
0.555656 	-8.5874
0.556056 	-8.57784
0.556456 	-8.56829
0.556857 	-8.55875
0.557257 	-8.54923
0.557658 	-8.53973
0.558058 	-8.53024
0.558458 	-8.52076
0.558859 	-8.5113
0.559259 	-8.50185
0.55966 	-8.49242
0.56006 	-8.483
0.56046 	-8.4736
0.560861 	-8.46421
0.561261 	-8.45484
0.561662 	-8.44548
0.562062 	-8.43613
0.562462 	-8.4268
0.562863 	-8.41749
0.563263 	-8.40819
0.563664 	-8.3989
0.564064 	-8.38963
0.564464 	-8.38037
0.564865 	-8.37112
0.565265 	-8.36189
0.565666 	-8.35268
0.566066 	-8.34347
0.566466 	-8.33429
0.566867 	-8.32511
0.567267 	-8.31595
0.567668 	-8.30681
0.568068 	-8.29768
0.568468 	-8.28856
0.568869 	-8.27946
0.569269 	-8.27037
0.56967 	-8.26129
0.57007 	-8.25223
0.57047 	-8.24318
0.570871 	-8.23415
0.571271 	-8.22513
0.571672 	-8.21612
0.572072 	-8.20713
0.572472 	-8.19815
0.572873 	-8.18918
0.573273 	-8.18023
0.573674 	-8.17129
0.574074 	-8.16237
0.574474 	-8.15345
0.574875 	-8.14456
0.575275 	-8.13567
0.575676 	-8.1268
0.576076 	-8.11794
0.576476 	-8.1091
0.576877 	-8.10027
0.577277 	-8.09145
0.577678 	-8.08265
0.578078 	-8.07386
0.578478 	-8.06508
0.578879 	-8.05631
0.579279 	-8.04756
0.57968 	-8.03883
0.58008 	-8.0301
0.58048 	-8.02139
0.580881 	-8.01269
0.581281 	-8.00401
0.581682 	-7.99533
0.582082 	-7.98667
0.582482 	-7.97803
0.582883 	-7.9694
0.583283 	-7.96077
0.583684 	-7.95217
0.584084 	-7.94357
0.584484 	-7.93499
0.584885 	-7.92642
0.585285 	-7.91787
0.585686 	-7.90932
0.586086 	-7.90079
0.586486 	-7.89227
0.586887 	-7.88377
0.587287 	-7.87528
0.587688 	-7.8668
0.588088 	-7.85833
0.588488 	-7.84988
0.588889 	-7.84143
0.589289 	-7.833
0.58969 	-7.82459
0.59009 	-7.81618
0.59049 	-7.80779
0.590891 	-7.79941
0.591291 	-7.79105
0.591692 	-7.78269
0.592092 	-7.77435
0.592492 	-7.76602
0.592893 	-7.7577
0.593293 	-7.7494
0.593694 	-7.7411
0.594094 	-7.73282
0.594494 	-7.72455
0.594895 	-7.7163
0.595295 	-7.70805
0.595696 	-7.69982
0.596096 	-7.6916
0.596496 	-7.68339
0.596897 	-7.6752
0.597297 	-7.66701
0.597698 	-7.65884
0.598098 	-7.65068
0.598498 	-7.64253
0.598899 	-7.6344
0.599299 	-7.62627
0.5997 	-7.61816
0.6001 	-7.61006
0.600501 	-7.60197
0.600901 	-7.5939
0.601301 	-7.58583
0.601702 	-7.57778
0.602102 	-7.56974
0.602503 	-7.56171
0.602903 	-7.55369
0.603303 	-7.54569
0.603704 	-7.53769
0.604104 	-7.52971
0.604505 	-7.52174
0.604905 	-7.51378
0.605305 	-7.50583
0.605706 	-7.49789
0.606106 	-7.48997
0.606507 	-7.48206
0.606907 	-7.47415
0.607307 	-7.46626
0.607708 	-7.45838
0.608108 	-7.45052
0.608509 	-7.44266
0.608909 	-7.43482
0.609309 	-7.42698
0.60971 	-7.41916
0.61011 	-7.41135
0.610511 	-7.40355
0.610911 	-7.39576
0.611311 	-7.38798
0.611712 	-7.38022
0.612112 	-7.37246
0.612513 	-7.36472
0.612913 	-7.35699
0.613313 	-7.34927
0.613714 	-7.34156
0.614114 	-7.33386
0.614515 	-7.32617
0.614915 	-7.31849
0.615315 	-7.31083
0.615716 	-7.30317
0.616116 	-7.29553
0.616517 	-7.28789
0.616917 	-7.28027
0.617317 	-7.27266
0.617718 	-7.26506
0.618118 	-7.25747
0.618519 	-7.24989
0.618919 	-7.24232
0.619319 	-7.23477
0.61972 	-7.22722
0.62012 	-7.21968
0.620521 	-7.21216
0.620921 	-7.20464
0.621321 	-7.19714
0.621722 	-7.18965
0.622122 	-7.18217
0.622523 	-7.17469
0.622923 	-7.16723
0.623323 	-7.15978
0.623724 	-7.15234
0.624124 	-7.14491
0.624525 	-7.13749
0.624925 	-7.13009
0.625325 	-7.12269
0.625726 	-7.1153
0.626126 	-7.10792
0.626527 	-7.10056
0.626927 	-7.0932
0.627327 	-7.08585
0.627728 	-7.07852
0.628128 	-7.07119
0.628529 	-7.06388
0.628929 	-7.05658
0.629329 	-7.04928
0.62973 	-7.042
0.63013 	-7.03472
0.630531 	-7.02746
0.630931 	-7.02021
0.631331 	-7.01296
0.631732 	-7.00573
0.632132 	-6.99851
0.632533 	-6.99129
0.632933 	-6.98409
0.633333 	-6.9769
0.633734 	-6.96972
0.634134 	-6.96254
0.634535 	-6.95538
0.634935 	-6.94823
0.635335 	-6.94109
0.635736 	-6.93396
0.636136 	-6.92683
0.636537 	-6.91972
0.636937 	-6.91262
0.637337 	-6.90552
0.637738 	-6.89844
0.638138 	-6.89137
0.638539 	-6.88431
0.638939 	-6.87725
0.639339 	-6.87021
0.63974 	-6.86317
0.64014 	-6.85615
0.640541 	-6.84914
0.640941 	-6.84213
0.641341 	-6.83514
0.641742 	-6.82815
0.642142 	-6.82118
0.642543 	-6.81421
0.642943 	-6.80725
0.643343 	-6.80031
0.643744 	-6.79337
0.644144 	-6.78644
0.644545 	-6.77952
0.644945 	-6.77262
0.645345 	-6.76572
0.645746 	-6.75883
0.646146 	-6.75195
0.646547 	-6.74508
0.646947 	-6.73821
0.647347 	-6.73136
0.647748 	-6.72452
0.648148 	-6.71769
0.648549 	-6.71086
0.648949 	-6.70405
0.649349 	-6.69725
0.64975 	-6.69045
0.65015 	-6.68366
0.650551 	-6.67689
0.650951 	-6.67012
0.651351 	-6.66336
0.651752 	-6.65661
0.652152 	-6.64987
0.652553 	-6.64314
0.652953 	-6.63642
0.653353 	-6.62971
0.653754 	-6.623
0.654154 	-6.61631
0.654555 	-6.60963
0.654955 	-6.60295
0.655355 	-6.59628
0.655756 	-6.58963
0.656156 	-6.58298
0.656557 	-6.57634
0.656957 	-6.56971
0.657357 	-6.56308
0.657758 	-6.55647
0.658158 	-6.54987
0.658559 	-6.54327
0.658959 	-6.53669
0.659359 	-6.53011
0.65976 	-6.52354
0.66016 	-6.51698
0.660561 	-6.51043
0.660961 	-6.50389
0.661361 	-6.49736
0.661762 	-6.49084
0.662162 	-6.48432
0.662563 	-6.47781
0.662963 	-6.47132
0.663363 	-6.46483
0.663764 	-6.45835
0.664164 	-6.45188
0.664565 	-6.44541
0.664965 	-6.43896
0.665365 	-6.43252
0.665766 	-6.42608
0.666166 	-6.41965
0.666567 	-6.41323
0.666967 	-6.40682
0.667367 	-6.40042
0.667768 	-6.39403
0.668168 	-6.38764
0.668569 	-6.38126
0.668969 	-6.3749
0.669369 	-6.36854
0.66977 	-6.36219
0.67017 	-6.35584
0.670571 	-6.34951
0.670971 	-6.34318
0.671371 	-6.33687
0.671772 	-6.33056
0.672172 	-6.32426
0.672573 	-6.31797
0.672973 	-6.31168
0.673373 	-6.30541
0.673774 	-6.29914
0.674174 	-6.29288
0.674575 	-6.28663
0.674975 	-6.28039
0.675375 	-6.27416
0.675776 	-6.26793
0.676176 	-6.26172
0.676577 	-6.25551
0.676977 	-6.24931
0.677377 	-6.24311
0.677778 	-6.23693
0.678178 	-6.23075
0.678579 	-6.22459
0.678979 	-6.21843
0.679379 	-6.21228
0.67978 	-6.20613
0.68018 	-6.2
0.680581 	-6.19387
0.680981 	-6.18775
0.681381 	-6.18164
0.681782 	-6.17554
0.682182 	-6.16944
0.682583 	-6.16336
0.682983 	-6.15728
0.683383 	-6.15121
0.683784 	-6.14514
0.684184 	-6.13909
0.684585 	-6.13304
0.684985 	-6.127
0.685385 	-6.12097
0.685786 	-6.11495
0.686186 	-6.10893
0.686587 	-6.10292
0.686987 	-6.09692
0.687387 	-6.09093
0.687788 	-6.08495
0.688188 	-6.07897
0.688589 	-6.073
0.688989 	-6.06704
0.689389 	-6.06109
0.68979 	-6.05515
0.69019 	-6.04921
0.690591 	-6.04328
0.690991 	-6.03736
0.691391 	-6.03144
0.691792 	-6.02554
0.692192 	-6.01964
0.692593 	-6.01375
0.692993 	-6.00786
0.693393 	-6.00199
0.693794 	-5.99612
0.694194 	-5.99026
0.694595 	-5.98441
0.694995 	-5.97856
0.695395 	-5.97272
0.695796 	-5.96689
0.696196 	-5.96107
0.696597 	-5.95526
0.696997 	-5.94945
0.697397 	-5.94365
0.697798 	-5.93786
0.698198 	-5.93207
0.698599 	-5.92629
0.698999 	-5.92052
0.699399 	-5.91476
0.6998 	-5.90901
0.7002 	-5.90326
0.700601 	-5.89752
0.701001 	-5.89179
0.701401 	-5.88606
0.701802 	-5.88034
0.702202 	-5.87463
0.702603 	-5.86893
0.703003 	-5.86323
0.703403 	-5.85754
0.703804 	-5.85186
0.704204 	-5.84619
0.704605 	-5.84052
0.705005 	-5.83486
0.705405 	-5.82921
0.705806 	-5.82356
0.706206 	-5.81793
0.706607 	-5.81229
0.707007 	-5.80667
0.707407 	-5.80105
0.707808 	-5.79545
0.708208 	-5.78984
0.708609 	-5.78425
0.709009 	-5.77866
0.709409 	-5.77308
0.70981 	-5.76751
0.71021 	-5.76194
0.710611 	-5.75638
0.711011 	-5.75083
0.711411 	-5.74528
0.711812 	-5.73975
0.712212 	-5.73422
0.712613 	-5.72869
0.713013 	-5.72318
0.713413 	-5.71767
0.713814 	-5.71216
0.714214 	-5.70667
0.714615 	-5.70118
0.715015 	-5.6957
0.715415 	-5.69022
0.715816 	-5.68475
0.716216 	-5.67929
0.716617 	-5.67384
0.717017 	-5.66839
0.717417 	-5.66295
0.717818 	-5.65752
0.718218 	-5.65209
0.718619 	-5.64667
0.719019 	-5.64126
0.719419 	-5.63585
0.71982 	-5.63045
0.72022 	-5.62506
0.720621 	-5.61967
0.721021 	-5.6143
0.721421 	-5.60892
0.721822 	-5.60356
0.722222 	-5.5982
0.722623 	-5.59285
0.723023 	-5.5875
0.723423 	-5.58216
0.723824 	-5.57683
0.724224 	-5.57151
0.724625 	-5.56619
0.725025 	-5.56088
0.725425 	-5.55557
0.725826 	-5.55027
0.726226 	-5.54498
0.726627 	-5.5397
0.727027 	-5.53442
0.727427 	-5.52915
0.727828 	-5.52388
0.728228 	-5.51862
0.728629 	-5.51337
0.729029 	-5.50813
0.729429 	-5.50289
0.72983 	-5.49766
0.73023 	-5.49243
0.730631 	-5.48721
0.731031 	-5.482
0.731431 	-5.47679
0.731832 	-5.47159
0.732232 	-5.4664
0.732633 	-5.46121
0.733033 	-5.45603
0.733433 	-5.45086
0.733834 	-5.44569
0.734234 	-5.44053
0.734635 	-5.43538
0.735035 	-5.43023
0.735435 	-5.42509
0.735836 	-5.41995
0.736236 	-5.41482
0.736637 	-5.4097
0.737037 	-5.40458
0.737437 	-5.39947
0.737838 	-5.39437
0.738238 	-5.38927
0.738639 	-5.38418
0.739039 	-5.3791
0.739439 	-5.37402
0.73984 	-5.36895
0.74024 	-5.36388
0.740641 	-5.35882
0.741041 	-5.35377
0.741441 	-5.34872
0.741842 	-5.34368
0.742242 	-5.33864
0.742643 	-5.33362
0.743043 	-5.32859
0.743443 	-5.32358
0.743844 	-5.31857
0.744244 	-5.31357
0.744645 	-5.30857
0.745045 	-5.30358
0.745445 	-5.29859
0.745846 	-5.29361
0.746246 	-5.28864
0.746647 	-5.28367
0.747047 	-5.27871
0.747447 	-5.27376
0.747848 	-5.26881
0.748248 	-5.26387
0.748649 	-5.25893
0.749049 	-5.254
0.749449 	-5.24908
0.74985 	-5.24416
0.75025 	-5.23924
0.750651 	-5.23434
0.751051 	-5.22944
0.751451 	-5.22454
0.751852 	-5.21966
0.752252 	-5.21477
0.752653 	-5.2099
0.753053 	-5.20503
0.753453 	-5.20016
0.753854 	-5.1953
0.754254 	-5.19045
0.754655 	-5.1856
0.755055 	-5.18076
0.755455 	-5.17593
0.755856 	-5.1711
0.756256 	-5.16628
0.756657 	-5.16146
0.757057 	-5.15665
0.757457 	-5.15184
0.757858 	-5.14704
0.758258 	-5.14225
0.758659 	-5.13746
0.759059 	-5.13268
0.759459 	-5.1279
0.75986 	-5.12313
0.76026 	-5.11837
0.760661 	-5.11361
0.761061 	-5.10886
0.761461 	-5.10411
0.761862 	-5.09937
0.762262 	-5.09463
0.762663 	-5.0899
0.763063 	-5.08518
0.763463 	-5.08046
0.763864 	-5.07575
0.764264 	-5.07104
0.764665 	-5.06634
0.765065 	-5.06164
0.765465 	-5.05695
0.765866 	-5.05227
0.766266 	-5.04759
0.766667 	-5.04291
0.767067 	-5.03825
0.767467 	-5.03358
0.767868 	-5.02893
0.768268 	-5.02428
0.768669 	-5.01963
0.769069 	-5.01499
0.769469 	-5.01036
0.76987 	-5.00573
0.77027 	-5.00111
0.770671 	-4.99649
0.771071 	-4.99188
0.771471 	-4.98727
0.771872 	-4.98267
0.772272 	-4.97808
0.772673 	-4.97349
0.773073 	-4.9689
0.773473 	-4.96432
0.773874 	-4.95975
0.774274 	-4.95518
0.774675 	-4.95062
0.775075 	-4.94606
0.775475 	-4.94151
0.775876 	-4.93697
0.776276 	-4.93243
0.776677 	-4.92789
0.777077 	-4.92336
0.777477 	-4.91884
0.777878 	-4.91432
0.778278 	-4.90981
0.778679 	-4.9053
0.779079 	-4.9008
0.779479 	-4.8963
0.77988 	-4.89181
0.78028 	-4.88732
0.780681 	-4.88284
0.781081 	-4.87836
0.781481 	-4.87389
0.781882 	-4.86943
0.782282 	-4.86497
0.782683 	-4.86052
0.783083 	-4.85607
0.783483 	-4.85162
0.783884 	-4.84718
0.784284 	-4.84275
0.784685 	-4.83832
0.785085 	-4.8339
0.785485 	-4.82948
0.785886 	-4.82507
0.786286 	-4.82066
0.786687 	-4.81626
0.787087 	-4.81187
0.787487 	-4.80747
0.787888 	-4.80309
0.788288 	-4.79871
0.788689 	-4.79433
0.789089 	-4.78996
0.789489 	-4.7856
0.78989 	-4.78124
0.79029 	-4.77688
0.790691 	-4.77253
0.791091 	-4.76819
0.791491 	-4.76385
0.791892 	-4.75951
0.792292 	-4.75518
0.792693 	-4.75086
0.793093 	-4.74654
0.793493 	-4.74223
0.793894 	-4.73792
0.794294 	-4.73361
0.794695 	-4.72932
0.795095 	-4.72502
0.795495 	-4.72073
0.795896 	-4.71645
0.796296 	-4.71217
0.796697 	-4.7079
0.797097 	-4.70363
0.797497 	-4.69937
0.797898 	-4.69511
0.798298 	-4.69085
0.798699 	-4.68661
0.799099 	-4.68236
0.799499 	-4.67812
0.7999 	-4.67389
0.8003 	-4.66966
0.800701 	-4.66544
0.801101 	-4.66122
0.801502 	-4.65701
0.801902 	-4.6528
0.802302 	-4.6486
0.802703 	-4.6444
0.803103 	-4.6402
0.803504 	-4.63601
0.803904 	-4.63183
0.804304 	-4.62765
0.804705 	-4.62348
0.805105 	-4.61931
0.805506 	-4.61514
0.805906 	-4.61099
0.806306 	-4.60683
0.806707 	-4.60268
0.807107 	-4.59854
0.807508 	-4.5944
0.807908 	-4.59026
0.808308 	-4.58613
0.808709 	-4.58201
0.809109 	-4.57789
0.80951 	-4.57377
0.80991 	-4.56966
0.81031 	-4.56555
0.810711 	-4.56145
0.811111 	-4.55735
0.811512 	-4.55326
0.811912 	-4.54918
0.812312 	-4.54509
0.812713 	-4.54102
0.813113 	-4.53694
0.813514 	-4.53288
0.813914 	-4.52881
0.814314 	-4.52475
0.814715 	-4.5207
0.815115 	-4.51665
0.815516 	-4.51261
0.815916 	-4.50857
0.816316 	-4.50453
0.816717 	-4.5005
0.817117 	-4.49648
0.817518 	-4.49246
0.817918 	-4.48844
0.818318 	-4.48443
0.818719 	-4.48042
0.819119 	-4.47642
0.81952 	-4.47242
0.81992 	-4.46843
0.82032 	-4.46444
0.820721 	-4.46046
0.821121 	-4.45648
0.821522 	-4.4525
0.821922 	-4.44853
0.822322 	-4.44457
0.822723 	-4.44061
0.823123 	-4.43665
0.823524 	-4.4327
0.823924 	-4.42875
0.824324 	-4.42481
0.824725 	-4.42087
0.825125 	-4.41694
0.825526 	-4.41301
0.825926 	-4.40909
0.826326 	-4.40517
0.826727 	-4.40125
0.827127 	-4.39734
0.827528 	-4.39344
0.827928 	-4.38954
0.828328 	-4.38564
0.828729 	-4.38175
0.829129 	-4.37786
0.82953 	-4.37398
0.82993 	-4.3701
0.83033 	-4.36622
0.830731 	-4.36235
0.831131 	-4.35849
0.831532 	-4.35463
0.831932 	-4.35077
0.832332 	-4.34692
0.832733 	-4.34307
0.833133 	-4.33923
0.833534 	-4.33539
0.833934 	-4.33156
0.834334 	-4.32773
0.834735 	-4.3239
0.835135 	-4.32008
0.835536 	-4.31627
0.835936 	-4.31245
0.836336 	-4.30865
0.836737 	-4.30484
0.837137 	-4.30104
0.837538 	-4.29725
0.837938 	-4.29346
0.838338 	-4.28967
0.838739 	-4.28589
0.839139 	-4.28212
0.83954 	-4.27834
0.83994 	-4.27458
0.84034 	-4.27081
0.840741 	-4.26705
0.841141 	-4.2633
0.841542 	-4.25955
0.841942 	-4.2558
0.842342 	-4.25206
0.842743 	-4.24832
0.843143 	-4.24459
0.843544 	-4.24086
0.843944 	-4.23713
0.844344 	-4.23341
0.844745 	-4.22969
0.845145 	-4.22598
0.845546 	-4.22227
0.845946 	-4.21857
0.846346 	-4.21487
0.846747 	-4.21118
0.847147 	-4.20749
0.847548 	-4.2038
0.847948 	-4.20012
0.848348 	-4.19644
0.848749 	-4.19276
0.849149 	-4.1891
0.84955 	-4.18543
0.84995 	-4.18177
0.85035 	-4.17811
0.850751 	-4.17446
0.851151 	-4.17081
0.851552 	-4.16717
0.851952 	-4.16353
0.852352 	-4.15989
0.852753 	-4.15626
0.853153 	-4.15263
0.853554 	-4.14901
0.853954 	-4.14539
0.854354 	-4.14177
0.854755 	-4.13816
0.855155 	-4.13456
0.855556 	-4.13095
0.855956 	-4.12736
0.856356 	-4.12376
0.856757 	-4.12017
0.857157 	-4.11659
0.857558 	-4.113
0.857958 	-4.10943
0.858358 	-4.10585
0.858759 	-4.10228
0.859159 	-4.09872
0.85956 	-4.09516
0.85996 	-4.0916
0.86036 	-4.08805
0.860761 	-4.0845
0.861161 	-4.08095
0.861562 	-4.07741
0.861962 	-4.07388
0.862362 	-4.07034
0.862763 	-4.06681
0.863163 	-4.06329
0.863564 	-4.05977
0.863964 	-4.05625
0.864364 	-4.05274
0.864765 	-4.04923
0.865165 	-4.04573
0.865566 	-4.04223
0.865966 	-4.03873
0.866366 	-4.03524
0.866767 	-4.03175
0.867167 	-4.02827
0.867568 	-4.02479
0.867968 	-4.02131
0.868368 	-4.01784
0.868769 	-4.01437
0.869169 	-4.01091
0.86957 	-4.00745
0.86997 	-4.00399
0.87037 	-4.00054
0.870771 	-3.99709
0.871171 	-3.99365
0.871572 	-3.99021
0.871972 	-3.98677
0.872372 	-3.98334
0.872773 	-3.97991
0.873173 	-3.97649
0.873574 	-3.97307
0.873974 	-3.96965
0.874374 	-3.96624
0.874775 	-3.96283
0.875175 	-3.95943
0.875576 	-3.95603
0.875976 	-3.95263
0.876376 	-3.94924
0.876777 	-3.94585
0.877177 	-3.94246
0.877578 	-3.93908
0.877978 	-3.93571
0.878378 	-3.93233
0.878779 	-3.92897
0.879179 	-3.9256
0.87958 	-3.92224
0.87998 	-3.91888
0.88038 	-3.91553
0.880781 	-3.91218
0.881181 	-3.90883
0.881582 	-3.90549
0.881982 	-3.90215
0.882382 	-3.89882
0.882783 	-3.89549
0.883183 	-3.89216
0.883584 	-3.88884
0.883984 	-3.88552
0.884384 	-3.88221
0.884785 	-3.8789
0.885185 	-3.87559
0.885586 	-3.87229
0.885986 	-3.86899
0.886386 	-3.86569
0.886787 	-3.8624
0.887187 	-3.85911
0.887588 	-3.85583
0.887988 	-3.85255
0.888388 	-3.84927
0.888789 	-3.846
0.889189 	-3.84273
0.88959 	-3.83947
0.88999 	-3.83621
0.89039 	-3.83295
0.890791 	-3.8297
0.891191 	-3.82645
0.891592 	-3.8232
0.891992 	-3.81996
0.892392 	-3.81672
0.892793 	-3.81349
0.893193 	-3.81026
0.893594 	-3.80703
0.893994 	-3.80381
0.894394 	-3.80059
0.894795 	-3.79738
0.895195 	-3.79417
0.895596 	-3.79096
0.895996 	-3.78775
0.896396 	-3.78455
0.896797 	-3.78136
0.897197 	-3.77816
0.897598 	-3.77498
0.897998 	-3.77179
0.898398 	-3.76861
0.898799 	-3.76543
0.899199 	-3.76226
0.8996 	-3.75909
0.9 	-3.75592
