# x              	y             
0.7 	-6.73006
0.700801 	-6.71271
0.701602 	-6.69534
0.702402 	-6.67797
0.703203 	-6.6606
0.704004 	-6.64321
0.704805 	-6.62582
0.705606 	-6.60843
0.706406 	-6.59103
0.707207 	-6.57362
0.708008 	-6.55622
0.708809 	-6.5388
0.70961 	-6.52138
0.71041 	-6.50396
0.711211 	-6.48654
0.712012 	-6.46911
0.712813 	-6.45168
0.713614 	-6.43424
0.714414 	-6.4168
0.715215 	-6.39936
0.716016 	-6.38192
0.716817 	-6.36448
0.717618 	-6.34704
0.718418 	-6.32959
0.719219 	-6.31214
0.72002 	-6.29469
0.720821 	-6.27725
0.721622 	-6.2598
0.722422 	-6.24235
0.723223 	-6.2249
0.724024 	-6.20745
0.724825 	-6.19
0.725626 	-6.17256
0.726426 	-6.15511
0.727227 	-6.13767
0.728028 	-6.12023
0.728829 	-6.10278
0.72963 	-6.08535
0.73043 	-6.06791
0.731231 	-6.05048
0.732032 	-6.03304
0.732833 	-6.01562
0.733634 	-5.99819
0.734434 	-5.98077
0.735235 	-5.96335
0.736036 	-5.94594
0.736837 	-5.92853
0.737638 	-5.91112
0.738438 	-5.89372
0.739239 	-5.87632
0.74004 	-5.85893
0.740841 	-5.84154
0.741642 	-5.82416
0.742442 	-5.80678
0.743243 	-5.78941
0.744044 	-5.77204
0.744845 	-5.75468
0.745646 	-5.73733
0.746446 	-5.71998
0.747247 	-5.70264
0.748048 	-5.6853
0.748849 	-5.66798
0.74965 	-5.65066
0.75045 	-5.63334
0.751251 	-5.61604
0.752052 	-5.59874
0.752853 	-5.58145
0.753654 	-5.56417
0.754454 	-5.54689
0.755255 	-5.52963
0.756056 	-5.51237
0.756857 	-5.49512
0.757658 	-5.47788
0.758458 	-5.46065
0.759259 	-5.44343
0.76006 	-5.42621
0.760861 	-5.40901
0.761662 	-5.39181
0.762462 	-5.37463
0.763263 	-5.35746
0.764064 	-5.34029
0.764865 	-5.32314
0.765666 	-5.30599
0.766466 	-5.28886
0.767267 	-5.27174
0.768068 	-5.25462
0.768869 	-5.23752
0.76967 	-5.22043
0.77047 	-5.20335
0.771271 	-5.18629
0.772072 	-5.16923
0.772873 	-5.15218
0.773674 	-5.13515
0.774474 	-5.11813
0.775275 	-5.10112
0.776076 	-5.08412
0.776877 	-5.06714
0.777678 	-5.05017
0.778478 	-5.03321
0.779279 	-5.01626
0.78008 	-4.99932
0.780881 	-4.9824
0.781682 	-4.96549
0.782482 	-4.9486
0.783283 	-4.93172
0.784084 	-4.91485
0.784885 	-4.89799
0.785686 	-4.88115
0.786486 	-4.86432
0.787287 	-4.84751
0.788088 	-4.83071
0.788889 	-4.81392
0.78969 	-4.79715
0.79049 	-4.78039
0.791291 	-4.76364
0.792092 	-4.74691
0.792893 	-4.7302
0.793694 	-4.7135
0.794494 	-4.69681
0.795295 	-4.68014
0.796096 	-4.66349
0.796897 	-4.64685
0.797698 	-4.63022
0.798498 	-4.61361
0.799299 	-4.59701
0.8001 	-4.58043
0.800901 	-4.56387
0.801702 	-4.54732
0.802503 	-4.53079
0.803303 	-4.51427
0.804104 	-4.49777
0.804905 	-4.48128
0.805706 	-4.46481
0.806507 	-4.44836
0.807307 	-4.43192
0.808108 	-4.4155
0.808909 	-4.39909
0.80971 	-4.38271
0.810511 	-4.36633
0.811311 	-4.34998
0.812112 	-4.33364
0.812913 	-4.31732
0.813714 	-4.30101
0.814515 	-4.28472
0.815315 	-4.26845
0.816116 	-4.25219
0.816917 	-4.23596
0.817718 	-4.21974
0.818519 	-4.20353
0.819319 	-4.18735
0.82012 	-4.17118
0.820921 	-4.15502
0.821722 	-4.13889
0.822523 	-4.12277
0.823323 	-4.10667
0.824124 	-4.09059
0.824925 	-4.07453
0.825726 	-4.05848
0.826527 	-4.04245
0.827327 	-4.02644
0.828128 	-4.01045
0.828929 	-3.99447
0.82973 	-3.97851
0.830531 	-3.96258
0.831331 	-3.94665
0.832132 	-3.93075
0.832933 	-3.91487
0.833734 	-3.899
0.834535 	-3.88315
0.835335 	-3.86732
0.836136 	-3.85151
0.836937 	-3.83571
0.837738 	-3.81994
0.838539 	-3.80418
0.839339 	-3.78844
0.84014 	-3.77272
0.840941 	-3.75702
0.841742 	-3.74134
0.842543 	-3.72568
0.843343 	-3.71003
0.844144 	-3.6944
0.844945 	-3.6788
0.845746 	-3.66321
0.846547 	-3.64764
0.847347 	-3.63209
0.848148 	-3.61655
0.848949 	-3.60104
0.84975 	-3.58555
0.850551 	-3.57007
0.851351 	-3.55461
0.852152 	-3.53917
0.852953 	-3.52376
0.853754 	-3.50836
0.854555 	-3.49298
0.855355 	-3.47761
0.856156 	-3.46227
0.856957 	-3.44695
0.857758 	-3.43164
0.858559 	-3.41636
0.859359 	-3.40109
0.86016 	-3.38585
0.860961 	-3.37062
0.861762 	-3.35541
0.862563 	-3.34022
0.863363 	-3.32505
0.864164 	-3.3099
0.864965 	-3.29477
0.865766 	-3.27966
0.866567 	-3.26457
0.867367 	-3.2495
0.868168 	-3.23444
0.868969 	-3.21941
0.86977 	-3.20439
0.870571 	-3.1894
0.871371 	-3.17442
0.872172 	-3.15947
0.872973 	-3.14453
0.873774 	-3.12961
0.874575 	-3.11471
0.875375 	-3.09983
0.876176 	-3.08498
0.876977 	-3.07014
0.877778 	-3.05531
0.878579 	-3.04051
0.879379 	-3.02573
0.88018 	-3.01097
0.880981 	-2.99623
0.881782 	-2.9815
0.882583 	-2.9668
0.883383 	-2.95212
0.884184 	-2.93745
0.884985 	-2.92281
0.885786 	-2.90818
0.886587 	-2.89357
0.887387 	-2.87899
0.888188 	-2.86442
0.888989 	-2.84987
0.88979 	-2.83534
0.890591 	-2.82083
0.891391 	-2.80634
0.892192 	-2.79187
0.892993 	-2.77742
0.893794 	-2.76299
0.894595 	-2.74858
0.895395 	-2.73418
0.896196 	-2.71981
0.896997 	-2.70546
0.897798 	-2.69112
0.898599 	-2.67681
0.899399 	-2.66251
0.9002 	-2.64823
0.901001 	-2.63397
0.901802 	-2.61974
0.902603 	-2.60552
0.903403 	-2.59132
0.904204 	-2.57714
0.905005 	-2.56298
0.905806 	-2.54883
0.906607 	-2.53471
0.907407 	-2.52061
0.908208 	-2.50652
0.909009 	-2.49246
0.90981 	-2.47841
0.910611 	-2.46438
0.911411 	-2.45037
0.912212 	-2.43638
0.913013 	-2.42241
0.913814 	-2.40846
0.914615 	-2.39453
0.915415 	-2.38062
0.916216 	-2.36672
0.917017 	-2.35285
0.917818 	-2.33899
0.918619 	-2.32515
0.919419 	-2.31134
0.92022 	-2.29754
0.921021 	-2.28375
0.921822 	-2.26999
0.922623 	-2.25625
0.923423 	-2.24252
0.924224 	-2.22882
0.925025 	-2.21513
0.925826 	-2.20146
0.926627 	-2.18781
0.927427 	-2.17418
0.928228 	-2.16057
0.929029 	-2.14698
0.92983 	-2.1334
0.930631 	-2.11984
0.931431 	-2.10631
0.932232 	-2.09279
0.933033 	-2.07928
0.933834 	-2.0658
0.934635 	-2.05234
0.935435 	-2.03889
0.936236 	-2.02546
0.937037 	-2.01205
0.937838 	-1.99866
0.938639 	-1.98529
0.939439 	-1.97193
0.94024 	-1.95859
0.941041 	-1.94528
0.941842 	-1.93197
0.942643 	-1.91869
0.943443 	-1.90543
0.944244 	-1.89218
0.945045 	-1.87895
0.945846 	-1.86574
0.946647 	-1.85255
0.947447 	-1.83937
0.948248 	-1.82622
0.949049 	-1.81308
0.94985 	-1.79996
0.950651 	-1.78685
0.951451 	-1.77377
0.952252 	-1.7607
0.953053 	-1.74765
0.953854 	-1.73461
0.954655 	-1.7216
0.955455 	-1.7086
0.956256 	-1.69562
0.957057 	-1.68266
0.957858 	-1.66971
0.958659 	-1.65678
0.959459 	-1.64387
0.96026 	-1.63098
0.961061 	-1.6181
0.961862 	-1.60524
0.962663 	-1.5924
0.963463 	-1.57957
0.964264 	-1.56677
0.965065 	-1.55398
0.965866 	-1.5412
0.966667 	-1.52845
0.967467 	-1.51571
0.968268 	-1.50298
0.969069 	-1.49028
0.96987 	-1.47759
0.970671 	-1.46492
0.971471 	-1.45226
0.972272 	-1.43962
0.973073 	-1.427
0.973874 	-1.41439
0.974675 	-1.40181
0.975475 	-1.38923
0.976276 	-1.37668
0.977077 	-1.36414
0.977878 	-1.35162
0.978679 	-1.33911
0.979479 	-1.32662
0.98028 	-1.31415
0.981081 	-1.30169
0.981882 	-1.28925
0.982683 	-1.27682
0.983483 	-1.26442
0.984284 	-1.25202
0.985085 	-1.23965
0.985886 	-1.22729
0.986687 	-1.21494
0.987487 	-1.20261
0.988288 	-1.1903
0.989089 	-1.17801
0.98989 	-1.16572
0.990691 	-1.15346
0.991491 	-1.14121
0.992292 	-1.12898
0.993093 	-1.11676
0.993894 	-1.10456
0.994695 	-1.09237
0.995495 	-1.0802
0.996296 	-1.06805
0.997097 	-1.05591
0.997898 	-1.04378
0.998699 	-1.03167
0.999499 	-1.01958
1.0003 	-1.0075
1.0011 	-0.995438
1.0019 	-0.98339
1.0027 	-0.971357
1.0035 	-0.95934
1.0043 	-0.947337
1.00511 	-0.93535
1.00591 	-0.923377
1.00671 	-0.91142
1.00751 	-0.899478
1.00831 	-0.88755
1.00911 	-0.875637
1.00991 	-0.863739
1.01071 	-0.851856
1.01151 	-0.839988
1.01231 	-0.828134
1.01311 	-0.816295
1.01391 	-0.804471
1.01471 	-0.792661
1.01552 	-0.780865
1.01632 	-0.769084
1.01712 	-0.757318
1.01792 	-0.745566
1.01872 	-0.733828
1.01952 	-0.722105
1.02032 	-0.710395
1.02112 	-0.6987
1.02192 	-0.68702
1.02272 	-0.675353
1.02352 	-0.6637
1.02432 	-0.652062
1.02513 	-0.640437
1.02593 	-0.628827
1.02673 	-0.61723
1.02753 	-0.605648
1.02833 	-0.594079
1.02913 	-0.582524
1.02993 	-0.570982
1.03073 	-0.559455
1.03153 	-0.547941
1.03233 	-0.536441
1.03313 	-0.524954
1.03393 	-0.513481
1.03473 	-0.502022
1.03554 	-0.490576
1.03634 	-0.479143
1.03714 	-0.467724
1.03794 	-0.456318
1.03874 	-0.444926
1.03954 	-0.433547
1.04034 	-0.422181
1.04114 	-0.410828
1.04194 	-0.399488
1.04274 	-0.388162
1.04354 	-0.376848
1.04434 	-0.365548
1.04515 	-0.354261
1.04595 	-0.342986
1.04675 	-0.331725
1.04755 	-0.320476
1.04835 	-0.309241
1.04915 	-0.298018
1.04995 	-0.286808
1.05075 	-0.27561
1.05155 	-0.264426
1.05235 	-0.253254
1.05315 	-0.242094
1.05395 	-0.230947
1.05475 	-0.219813
1.05556 	-0.208691
1.05636 	-0.197582
1.05716 	-0.186485
1.05796 	-0.175401
1.05876 	-0.164329
1.05956 	-0.153269
1.06036 	-0.142221
1.06116 	-0.131186
1.06196 	-0.120163
1.06276 	-0.109152
1.06356 	-0.0981532
1.06436 	-0.0871665
1.06517 	-0.0761919
1.06597 	-0.0652293
1.06677 	-0.0542787
1.06757 	-0.04334
1.06837 	-0.0324132
1.06917 	-0.0214984
1.06997 	-0.0105954
1.07077 	0.000295852
1.07157 	0.0111753
1.07237 	0.022043
1.07317 	0.032899
1.07397 	0.0437433
1.07477 	0.054576
1.07558 	0.065397
1.07638 	0.0762066
1.07718 	0.0870045
1.07798 	0.097791
1.07878 	0.108566
1.07958 	0.11933
1.08038 	0.130082
1.08118 	0.140823
1.08198 	0.151552
1.08278 	0.16227
1.08358 	0.172977
1.08438 	0.183673
1.08519 	0.194357
1.08599 	0.205031
1.08679 	0.215693
1.08759 	0.226344
1.08839 	0.236984
1.08919 	0.247613
1.08999 	0.258231
1.09079 	0.268838
1.09159 	0.279434
1.09239 	0.290019
1.09319 	0.300593
1.09399 	0.311156
1.09479 	0.321709
1.0956 	0.33225
1.0964 	0.342781
1.0972 	0.353301
1.098 	0.363811
1.0988 	0.37431
1.0996 	0.384798
1.1004 	0.395275
1.1012 	0.405742
1.102 	0.416199
1.1028 	0.426644
1.1036 	0.43708
1.1044 	0.447505
1.10521 	0.457919
1.10601 	0.468323
1.10681 	0.478716
1.10761 	0.4891
1.10841 	0.499472
1.10921 	0.509835
1.11001 	0.520187
1.11081 	0.530529
1.11161 	0.540861
1.11241 	0.551182
1.11321 	0.561494
1.11401 	0.571795
1.11481 	0.582086
1.11562 	0.592367
1.11642 	0.602637
1.11722 	0.612898
1.11802 	0.623149
1.11882 	0.63339
1.11962 	0.64362
1.12042 	0.653841
1.12122 	0.664052
1.12202 	0.674253
1.12282 	0.684444
1.12362 	0.694625
1.12442 	0.704796
1.12523 	0.714958
1.12603 	0.725109
1.12683 	0.735251
1.12763 	0.745383
1.12843 	0.755506
1.12923 	0.765618
1.13003 	0.775721
1.13083 	0.785815
1.13163 	0.795898
1.13243 	0.805972
1.13323 	0.816037
1.13403 	0.826091
1.13483 	0.836137
1.13564 	0.846172
1.13644 	0.856199
1.13724 	0.866215
1.13804 	0.876222
1.13884 	0.88622
1.13964 	0.896208
1.14044 	0.906187
1.14124 	0.916157
1.14204 	0.926117
1.14284 	0.936067
1.14364 	0.946008
1.14444 	0.95594
1.14525 	0.965863
1.14605 	0.975776
1.14685 	0.98568
1.14765 	0.995575
1.14845 	1.00546
1.14925 	1.01534
1.15005 	1.0252
1.15085 	1.03506
1.15165 	1.04491
1.15245 	1.05475
1.15325 	1.06458
1.15405 	1.0744
1.15485 	1.08421
1.15566 	1.09402
1.15646 	1.10381
1.15726 	1.11359
1.15806 	1.12337
1.15886 	1.13314
1.15966 	1.14289
1.16046 	1.15264
1.16126 	1.16238
1.16206 	1.17211
1.16286 	1.18183
1.16366 	1.19155
1.16446 	1.20125
1.16527 	1.21095
1.16607 	1.22063
1.16687 	1.23031
1.16767 	1.23998
1.16847 	1.24963
1.16927 	1.25928
1.17007 	1.26893
1.17087 	1.27856
1.17167 	1.28818
1.17247 	1.2978
1.17327 	1.3074
1.17407 	1.317
1.17487 	1.32659
1.17568 	1.33617
1.17648 	1.34574
1.17728 	1.3553
1.17808 	1.36485
1.17888 	1.3744
1.17968 	1.38393
1.18048 	1.39346
1.18128 	1.40298
1.18208 	1.41249
1.18288 	1.42199
1.18368 	1.43148
1.18448 	1.44096
1.18529 	1.45044
1.18609 	1.4599
1.18689 	1.46936
1.18769 	1.47881
1.18849 	1.48825
1.18929 	1.49768
1.19009 	1.5071
1.19089 	1.51651
1.19169 	1.52592
1.19249 	1.53532
1.19329 	1.5447
1.19409 	1.55408
1.19489 	1.56345
1.1957 	1.57282
1.1965 	1.58217
1.1973 	1.59151
1.1981 	1.60085
1.1989 	1.61018
1.1997 	1.6195
1.2005 	1.62881
1.2013 	1.63811
1.2021 	1.6474
1.2029 	1.65669
1.2037 	1.66596
1.2045 	1.67523
1.20531 	1.68449
1.20611 	1.69374
1.20691 	1.70298
1.20771 	1.71222
1.20851 	1.72144
1.20931 	1.73066
1.21011 	1.73986
1.21091 	1.74906
1.21171 	1.75825
1.21251 	1.76744
1.21331 	1.77661
1.21411 	1.78578
1.21491 	1.79493
1.21572 	1.80408
1.21652 	1.81322
1.21732 	1.82235
1.21812 	1.83147
1.21892 	1.84059
1.21972 	1.84969
1.22052 	1.85879
1.22132 	1.86788
1.22212 	1.87696
1.22292 	1.88603
1.22372 	1.8951
1.22452 	1.90415
1.22533 	1.9132
1.22613 	1.92223
1.22693 	1.93126
1.22773 	1.94028
1.22853 	1.9493
1.22933 	1.9583
1.23013 	1.96729
1.23093 	1.97628
1.23173 	1.98526
1.23253 	1.99423
1.23333 	2.00319
1.23413 	2.01214
1.23493 	2.02109
1.23574 	2.03002
1.23654 	2.03895
1.23734 	2.04787
1.23814 	2.05678
1.23894 	2.06568
1.23974 	2.07457
1.24054 	2.08346
1.24134 	2.09233
1.24214 	2.1012
1.24294 	2.11006
1.24374 	2.11891
1.24454 	2.12775
1.24535 	2.13659
1.24615 	2.14541
1.24695 	2.15423
1.24775 	2.16304
1.24855 	2.17184
1.24935 	2.18063
1.25015 	2.18941
1.25095 	2.19818
1.25175 	2.20695
1.25255 	2.21571
1.25335 	2.22446
1.25415 	2.2332
1.25495 	2.24193
1.25576 	2.25065
1.25656 	2.25936
1.25736 	2.26807
1.25816 	2.27677
1.25896 	2.28546
1.25976 	2.29414
1.26056 	2.30281
1.26136 	2.31147
1.26216 	2.32012
1.26296 	2.32877
1.26376 	2.33741
1.26456 	2.34604
1.26537 	2.35466
1.26617 	2.36327
1.26697 	2.37187
1.26777 	2.38047
1.26857 	2.38905
1.26937 	2.39763
1.27017 	2.4062
1.27097 	2.41476
1.27177 	2.42331
1.27257 	2.43185
1.27337 	2.44039
1.27417 	2.44891
1.27497 	2.45743
1.27578 	2.46594
1.27658 	2.47444
1.27738 	2.48293
1.27818 	2.49141
1.27898 	2.49989
1.27978 	2.50835
1.28058 	2.51681
1.28138 	2.52526
1.28218 	2.5337
1.28298 	2.54213
1.28378 	2.55055
1.28458 	2.55897
1.28539 	2.56737
1.28619 	2.57577
1.28699 	2.58416
1.28779 	2.59254
1.28859 	2.60091
1.28939 	2.60927
1.29019 	2.61763
1.29099 	2.62597
1.29179 	2.63431
1.29259 	2.64264
1.29339 	2.65096
1.29419 	2.65927
1.29499 	2.66757
1.2958 	2.67586
1.2966 	2.68415
1.2974 	2.69242
1.2982 	2.70069
1.299 	2.70895
1.2998 	2.7172
1.3006 	2.72544
1.3014 	2.73368
1.3022 	2.7419
1.303 	2.75012
1.3038 	2.75833
1.3046 	2.76652
1.30541 	2.77472
1.30621 	2.7829
1.30701 	2.79107
1.30781 	2.79923
1.30861 	2.80739
1.30941 	2.81554
1.31021 	2.82368
1.31101 	2.83181
1.31181 	2.83993
1.31261 	2.84804
1.31341 	2.85615
1.31421 	2.86424
1.31502 	2.87233
1.31582 	2.88041
1.31662 	2.88848
1.31742 	2.89654
1.31822 	2.90459
1.31902 	2.91264
1.31982 	2.92067
1.32062 	2.9287
1.32142 	2.93672
1.32222 	2.94473
1.32302 	2.95273
1.32382 	2.96072
1.32462 	2.96871
1.32543 	2.97668
1.32623 	2.98465
1.32703 	2.99261
1.32783 	3.00056
1.32863 	3.0085
1.32943 	3.01644
1.33023 	3.02436
1.33103 	3.03228
1.33183 	3.04019
1.33263 	3.04809
1.33343 	3.05598
1.33423 	3.06386
1.33504 	3.07173
1.33584 	3.0796
1.33664 	3.08746
1.33744 	3.09531
1.33824 	3.10315
1.33904 	3.11098
1.33984 	3.11881
1.34064 	3.12662
1.34144 	3.13443
1.34224 	3.14223
1.34304 	3.15002
1.34384 	3.1578
1.34464 	3.16558
1.34545 	3.17334
1.34625 	3.1811
1.34705 	3.18885
1.34785 	3.19659
1.34865 	3.20433
1.34945 	3.21205
1.35025 	3.21977
1.35105 	3.22748
1.35185 	3.23518
1.35265 	3.24287
1.35345 	3.25055
1.35425 	3.25823
1.35506 	3.2659
1.35586 	3.27356
1.35666 	3.28121
1.35746 	3.28885
1.35826 	3.29649
1.35906 	3.30412
1.35986 	3.31174
1.36066 	3.31935
1.36146 	3.32695
1.36226 	3.33455
1.36306 	3.34214
1.36386 	3.34972
1.36466 	3.35729
1.36547 	3.36486
1.36627 	3.37241
1.36707 	3.37996
1.36787 	3.3875
1.36867 	3.39504
1.36947 	3.40256
1.37027 	3.41008
1.37107 	3.41759
1.37187 	3.4251
1.37267 	3.43259
1.37347 	3.44008
1.37427 	3.44756
1.37508 	3.45503
1.37588 	3.4625
1.37668 	3.46996
1.37748 	3.47741
1.37828 	3.48485
1.37908 	3.49229
1.37988 	3.49972
1.38068 	3.50714
1.38148 	3.51455
1.38228 	3.52196
1.38308 	3.52936
1.38388 	3.53675
1.38468 	3.54414
1.38549 	3.55152
1.38629 	3.55889
1.38709 	3.56625
1.38789 	3.57361
1.38869 	3.58096
1.38949 	3.58831
1.39029 	3.59564
1.39109 	3.60297
1.39189 	3.6103
1.39269 	3.61761
1.39349 	3.62492
1.39429 	3.63223
1.3951 	3.63952
1.3959 	3.64681
1.3967 	3.6541
1.3975 	3.66137
1.3983 	3.66864
1.3991 	3.67591
1.3999 	3.68317
1.4007 	3.69042
1.4015 	3.69766
1.4023 	3.7049
1.4031 	3.71214
1.4039 	3.71936
1.4047 	3.72659
1.40551 	3.7338
1.40631 	3.74101
1.40711 	3.74821
1.40791 	3.75541
1.40871 	3.7626
1.40951 	3.76979
1.41031 	3.77697
1.41111 	3.78414
1.41191 	3.79131
1.41271 	3.79848
1.41351 	3.80564
1.41431 	3.81279
1.41512 	3.81994
1.41592 	3.82708
1.41672 	3.83422
1.41752 	3.84135
1.41832 	3.84848
1.41912 	3.8556
1.41992 	3.86271
1.42072 	3.86983
1.42152 	3.87693
1.42232 	3.88404
1.42312 	3.89114
1.42392 	3.89823
1.42472 	3.90532
1.42553 	3.9124
1.42633 	3.91948
1.42713 	3.92656
1.42793 	3.93363
1.42873 	3.9407
1.42953 	3.94776
1.43033 	3.95482
1.43113 	3.96188
1.43193 	3.96893
1.43273 	3.97598
1.43353 	3.98302
1.43433 	3.99006
1.43514 	3.9971
1.43594 	4.00413
1.43674 	4.01116
1.43754 	4.01819
1.43834 	4.02521
1.43914 	4.03223
1.43994 	4.03925
1.44074 	4.04627
1.44154 	4.05328
1.44234 	4.06029
1.44314 	4.06729
1.44394 	4.0743
1.44474 	4.0813
1.44555 	4.0883
1.44635 	4.09529
1.44715 	4.10229
1.44795 	4.10928
1.44875 	4.11627
1.44955 	4.12326
1.45035 	4.13025
1.45115 	4.13723
1.45195 	4.14422
1.45275 	4.1512
1.45355 	4.15818
1.45435 	4.16516
1.45516 	4.17213
1.45596 	4.17911
1.45676 	4.18609
1.45756 	4.19306
1.45836 	4.20004
1.45916 	4.20701
1.45996 	4.21398
1.46076 	4.22095
1.46156 	4.22793
1.46236 	4.2349
1.46316 	4.24187
1.46396 	4.24884
1.46476 	4.25582
1.46557 	4.26279
1.46637 	4.26976
1.46717 	4.27673
1.46797 	4.28371
1.46877 	4.29068
1.46957 	4.29766
1.47037 	4.30463
1.47117 	4.31161
1.47197 	4.31859
1.47277 	4.32557
1.47357 	4.33255
1.47437 	4.33954
1.47518 	4.34652
1.47598 	4.35351
1.47678 	4.3605
1.47758 	4.36749
1.47838 	4.37449
1.47918 	4.38148
1.47998 	4.38848
1.48078 	4.39548
1.48158 	4.40249
1.48238 	4.4095
1.48318 	4.41651
1.48398 	4.42352
1.48478 	4.43054
1.48559 	4.43756
1.48639 	4.44459
1.48719 	4.45162
1.48799 	4.45865
1.48879 	4.46569
1.48959 	4.47273
1.49039 	4.47978
1.49119 	4.48683
1.49199 	4.49388
1.49279 	4.50095
1.49359 	4.50801
1.49439 	4.51509
1.4952 	4.52216
1.496 	4.52925
1.4968 	4.53634
1.4976 	4.54343
1.4984 	4.55053
1.4992 	4.55764
1.5 	4.56476
