# x              	y             
0.7 	0.761523
0.700801 	0.755864
0.701602 	0.750175
0.702402 	0.744456
0.703203 	0.738707
0.704004 	0.732929
0.704805 	0.727121
0.705606 	0.721285
0.706406 	0.71542
0.707207 	0.709527
0.708008 	0.703607
0.708809 	0.697659
0.70961 	0.691683
0.71041 	0.685681
0.711211 	0.679653
0.712012 	0.673598
0.712813 	0.667517
0.713614 	0.661411
0.714414 	0.655279
0.715215 	0.649123
0.716016 	0.642942
0.716817 	0.636736
0.717618 	0.630507
0.718418 	0.624253
0.719219 	0.617976
0.72002 	0.611676
0.720821 	0.605354
0.721622 	0.599008
0.722422 	0.59264
0.723223 	0.586251
0.724024 	0.579839
0.724825 	0.573406
0.725626 	0.566952
0.726426 	0.560477
0.727227 	0.553982
0.728028 	0.547466
0.728829 	0.54093
0.72963 	0.534374
0.73043 	0.527799
0.731231 	0.521204
0.732032 	0.514591
0.732833 	0.507959
0.733634 	0.501308
0.734434 	0.494639
0.735235 	0.487952
0.736036 	0.481247
0.736837 	0.474525
0.737638 	0.467786
0.738438 	0.46103
0.739239 	0.454257
0.74004 	0.447468
0.740841 	0.440663
0.741642 	0.433841
0.742442 	0.427004
0.743243 	0.420152
0.744044 	0.413284
0.744845 	0.406401
0.745646 	0.399503
0.746446 	0.392591
0.747247 	0.385665
0.748048 	0.378724
0.748849 	0.37177
0.74965 	0.364802
0.75045 	0.357821
0.751251 	0.350826
0.752052 	0.343819
0.752853 	0.336799
0.753654 	0.329766
0.754454 	0.322721
0.755255 	0.315664
0.756056 	0.308595
0.756857 	0.301514
0.757658 	0.294422
0.758458 	0.287319
0.759259 	0.280204
0.76006 	0.273079
0.760861 	0.265943
0.761662 	0.258797
0.762462 	0.25164
0.763263 	0.244473
0.764064 	0.237297
0.764865 	0.230111
0.765666 	0.222915
0.766466 	0.21571
0.767267 	0.208496
0.768068 	0.201274
0.768869 	0.194042
0.76967 	0.186802
0.77047 	0.179554
0.771271 	0.172297
0.772072 	0.165032
0.772873 	0.15776
0.773674 	0.15048
0.774474 	0.143193
0.775275 	0.135898
0.776076 	0.128596
0.776877 	0.121288
0.777678 	0.113972
0.778478 	0.10665
0.779279 	0.0993219
0.78008 	0.0919872
0.780881 	0.0846464
0.781682 	0.0772997
0.782482 	0.0699472
0.783283 	0.0625892
0.784084 	0.0552256
0.784885 	0.0478568
0.785686 	0.0404829
0.786486 	0.033104
0.787287 	0.0257202
0.788088 	0.0183318
0.788889 	0.0109389
0.78969 	0.00354154
0.79049 	-0.00386001
0.791291 	-0.0112656
0.792092 	-0.0186752
0.792893 	-0.0260886
0.793694 	-0.0335056
0.794494 	-0.0409261
0.795295 	-0.04835
0.796096 	-0.0557772
0.796897 	-0.0632074
0.797698 	-0.0706406
0.798498 	-0.0780766
0.799299 	-0.0855153
0.8001 	-0.0929566
0.800901 	-0.1004
0.801702 	-0.107846
0.802503 	-0.115294
0.803303 	-0.122745
0.804104 	-0.130197
0.804905 	-0.137651
0.805706 	-0.145106
0.806507 	-0.152564
0.807307 	-0.160022
0.808108 	-0.167482
0.808909 	-0.174943
0.80971 	-0.182405
0.810511 	-0.189868
0.811311 	-0.197332
0.812112 	-0.204797
0.812913 	-0.212262
0.813714 	-0.219728
0.814515 	-0.227195
0.815315 	-0.234661
0.816116 	-0.242128
0.816917 	-0.249595
0.817718 	-0.257061
0.818519 	-0.264528
0.819319 	-0.271994
0.82012 	-0.27946
0.820921 	-0.286926
0.821722 	-0.294391
0.822523 	-0.301855
0.823323 	-0.309319
0.824124 	-0.316782
0.824925 	-0.324244
0.825726 	-0.331705
0.826527 	-0.339165
0.827327 	-0.346623
0.828128 	-0.35408
0.828929 	-0.361536
0.82973 	-0.368991
0.830531 	-0.376444
0.831331 	-0.383895
0.832132 	-0.391344
0.832933 	-0.398792
0.833734 	-0.406237
0.834535 	-0.413681
0.835335 	-0.421123
0.836136 	-0.428562
0.836937 	-0.435999
0.837738 	-0.443434
0.838539 	-0.450867
0.839339 	-0.458297
0.84014 	-0.465724
0.840941 	-0.473149
0.841742 	-0.480571
0.842543 	-0.48799
0.843343 	-0.495407
0.844144 	-0.502821
0.844945 	-0.510231
0.845746 	-0.517639
0.846547 	-0.525043
0.847347 	-0.532444
0.848148 	-0.539842
0.848949 	-0.547237
0.84975 	-0.554628
0.850551 	-0.562016
0.851351 	-0.5694
0.852152 	-0.576781
0.852953 	-0.584158
0.853754 	-0.591531
0.854555 	-0.598901
0.855355 	-0.606266
0.856156 	-0.613628
0.856957 	-0.620986
0.857758 	-0.62834
0.858559 	-0.63569
0.859359 	-0.643035
0.86016 	-0.650377
0.860961 	-0.657714
0.861762 	-0.665047
0.862563 	-0.672376
0.863363 	-0.6797
0.864164 	-0.68702
0.864965 	-0.694336
0.865766 	-0.701647
0.866567 	-0.708953
0.867367 	-0.716255
0.868168 	-0.723552
0.868969 	-0.730844
0.86977 	-0.738132
0.870571 	-0.745414
0.871371 	-0.752692
0.872172 	-0.759965
0.872973 	-0.767233
0.873774 	-0.774497
0.874575 	-0.781755
0.875375 	-0.789008
0.876176 	-0.796256
0.876977 	-0.803499
0.877778 	-0.810736
0.878579 	-0.817969
0.879379 	-0.825196
0.88018 	-0.832418
0.880981 	-0.839635
0.881782 	-0.846846
0.882583 	-0.854052
0.883383 	-0.861253
0.884184 	-0.868448
0.884985 	-0.875637
0.885786 	-0.882821
0.886587 	-0.89
0.887387 	-0.897173
0.888188 	-0.90434
0.888989 	-0.911502
0.88979 	-0.918658
0.890591 	-0.925809
0.891391 	-0.932954
0.892192 	-0.940093
0.892993 	-0.947226
0.893794 	-0.954353
0.894595 	-0.961475
0.895395 	-0.968591
0.896196 	-0.975701
0.896997 	-0.982805
0.897798 	-0.989903
0.898599 	-0.996996
0.899399 	-1.00408
0.9002 	-1.01116
0.901001 	-1.01824
0.901802 	-1.02531
0.902603 	-1.03237
0.903403 	-1.03942
0.904204 	-1.04647
0.905005 	-1.05352
0.905806 	-1.06056
0.906607 	-1.06759
0.907407 	-1.07461
0.908208 	-1.08163
0.909009 	-1.08865
0.90981 	-1.09566
0.910611 	-1.10266
0.911411 	-1.10965
0.912212 	-1.11664
0.913013 	-1.12362
0.913814 	-1.1306
0.914615 	-1.13757
0.915415 	-1.14454
0.916216 	-1.15149
0.917017 	-1.15844
0.917818 	-1.16539
0.918619 	-1.17233
0.919419 	-1.17926
0.92022 	-1.18619
0.921021 	-1.19311
0.921822 	-1.20002
0.922623 	-1.20693
0.923423 	-1.21383
0.924224 	-1.22073
0.925025 	-1.22761
0.925826 	-1.2345
0.926627 	-1.24137
0.927427 	-1.24824
0.928228 	-1.25511
0.929029 	-1.26196
0.92983 	-1.26881
0.930631 	-1.27566
0.931431 	-1.28249
0.932232 	-1.28933
0.933033 	-1.29615
0.933834 	-1.30297
0.934635 	-1.30978
0.935435 	-1.31659
0.936236 	-1.32339
0.937037 	-1.33018
0.937838 	-1.33697
0.938639 	-1.34375
0.939439 	-1.35052
0.94024 	-1.35729
0.941041 	-1.36405
0.941842 	-1.37081
0.942643 	-1.37756
0.943443 	-1.3843
0.944244 	-1.39103
0.945045 	-1.39776
0.945846 	-1.40449
0.946647 	-1.41121
0.947447 	-1.41792
0.948248 	-1.42462
0.949049 	-1.43132
0.94985 	-1.43801
0.950651 	-1.4447
0.951451 	-1.45138
0.952252 	-1.45805
0.953053 	-1.46472
0.953854 	-1.47138
0.954655 	-1.47803
0.955455 	-1.48468
0.956256 	-1.49132
0.957057 	-1.49796
0.957858 	-1.50459
0.958659 	-1.51121
0.959459 	-1.51783
0.96026 	-1.52444
0.961061 	-1.53104
0.961862 	-1.53764
0.962663 	-1.54423
0.963463 	-1.55082
0.964264 	-1.5574
0.965065 	-1.56397
0.965866 	-1.57054
0.966667 	-1.5771
0.967467 	-1.58366
0.968268 	-1.59021
0.969069 	-1.59675
0.96987 	-1.60329
0.970671 	-1.60982
0.971471 	-1.61634
0.972272 	-1.62286
0.973073 	-1.62938
0.973874 	-1.63588
0.974675 	-1.64238
0.975475 	-1.64888
0.976276 	-1.65537
0.977077 	-1.66185
0.977878 	-1.66833
0.978679 	-1.6748
0.979479 	-1.68127
0.98028 	-1.68773
0.981081 	-1.69418
0.981882 	-1.70063
0.982683 	-1.70707
0.983483 	-1.71351
0.984284 	-1.71994
0.985085 	-1.72636
0.985886 	-1.73278
0.986687 	-1.7392
0.987487 	-1.7456
0.988288 	-1.752
0.989089 	-1.7584
0.98989 	-1.76479
0.990691 	-1.77118
0.991491 	-1.77756
0.992292 	-1.78393
0.993093 	-1.7903
0.993894 	-1.79666
0.994695 	-1.80302
0.995495 	-1.80937
0.996296 	-1.81571
0.997097 	-1.82205
0.997898 	-1.82839
0.998699 	-1.83472
0.999499 	-1.84104
1.0003 	-1.84736
1.0011 	-1.85367
1.0019 	-1.85998
1.0027 	-1.86628
1.0035 	-1.87257
1.0043 	-1.87887
1.00511 	-1.88515
1.00591 	-1.89143
1.00671 	-1.89771
1.00751 	-1.90398
1.00831 	-1.91024
1.00911 	-1.9165
1.00991 	-1.92275
1.01071 	-1.929
1.01151 	-1.93525
1.01231 	-1.94148
1.01311 	-1.94772
1.01391 	-1.95395
1.01471 	-1.96017
1.01552 	-1.96639
1.01632 	-1.9726
1.01712 	-1.97881
1.01792 	-1.98501
1.01872 	-1.99121
1.01952 	-1.9974
1.02032 	-2.00359
1.02112 	-2.00977
1.02192 	-2.01595
1.02272 	-2.02212
1.02352 	-2.02829
1.02432 	-2.03445
1.02513 	-2.04061
1.02593 	-2.04676
1.02673 	-2.05291
1.02753 	-2.05905
1.02833 	-2.06519
1.02913 	-2.07133
1.02993 	-2.07745
1.03073 	-2.08358
1.03153 	-2.0897
1.03233 	-2.09581
1.03313 	-2.10192
1.03393 	-2.10803
1.03473 	-2.11413
1.03554 	-2.12023
1.03634 	-2.12632
1.03714 	-2.13241
1.03794 	-2.13849
1.03874 	-2.14457
1.03954 	-2.15064
1.04034 	-2.15671
1.04114 	-2.16278
1.04194 	-2.16884
1.04274 	-2.17489
1.04354 	-2.18094
1.04434 	-2.18699
1.04515 	-2.19303
1.04595 	-2.19907
1.04675 	-2.2051
1.04755 	-2.21113
1.04835 	-2.21716
1.04915 	-2.22318
1.04995 	-2.2292
1.05075 	-2.23521
1.05155 	-2.24122
1.05235 	-2.24722
1.05315 	-2.25322
1.05395 	-2.25922
1.05475 	-2.26521
1.05556 	-2.2712
1.05636 	-2.27718
1.05716 	-2.28316
1.05796 	-2.28913
1.05876 	-2.2951
1.05956 	-2.30107
1.06036 	-2.30703
1.06116 	-2.31299
1.06196 	-2.31895
1.06276 	-2.3249
1.06356 	-2.33085
1.06436 	-2.33679
1.06517 	-2.34273
1.06597 	-2.34866
1.06677 	-2.35459
1.06757 	-2.36052
1.06837 	-2.36645
1.06917 	-2.37237
1.06997 	-2.37828
1.07077 	-2.38419
1.07157 	-2.3901
1.07237 	-2.39601
1.07317 	-2.40191
1.07397 	-2.4078
1.07477 	-2.4137
1.07558 	-2.41959
1.07638 	-2.42547
1.07718 	-2.43136
1.07798 	-2.43723
1.07878 	-2.44311
1.07958 	-2.44898
1.08038 	-2.45485
1.08118 	-2.46071
1.08198 	-2.46657
1.08278 	-2.47243
1.08358 	-2.47829
1.08438 	-2.48414
1.08519 	-2.48998
1.08599 	-2.49583
1.08679 	-2.50167
1.08759 	-2.5075
1.08839 	-2.51333
1.08919 	-2.51916
1.08999 	-2.52499
1.09079 	-2.53081
1.09159 	-2.53663
1.09239 	-2.54245
1.09319 	-2.54826
1.09399 	-2.55407
1.09479 	-2.55987
1.0956 	-2.56568
1.0964 	-2.57148
1.0972 	-2.57727
1.098 	-2.58306
1.0988 	-2.58885
1.0996 	-2.59464
1.1004 	-2.60042
1.1012 	-2.6062
1.102 	-2.61198
1.1028 	-2.61775
1.1036 	-2.62352
1.1044 	-2.62929
1.10521 	-2.63505
1.10601 	-2.64081
1.10681 	-2.64657
1.10761 	-2.65232
1.10841 	-2.65807
1.10921 	-2.66382
1.11001 	-2.66957
1.11081 	-2.67531
1.11161 	-2.68105
1.11241 	-2.68678
1.11321 	-2.69252
1.11401 	-2.69825
1.11481 	-2.70397
1.11562 	-2.7097
1.11642 	-2.71542
1.11722 	-2.72113
1.11802 	-2.72685
1.11882 	-2.73256
1.11962 	-2.73827
1.12042 	-2.74397
1.12122 	-2.74968
1.12202 	-2.75538
1.12282 	-2.76107
1.12362 	-2.76677
1.12442 	-2.77246
1.12523 	-2.77815
1.12603 	-2.78383
1.12683 	-2.78951
1.12763 	-2.79519
1.12843 	-2.80087
1.12923 	-2.80654
1.13003 	-2.81221
1.13083 	-2.81788
1.13163 	-2.82355
1.13243 	-2.82921
1.13323 	-2.83487
1.13403 	-2.84053
1.13483 	-2.84618
1.13564 	-2.85183
1.13644 	-2.85748
1.13724 	-2.86312
1.13804 	-2.86877
1.13884 	-2.87441
1.13964 	-2.88004
1.14044 	-2.88568
1.14124 	-2.89131
1.14204 	-2.89694
1.14284 	-2.90256
1.14364 	-2.90819
1.14444 	-2.91381
1.14525 	-2.91942
1.14605 	-2.92504
1.14685 	-2.93065
1.14765 	-2.93626
1.14845 	-2.94187
1.14925 	-2.94747
1.15005 	-2.95307
1.15085 	-2.95867
1.15165 	-2.96427
1.15245 	-2.96986
1.15325 	-2.97545
1.15405 	-2.98104
1.15485 	-2.98662
1.15566 	-2.9922
1.15646 	-2.99778
1.15726 	-3.00336
1.15806 	-3.00893
1.15886 	-3.01451
1.15966 	-3.02007
1.16046 	-3.02564
1.16126 	-3.0312
1.16206 	-3.03676
1.16286 	-3.04232
1.16366 	-3.04788
1.16446 	-3.05343
1.16527 	-3.05898
1.16607 	-3.06453
1.16687 	-3.07007
1.16767 	-3.07561
1.16847 	-3.08115
1.16927 	-3.08669
1.17007 	-3.09222
1.17087 	-3.09775
1.17167 	-3.10328
1.17247 	-3.10881
1.17327 	-3.11433
1.17407 	-3.11985
1.17487 	-3.12537
1.17568 	-3.13088
1.17648 	-3.13639
1.17728 	-3.1419
1.17808 	-3.14741
1.17888 	-3.15291
1.17968 	-3.15842
1.18048 	-3.16391
1.18128 	-3.16941
1.18208 	-3.1749
1.18288 	-3.18039
1.18368 	-3.18588
1.18448 	-3.19137
1.18529 	-3.19685
1.18609 	-3.20233
1.18689 	-3.20781
1.18769 	-3.21328
1.18849 	-3.21875
1.18929 	-3.22422
1.19009 	-3.22969
1.19089 	-3.23515
1.19169 	-3.24061
1.19249 	-3.24607
1.19329 	-3.25152
1.19409 	-3.25698
1.19489 	-3.26242
1.1957 	-3.26787
1.1965 	-3.27331
1.1973 	-3.27876
1.1981 	-3.28419
1.1989 	-3.28963
1.1997 	-3.29506
1.2005 	-3.30049
1.2013 	-3.30592
1.2021 	-3.31134
1.2029 	-3.31677
1.2037 	-3.32218
1.2045 	-3.3276
1.20531 	-3.33301
1.20611 	-3.33842
1.20691 	-3.34383
1.20771 	-3.34923
1.20851 	-3.35464
1.20931 	-3.36003
1.21011 	-3.36543
1.21091 	-3.37082
1.21171 	-3.37621
1.21251 	-3.3816
1.21331 	-3.38698
1.21411 	-3.39237
1.21491 	-3.39774
1.21572 	-3.40312
1.21652 	-3.40849
1.21732 	-3.41386
1.21812 	-3.41923
1.21892 	-3.42459
1.21972 	-3.42995
1.22052 	-3.43531
1.22132 	-3.44066
1.22212 	-3.44602
1.22292 	-3.45137
1.22372 	-3.45671
1.22452 	-3.46205
1.22533 	-3.46739
1.22613 	-3.47273
1.22693 	-3.47806
1.22773 	-3.48339
1.22853 	-3.48872
1.22933 	-3.49405
1.23013 	-3.49937
1.23093 	-3.50469
1.23173 	-3.51
1.23253 	-3.51531
1.23333 	-3.52062
1.23413 	-3.52593
1.23493 	-3.53123
1.23574 	-3.53653
1.23654 	-3.54183
1.23734 	-3.54712
1.23814 	-3.55241
1.23894 	-3.55769
1.23974 	-3.56298
1.24054 	-3.56826
1.24134 	-3.57354
1.24214 	-3.57881
1.24294 	-3.58408
1.24374 	-3.58935
1.24454 	-3.59461
1.24535 	-3.59987
1.24615 	-3.60513
1.24695 	-3.61039
1.24775 	-3.61564
1.24855 	-3.62088
1.24935 	-3.62613
1.25015 	-3.63137
1.25095 	-3.63661
1.25175 	-3.64184
1.25255 	-3.64707
1.25335 	-3.6523
1.25415 	-3.65753
1.25495 	-3.66275
1.25576 	-3.66796
1.25656 	-3.67318
1.25736 	-3.67839
1.25816 	-3.6836
1.25896 	-3.6888
1.25976 	-3.694
1.26056 	-3.6992
1.26136 	-3.70439
1.26216 	-3.70958
1.26296 	-3.71477
1.26376 	-3.71995
1.26456 	-3.72513
1.26537 	-3.73031
1.26617 	-3.73548
1.26697 	-3.74065
1.26777 	-3.74581
1.26857 	-3.75097
1.26937 	-3.75613
1.27017 	-3.76129
1.27097 	-3.76644
1.27177 	-3.77159
1.27257 	-3.77673
1.27337 	-3.78187
1.27417 	-3.78701
1.27497 	-3.79214
1.27578 	-3.79727
1.27658 	-3.8024
1.27738 	-3.80752
1.27818 	-3.81264
1.27898 	-3.81775
1.27978 	-3.82286
1.28058 	-3.82797
1.28138 	-3.83307
1.28218 	-3.83817
1.28298 	-3.84327
1.28378 	-3.84836
1.28458 	-3.85345
1.28539 	-3.85853
1.28619 	-3.86361
1.28699 	-3.86869
1.28779 	-3.87376
1.28859 	-3.87883
1.28939 	-3.8839
1.29019 	-3.88896
1.29099 	-3.89402
1.29179 	-3.89907
1.29259 	-3.90413
1.29339 	-3.90917
1.29419 	-3.91421
1.29499 	-3.91925
1.2958 	-3.92429
1.2966 	-3.92932
1.2974 	-3.93435
1.2982 	-3.93937
1.299 	-3.94439
1.2998 	-3.94941
1.3006 	-3.95442
1.3014 	-3.95942
1.3022 	-3.96443
1.303 	-3.96943
1.3038 	-3.97442
1.3046 	-3.97942
1.30541 	-3.9844
1.30621 	-3.98939
1.30701 	-3.99437
1.30781 	-3.99934
1.30861 	-4.00432
1.30941 	-4.00928
1.31021 	-4.01425
1.31101 	-4.01921
1.31181 	-4.02417
1.31261 	-4.02912
1.31341 	-4.03407
1.31421 	-4.03901
1.31502 	-4.04395
1.31582 	-4.04889
1.31662 	-4.05382
1.31742 	-4.05875
1.31822 	-4.06367
1.31902 	-4.06859
1.31982 	-4.07351
1.32062 	-4.07842
1.32142 	-4.08333
1.32222 	-4.08823
1.32302 	-4.09313
1.32382 	-4.09803
1.32462 	-4.10292
1.32543 	-4.1078
1.32623 	-4.11269
1.32703 	-4.11757
1.32783 	-4.12244
1.32863 	-4.12731
1.32943 	-4.13218
1.33023 	-4.13705
1.33103 	-4.1419
1.33183 	-4.14676
1.33263 	-4.15161
1.33343 	-4.15646
1.33423 	-4.1613
1.33504 	-4.16614
1.33584 	-4.17098
1.33664 	-4.17581
1.33744 	-4.18063
1.33824 	-4.18546
1.33904 	-4.19028
1.33984 	-4.19509
1.34064 	-4.1999
1.34144 	-4.20471
1.34224 	-4.20951
1.34304 	-4.21431
1.34384 	-4.2191
1.34464 	-4.22389
1.34545 	-4.22868
1.34625 	-4.23346
1.34705 	-4.23824
1.34785 	-4.24302
1.34865 	-4.24779
1.34945 	-4.25256
1.35025 	-4.25732
1.35105 	-4.26208
1.35185 	-4.26683
1.35265 	-4.27158
1.35345 	-4.27633
1.35425 	-4.28107
1.35506 	-4.28581
1.35586 	-4.29055
1.35666 	-4.29528
1.35746 	-4.30001
1.35826 	-4.30473
1.35906 	-4.30945
1.35986 	-4.31417
1.36066 	-4.31888
1.36146 	-4.32359
1.36226 	-4.3283
1.36306 	-4.333
1.36386 	-4.33769
1.36466 	-4.34239
1.36547 	-4.34708
1.36627 	-4.35176
1.36707 	-4.35645
1.36787 	-4.36112
1.36867 	-4.3658
1.36947 	-4.37047
1.37027 	-4.37514
1.37107 	-4.3798
1.37187 	-4.38446
1.37267 	-4.38912
1.37347 	-4.39377
1.37427 	-4.39842
1.37508 	-4.40307
1.37588 	-4.40771
1.37668 	-4.41235
1.37748 	-4.41699
1.37828 	-4.42162
1.37908 	-4.42625
1.37988 	-4.43088
1.38068 	-4.4355
1.38148 	-4.44012
1.38228 	-4.44473
1.38308 	-4.44935
1.38388 	-4.45396
1.38468 	-4.45856
1.38549 	-4.46317
1.38629 	-4.46777
1.38709 	-4.47236
1.38789 	-4.47696
1.38869 	-4.48155
1.38949 	-4.48613
1.39029 	-4.49072
1.39109 	-4.4953
1.39189 	-4.49988
1.39269 	-4.50445
1.39349 	-4.50903
1.39429 	-4.5136
1.3951 	-4.51816
1.3959 	-4.52273
1.3967 	-4.52729
1.3975 	-4.53185
1.3983 	-4.5364
1.3991 	-4.54096
1.3999 	-4.54551
1.4007 	-4.55005
1.4015 	-4.5546
1.4023 	-4.55914
1.4031 	-4.56368
1.4039 	-4.56822
1.4047 	-4.57276
1.40551 	-4.57729
1.40631 	-4.58182
1.40711 	-4.58635
1.40791 	-4.59088
1.40871 	-4.5954
1.40951 	-4.59993
1.41031 	-4.60445
1.41111 	-4.60897
1.41191 	-4.61348
1.41271 	-4.618
1.41351 	-4.62251
1.41431 	-4.62702
1.41512 	-4.63153
1.41592 	-4.63604
1.41672 	-4.64054
1.41752 	-4.64505
1.41832 	-4.64955
1.41912 	-4.65405
1.41992 	-4.65855
1.42072 	-4.66305
1.42152 	-4.66755
1.42232 	-4.67204
1.42312 	-4.67654
1.42392 	-4.68103
1.42472 	-4.68553
1.42553 	-4.69002
1.42633 	-4.69451
1.42713 	-4.699
1.42793 	-4.70349
1.42873 	-4.70797
1.42953 	-4.71246
1.43033 	-4.71695
1.43113 	-4.72143
1.43193 	-4.72592
1.43273 	-4.7304
1.43353 	-4.73489
1.43433 	-4.73937
1.43514 	-4.74386
1.43594 	-4.74834
1.43674 	-4.75282
1.43754 	-4.75731
1.43834 	-4.76179
1.43914 	-4.76628
1.43994 	-4.77076
1.44074 	-4.77524
1.44154 	-4.77973
1.44234 	-4.78421
1.44314 	-4.7887
1.44394 	-4.79319
1.44474 	-4.79767
1.44555 	-4.80216
1.44635 	-4.80665
1.44715 	-4.81114
1.44795 	-4.81563
1.44875 	-4.82012
1.44955 	-4.82462
1.45035 	-4.82911
1.45115 	-4.8336
1.45195 	-4.8381
1.45275 	-4.8426
1.45355 	-4.8471
1.45435 	-4.8516
1.45516 	-4.85611
1.45596 	-4.86061
1.45676 	-4.86512
1.45756 	-4.86963
1.45836 	-4.87414
1.45916 	-4.87866
1.45996 	-4.88317
1.46076 	-4.88769
1.46156 	-4.89221
1.46236 	-4.89674
1.46316 	-4.90126
1.46396 	-4.90579
1.46476 	-4.91033
1.46557 	-4.91486
1.46637 	-4.9194
1.46717 	-4.92395
1.46797 	-4.92849
1.46877 	-4.93304
1.46957 	-4.9376
1.47037 	-4.94215
1.47117 	-4.94672
1.47197 	-4.95128
1.47277 	-4.95585
1.47357 	-4.96042
1.47437 	-4.965
1.47518 	-4.96958
1.47598 	-4.97417
1.47678 	-4.97876
1.47758 	-4.98336
1.47838 	-4.98796
1.47918 	-4.99257
1.47998 	-4.99718
1.48078 	-5.0018
1.48158 	-5.00642
1.48238 	-5.01105
1.48318 	-5.01569
1.48398 	-5.02033
1.48478 	-5.02497
1.48559 	-5.02963
1.48639 	-5.03429
1.48719 	-5.03895
1.48799 	-5.04362
1.48879 	-5.0483
1.48959 	-5.05299
1.49039 	-5.05768
1.49119 	-5.06238
1.49199 	-5.06709
1.49279 	-5.0718
1.49359 	-5.07653
1.49439 	-5.08126
1.4952 	-5.086
1.496 	-5.09074
1.4968 	-5.0955
1.4976 	-5.10026
1.4984 	-5.10503
1.4992 	-5.10981
1.5 	-5.1146
