#kT				rhoV			rhoL			muCoex				freeEnergy		
4.00000000e-01 	2.74604981e-06 	9.12040963e-01 	-1.28054422e+01 	-2.74591928e-06 	
4.10000000e-01 	4.10746587e-06 	9.06985134e-01 	-1.24028426e+01 	-4.10718186e-06 	
4.20000000e-01 	6.01335805e-06 	9.01960195e-01 	-1.20217242e+01 	-6.01276570e-06 	
4.30000000e-01 	8.63023385e-06 	8.96964186e-01 	-1.16605142e+01 	-8.62904593e-06 	
4.40000000e-01 	1.21593851e-05 	8.91995243e-01 	-1.13177871e+01 	-1.21570879e-05 	
4.50000000e-01 	1.68402653e-05 	8.87051595e-01 	-1.09922478e+01 	-1.68359706e-05 	
4.60000000e-01 	2.29535093e-05 	8.82131548e-01 	-1.06827177e+01 	-2.29457287e-05 	
4.70000000e-01 	3.08235059e-05 	8.77233486e-01 	-1.03881212e+01 	-3.08098174e-05 	
4.80000000e-01 	4.08204509e-05 	8.72355859e-01 	-1.01074754e+01 	-4.07970184e-05 	
4.90000000e-01 	5.33618315e-05 	8.67497179e-01 	-9.83988033e+00 	-5.33227308e-05 	
5.00000000e-01 	6.89133105e-05 	8.62656017e-01 	-9.58451004e+00 	-6.88496063e-05 	
5.10000000e-01 	8.79890069e-05 	8.57830994e-01 	-9.34060560e+00 	-8.78875152e-05 	
5.20000000e-01 	1.11151181e-04 	8.53020781e-01 	-9.10746833e+00 	-1.10992845e-04 	
5.30000000e-01 	1.39009359e-04 	8.48224092e-01 	-8.88445399e+00 	-1.38767159e-04 	
5.40000000e-01 	1.72218946e-04 	8.43439684e-01 	-8.67096762e+00 	-1.71855252e-04 	
5.50000000e-01 	2.11479378e-04 	8.38666348e-01 	-8.46645897e+00 	-2.10942661e-04 	
5.60000000e-01 	2.57531888e-04 	8.33902912e-01 	-8.27041839e+00 	-2.56752691e-04 	
5.70000000e-01 	3.11156956e-04 	8.29148236e-01 	-8.08237315e+00 	-3.10043031e-04 	
5.80000000e-01 	3.73171513e-04 	8.24401206e-01 	-7.90188425e+00 	-3.71602030e-04 	
5.90000000e-01 	4.44428379e-04 	8.19660091e-01 	-7.72853810e+00 	-4.42247095e-04 	
6.00000000e-01 	5.25801277e-04 	8.14925769e-01 	-7.56197052e+00 	-5.22808722e-04 	
6.10000000e-01 	6.18205586e-04 	8.10195261e-01 	-7.40181120e+00 	-6.14149826e-04 	
6.20000000e-01 	7.22571471e-04 	8.05468195e-01 	-7.24773474e+00 	-7.17137860e-04 	
6.30000000e-01 	8.39852826e-04 	8.00743569e-01 	-7.09943211e+00 	-8.32652324e-04 	
6.40000000e-01 	9.71022058e-04 	7.96020399e-01 	-6.95661430e+00 	-9.61578205e-04 	
6.50000000e-01 	1.11706745e-03 	7.91297714e-01 	-6.81901064e+00 	-1.10480193e-03 	
6.60000000e-01 	1.27899067e-03 	7.86574555e-01 	-6.68636750e+00 	-1.26320744e-03 	
6.70000000e-01 	1.45780459e-03 	7.81849975e-01 	-6.55844687e+00 	-1.43767252e-03 	
6.80000000e-01 	1.65453128e-03 	7.77123036e-01 	-6.43502526e+00 	-1.62906534e-03 	
6.90000000e-01 	1.87020026e-03 	7.72392807e-01 	-6.31589261e+00 	-1.83824120e-03 	
7.00000000e-01 	2.10584712e-03 	7.67658363e-01 	-6.20085126e+00 	-2.06603966e-03 	
7.10000000e-01 	2.36251231e-03 	7.62918784e-01 	-6.08971512e+00 	-2.31328181e-03 	
7.20000000e-01 	2.64124016e-03 	7.58173152e-01 	-5.98230881e+00 	-2.58076788e-03 	
7.30000000e-01 	2.94307827e-03 	7.53420549e-01 	-5.87846692e+00 	-2.86927508e-03 	
7.40000000e-01 	3.26907724e-03 	7.48660057e-01 	-5.77803331e+00 	-3.17955586e-03 	
7.50000000e-01 	3.62029027e-03 	7.43890757e-01 	-5.68086049e+00 	-3.51233613e-03 	
7.60000000e-01 	3.99777356e-03 	7.39111725e-01 	-5.58680905e+00 	-3.86831411e-03 	
7.70000000e-01 	4.40258642e-03 	7.34322031e-01 	-5.49574709e+00 	-4.24815905e-03 	
7.80000000e-01 	4.83579205e-03 	7.29520738e-01 	-5.40754973e+00 	-4.65251049e-03 	
7.90000000e-01 	5.29845814e-03 	7.24706900e-01 	-5.32209870e+00 	-5.08197745e-03 	
8.00000000e-01 	5.79165806e-03 	7.19879560e-01 	-5.23928188e+00 	-5.53713808e-03 	
8.10000000e-01 	6.31647199e-03 	7.15037748e-01 	-5.15899289e+00 	-6.01853929e-03 	
8.20000000e-01 	6.87398840e-03 	7.10180480e-01 	-5.08113079e+00 	-6.52669665e-03 	
8.30000000e-01 	7.46530553e-03 	7.05306752e-01 	-5.00559971e+00 	-7.06209426e-03 	
8.40000000e-01 	8.09153364e-03 	7.00415545e-01 	-4.93230852e+00 	-7.62518529e-03 	
8.50000000e-01 	8.75379649e-03 	6.95505816e-01 	-4.86117060e+00 	-8.21639173e-03 	
8.60000000e-01 	9.45323400e-03 	6.90576500e-01 	-4.79210353e+00 	-8.83610515e-03 	
8.70000000e-01 	1.01910046e-02 	6.85626503e-01 	-4.72502886e+00 	-9.48468704e-03 	
8.80000000e-01 	1.09682878e-02 	6.80654704e-01 	-4.65987185e+00 	-1.01624694e-02 	
8.90000000e-01 	1.17862872e-02 	6.75659951e-01 	-4.59656131e+00 	-1.08697551e-02 	
9.00000000e-01 	1.26462338e-02 	6.70641055e-01 	-4.53502933e+00 	-1.16068192e-02 	
9.10000000e-01 	1.35493893e-02 	6.65596789e-01 	-4.47521117e+00 	-1.23739090e-02 	
9.20000000e-01 	1.44970492e-02 	6.60525886e-01 	-4.41704503e+00 	-1.31712450e-02 	
9.30000000e-01 	1.54905482e-02 	6.55427031e-01 	-4.36047189e+00 	-1.39990221e-02 	
9.40000000e-01 	1.65312632e-02 	6.50298860e-01 	-4.30543539e+00 	-1.48574100e-02 	
9.50000000e-01 	1.76206186e-02 	6.45139957e-01 	-4.25188166e+00 	-1.57465541e-02 	
9.60000000e-01 	1.87600919e-02 	6.39948842e-01 	-4.19975918e+00 	-1.66665765e-02 	
9.70000000e-01 	1.99512182e-02 	6.34723975e-01 	-4.14901870e+00 	-1.76175768e-02 	
9.80000000e-01 	2.11955974e-02 	6.29463743e-01 	-4.09961306e+00 	-1.85996331e-02 	
9.90000000e-01 	2.24949003e-02 	6.24166456e-01 	-4.05149713e+00 	-1.96128026e-02 	
1.00000000e+00 	2.38508763e-02 	6.18830342e-01 	-4.00462769e+00 	-2.06571227e-02 	
1.01000000e+00 	2.52653613e-02 	6.13453534e-01 	-3.95896330e+00 	-2.17326120e-02 	
1.02000000e+00 	2.67402866e-02 	6.08034067e-01 	-3.91446429e+00 	-2.28392705e-02 	
1.03000000e+00 	2.82776899e-02 	6.02569864e-01 	-3.87109257e+00 	-2.39770814e-02 	
1.04000000e+00 	2.98797245e-02 	5.97058727e-01 	-3.82881163e+00 	-2.51460108e-02 	
1.05000000e+00 	3.15486736e-02 	5.91498325e-01 	-3.78758645e+00 	-2.63460097e-02 	
1.06000000e+00 	3.32869632e-02 	5.85886180e-01 	-3.74738337e+00 	-2.75770140e-02 	
1.07000000e+00 	3.50971773e-02 	5.80219650e-01 	-3.70817011e+00 	-2.88389450e-02 	
1.08000000e+00 	3.69820771e-02 	5.74495915e-01 	-3.66991563e+00 	-3.01317113e-02 	
1.09000000e+00 	3.89446189e-02 	5.68711955e-01 	-3.63259012e+00 	-3.14552082e-02 	
1.10000000e+00 	4.09879790e-02 	5.62864527e-01 	-3.59616493e+00 	-3.28093194e-02 	
1.11000000e+00 	4.31155785e-02 	5.56950141e-01 	-3.56061248e+00 	-3.41939173e-02 	
1.12000000e+00 	4.53311127e-02 	5.50965028e-01 	-3.52590628e+00 	-3.56088632e-02 	
1.13000000e+00 	4.76385874e-02 	5.44905108e-01 	-3.49202081e+00 	-3.70540089e-02 	
1.14000000e+00 	5.00423571e-02 	5.38765948e-01 	-3.45893152e+00 	-3.85291964e-02 	
1.15000000e+00 	5.25471738e-02 	5.32542718e-01 	-3.42661478e+00 	-4.00342594e-02 	
1.16000000e+00 	5.51582391e-02 	5.26230132e-01 	-3.39504782e+00 	-4.15690223e-02 	
1.17000000e+00 	5.78812726e-02 	5.19822389e-01 	-3.36420870e+00 	-4.31333029e-02 	
1.18000000e+00 	6.07225860e-02 	5.13313090e-01 	-3.33407630e+00 	-4.47269111e-02 	
1.19000000e+00 	6.36891776e-02 	5.06695151e-01 	-3.30463023e+00 	-4.63496506e-02 	
1.20000000e+00 	6.67888422e-02 	4.99960687e-01 	-3.27585085e+00 	-4.80013183e-02 	
1.21000000e+00 	7.00303076e-02 	4.93100880e-01 	-3.24771923e+00 	-4.96817054e-02 	
1.22000000e+00 	7.34234026e-02 	4.86105812e-01 	-3.22021707e+00 	-5.13905984e-02 	
1.23000000e+00 	7.69792616e-02 	4.78964254e-01 	-3.19332674e+00 	-5.31277781e-02 	
1.24000000e+00 	8.07105859e-02 	4.71663412e-01 	-3.16703121e+00 	-5.48930212e-02 	
1.25000000e+00 	8.46319736e-02 	4.64188593e-01 	-3.14131405e+00 	-5.66861001e-02 	
1.26000000e+00 	8.87605536e-02 	4.56522108e-01 	-3.11615836e+00 	-5.85068650e-02 	
1.27000000e+00 	9.31157100e-02 	4.48645423e-01 	-3.09155088e+00 	-6.03549176e-02 	
1.28000000e+00 	9.77208293e-02 	4.40535013e-01 	-3.06747664e+00 	-6.22300221e-02 	
1.29000000e+00 	1.02604385e-01 	4.32161418e-01 	-3.04391945e+00 	-6.41320986e-02 	
1.30000000e+00 	1.07800195e-01 	4.23491173e-01 	-3.02086642e+00 	-6.60608231e-02 	
1.31000000e+00 	1.13350285e-01 	4.14482156e-01 	-2.99830416e+00 	-6.80159506e-02 	
1.32000000e+00 	1.19307576e-01 	4.05081347e-01 	-2.97621973e+00 	-6.99972334e-02 	
1.33000000e+00 	1.25740321e-01 	3.95220396e-01 	-2.95460059e+00 	-7.20044228e-02 	
1.34000000e+00 	1.32739159e-01 	3.84808564e-01 	-2.93343464e+00 	-7.40372682e-02 	
1.35000000e+00 	1.40429019e-01 	3.73720827e-01 	-2.91271012e+00 	-7.60955183e-02 	
1.36000000e+00 	1.48990632e-01 	3.61776351e-01 	-2.89241570e+00 	-7.81789201e-02 	
1.37000000e+00 	1.58703365e-01 	3.48695673e-01 	-2.87254037e+00 	-8.02872204e-02 	
1.38000000e+00 	1.70042737e-01 	3.34003176e-01 	-2.85307349e+00 	-8.24201653e-02 	
1.39000000e+00 	1.83954157e-01 	3.16753352e-01 	-2.83400474e+00 	-8.45775002e-02 	
1.40000000e+00 	2.02989289e-01 	2.94394437e-01 	-2.81532412e+00 	-8.67589705e-02 	
1.40500000e+00 	2.17441407e-01 	2.78285882e-01 	-2.80612632e+00 	-8.78586769e-02 	
1.40750000e+00 	2.28926553e-01 	2.65973874e-01 	-2.80156253e+00 	-8.84107589e-02 	
1.40875000e+00 	2.40050771e-01 	2.54436563e-01 	-2.79928935e+00 	-8.86873554e-02 	
1.40890625e+00 	2.43305686e-01 	2.51130029e-01 	-2.79900561e+00 	-8.87219560e-02 	
1.40894531e+00 	2.44722108e-01 	2.49700702e-01 	-2.79893469e+00 	-8.87306070e-02 	
1.40896484e+00 	2.45926654e-01 	2.48489707e-01 	-2.79889923e+00 	-8.87349327e-02 	
1.40896729e+00 	2.46171907e-01 	2.48243642e-01 	-2.79889479e+00 	-8.87354734e-02 	
