# x              	y             
0.5 	-11.2882
0.5004 	-11.2752
0.500801 	-11.2621
0.501201 	-11.2491
0.501602 	-11.2361
0.502002 	-11.2231
0.502402 	-11.2102
0.502803 	-11.1972
0.503203 	-11.1843
0.503604 	-11.1714
0.504004 	-11.1586
0.504404 	-11.1457
0.504805 	-11.1329
0.505205 	-11.1201
0.505606 	-11.1073
0.506006 	-11.0945
0.506406 	-11.0818
0.506807 	-11.0691
0.507207 	-11.0564
0.507608 	-11.0437
0.508008 	-11.0311
0.508408 	-11.0184
0.508809 	-11.0058
0.509209 	-10.9932
0.50961 	-10.9807
0.51001 	-10.9681
0.51041 	-10.9556
0.510811 	-10.9431
0.511211 	-10.9306
0.511612 	-10.9181
0.512012 	-10.9057
0.512412 	-10.8932
0.512813 	-10.8808
0.513213 	-10.8684
0.513614 	-10.8561
0.514014 	-10.8437
0.514414 	-10.8314
0.514815 	-10.8191
0.515215 	-10.8068
0.515616 	-10.7946
0.516016 	-10.7823
0.516416 	-10.7701
0.516817 	-10.7579
0.517217 	-10.7457
0.517618 	-10.7336
0.518018 	-10.7214
0.518418 	-10.7093
0.518819 	-10.6972
0.519219 	-10.6851
0.51962 	-10.673
0.52002 	-10.661
0.52042 	-10.649
0.520821 	-10.637
0.521221 	-10.625
0.521622 	-10.613
0.522022 	-10.6011
0.522422 	-10.5892
0.522823 	-10.5773
0.523223 	-10.5654
0.523624 	-10.5535
0.524024 	-10.5416
0.524424 	-10.5298
0.524825 	-10.518
0.525225 	-10.5062
0.525626 	-10.4944
0.526026 	-10.4827
0.526426 	-10.471
0.526827 	-10.4593
0.527227 	-10.4476
0.527628 	-10.4359
0.528028 	-10.4242
0.528428 	-10.4126
0.528829 	-10.401
0.529229 	-10.3894
0.52963 	-10.3778
0.53003 	-10.3662
0.53043 	-10.3547
0.530831 	-10.3431
0.531231 	-10.3316
0.531632 	-10.3202
0.532032 	-10.3087
0.532432 	-10.2972
0.532833 	-10.2858
0.533233 	-10.2744
0.533634 	-10.263
0.534034 	-10.2516
0.534434 	-10.2402
0.534835 	-10.2289
0.535235 	-10.2176
0.535636 	-10.2063
0.536036 	-10.195
0.536436 	-10.1837
0.536837 	-10.1725
0.537237 	-10.1612
0.537638 	-10.15
0.538038 	-10.1388
0.538438 	-10.1276
0.538839 	-10.1165
0.539239 	-10.1053
0.53964 	-10.0942
0.54004 	-10.0831
0.54044 	-10.072
0.540841 	-10.0609
0.541241 	-10.0499
0.541642 	-10.0388
0.542042 	-10.0278
0.542442 	-10.0168
0.542843 	-10.0058
0.543243 	-9.99484
0.543644 	-9.98389
0.544044 	-9.97295
0.544444 	-9.96203
0.544845 	-9.95113
0.545245 	-9.94025
0.545646 	-9.92938
0.546046 	-9.91854
0.546446 	-9.9077
0.546847 	-9.89689
0.547247 	-9.88609
0.547648 	-9.87531
0.548048 	-9.86455
0.548448 	-9.8538
0.548849 	-9.84307
0.549249 	-9.83235
0.54965 	-9.82166
0.55005 	-9.81098
0.55045 	-9.80031
0.550851 	-9.78967
0.551251 	-9.77904
0.551652 	-9.76842
0.552052 	-9.75783
0.552452 	-9.74725
0.552853 	-9.73668
0.553253 	-9.72614
0.553654 	-9.7156
0.554054 	-9.70509
0.554454 	-9.69459
0.554855 	-9.68411
0.555255 	-9.67364
0.555656 	-9.66319
0.556056 	-9.65276
0.556456 	-9.64234
0.556857 	-9.63194
0.557257 	-9.62156
0.557658 	-9.61119
0.558058 	-9.60084
0.558458 	-9.5905
0.558859 	-9.58018
0.559259 	-9.56987
0.55966 	-9.55958
0.56006 	-9.54931
0.56046 	-9.53905
0.560861 	-9.52881
0.561261 	-9.51859
0.561662 	-9.50838
0.562062 	-9.49818
0.562462 	-9.488
0.562863 	-9.47784
0.563263 	-9.46769
0.563664 	-9.45756
0.564064 	-9.44744
0.564464 	-9.43734
0.564865 	-9.42726
0.565265 	-9.41719
0.565666 	-9.40713
0.566066 	-9.39709
0.566466 	-9.38707
0.566867 	-9.37706
0.567267 	-9.36707
0.567668 	-9.35709
0.568068 	-9.34712
0.568468 	-9.33718
0.568869 	-9.32724
0.569269 	-9.31733
0.56967 	-9.30742
0.57007 	-9.29753
0.57047 	-9.28766
0.570871 	-9.2778
0.571271 	-9.26796
0.571672 	-9.25813
0.572072 	-9.24832
0.572472 	-9.23852
0.572873 	-9.22874
0.573273 	-9.21897
0.573674 	-9.20922
0.574074 	-9.19948
0.574474 	-9.18975
0.574875 	-9.18004
0.575275 	-9.17035
0.575676 	-9.16067
0.576076 	-9.151
0.576476 	-9.14135
0.576877 	-9.13171
0.577277 	-9.12209
0.577678 	-9.11248
0.578078 	-9.10289
0.578478 	-9.09331
0.578879 	-9.08374
0.579279 	-9.07419
0.57968 	-9.06466
0.58008 	-9.05513
0.58048 	-9.04563
0.580881 	-9.03613
0.581281 	-9.02665
0.581682 	-9.01719
0.582082 	-9.00774
0.582482 	-8.9983
0.582883 	-8.98888
0.583283 	-8.97947
0.583684 	-8.97007
0.584084 	-8.96069
0.584484 	-8.95132
0.584885 	-8.94197
0.585285 	-8.93263
0.585686 	-8.9233
0.586086 	-8.91399
0.586486 	-8.90469
0.586887 	-8.89541
0.587287 	-8.88614
0.587688 	-8.87688
0.588088 	-8.86764
0.588488 	-8.85841
0.588889 	-8.84919
0.589289 	-8.83999
0.58969 	-8.8308
0.59009 	-8.82162
0.59049 	-8.81246
0.590891 	-8.80331
0.591291 	-8.79418
0.591692 	-8.78506
0.592092 	-8.77595
0.592492 	-8.76686
0.592893 	-8.75777
0.593293 	-8.74871
0.593694 	-8.73965
0.594094 	-8.73061
0.594494 	-8.72158
0.594895 	-8.71256
0.595295 	-8.70356
0.595696 	-8.69457
0.596096 	-8.6856
0.596496 	-8.67664
0.596897 	-8.66769
0.597297 	-8.65875
0.597698 	-8.64983
0.598098 	-8.64091
0.598498 	-8.63202
0.598899 	-8.62313
0.599299 	-8.61426
0.5997 	-8.6054
0.6001 	-8.59655
0.600501 	-8.58772
0.600901 	-8.5789
0.601301 	-8.57009
0.601702 	-8.5613
0.602102 	-8.55252
0.602503 	-8.54375
0.602903 	-8.53499
0.603303 	-8.52624
0.603704 	-8.51751
0.604104 	-8.50879
0.604505 	-8.50009
0.604905 	-8.49139
0.605305 	-8.48271
0.605706 	-8.47404
0.606106 	-8.46539
0.606507 	-8.45674
0.606907 	-8.44811
0.607307 	-8.43949
0.607708 	-8.43088
0.608108 	-8.42229
0.608509 	-8.41371
0.608909 	-8.40514
0.609309 	-8.39658
0.60971 	-8.38803
0.61011 	-8.3795
0.610511 	-8.37098
0.610911 	-8.36247
0.611311 	-8.35397
0.611712 	-8.34549
0.612112 	-8.33702
0.612513 	-8.32855
0.612913 	-8.32011
0.613313 	-8.31167
0.613714 	-8.30324
0.614114 	-8.29483
0.614515 	-8.28643
0.614915 	-8.27804
0.615315 	-8.26967
0.615716 	-8.2613
0.616116 	-8.25295
0.616517 	-8.24461
0.616917 	-8.23628
0.617317 	-8.22796
0.617718 	-8.21965
0.618118 	-8.21136
0.618519 	-8.20308
0.618919 	-8.1948
0.619319 	-8.18655
0.61972 	-8.1783
0.62012 	-8.17006
0.620521 	-8.16184
0.620921 	-8.15362
0.621321 	-8.14542
0.621722 	-8.13723
0.622122 	-8.12906
0.622523 	-8.12089
0.622923 	-8.11273
0.623323 	-8.10459
0.623724 	-8.09646
0.624124 	-8.08834
0.624525 	-8.08023
0.624925 	-8.07213
0.625325 	-8.06404
0.625726 	-8.05596
0.626126 	-8.0479
0.626527 	-8.03985
0.626927 	-8.0318
0.627327 	-8.02377
0.627728 	-8.01575
0.628128 	-8.00775
0.628529 	-7.99975
0.628929 	-7.99176
0.629329 	-7.98379
0.62973 	-7.97582
0.63013 	-7.96787
0.630531 	-7.95993
0.630931 	-7.952
0.631331 	-7.94408
0.631732 	-7.93617
0.632132 	-7.92827
0.632533 	-7.92038
0.632933 	-7.91251
0.633333 	-7.90464
0.633734 	-7.89679
0.634134 	-7.88894
0.634535 	-7.88111
0.634935 	-7.87329
0.635335 	-7.86548
0.635736 	-7.85768
0.636136 	-7.84989
0.636537 	-7.84211
0.636937 	-7.83434
0.637337 	-7.82658
0.637738 	-7.81883
0.638138 	-7.8111
0.638539 	-7.80337
0.638939 	-7.79566
0.639339 	-7.78795
0.63974 	-7.78026
0.64014 	-7.77258
0.640541 	-7.7649
0.640941 	-7.75724
0.641341 	-7.74959
0.641742 	-7.74195
0.642142 	-7.73431
0.642543 	-7.72669
0.642943 	-7.71908
0.643343 	-7.71148
0.643744 	-7.70389
0.644144 	-7.69631
0.644545 	-7.68875
0.644945 	-7.68119
0.645345 	-7.67364
0.645746 	-7.6661
0.646146 	-7.65857
0.646547 	-7.65105
0.646947 	-7.64355
0.647347 	-7.63605
0.647748 	-7.62856
0.648148 	-7.62109
0.648549 	-7.61362
0.648949 	-7.60616
0.649349 	-7.59871
0.64975 	-7.59128
0.65015 	-7.58385
0.650551 	-7.57643
0.650951 	-7.56903
0.651351 	-7.56163
0.651752 	-7.55424
0.652152 	-7.54687
0.652553 	-7.5395
0.652953 	-7.53214
0.653353 	-7.5248
0.653754 	-7.51746
0.654154 	-7.51013
0.654555 	-7.50282
0.654955 	-7.49551
0.655355 	-7.48821
0.655756 	-7.48092
0.656156 	-7.47364
0.656557 	-7.46638
0.656957 	-7.45912
0.657357 	-7.45187
0.657758 	-7.44463
0.658158 	-7.4374
0.658559 	-7.43018
0.658959 	-7.42297
0.659359 	-7.41577
0.65976 	-7.40858
0.66016 	-7.40139
0.660561 	-7.39422
0.660961 	-7.38706
0.661361 	-7.37991
0.661762 	-7.37276
0.662162 	-7.36563
0.662563 	-7.3585
0.662963 	-7.35139
0.663363 	-7.34428
0.663764 	-7.33719
0.664164 	-7.3301
0.664565 	-7.32302
0.664965 	-7.31596
0.665365 	-7.3089
0.665766 	-7.30185
0.666166 	-7.29481
0.666567 	-7.28778
0.666967 	-7.28076
0.667367 	-7.27374
0.667768 	-7.26674
0.668168 	-7.25975
0.668569 	-7.25276
0.668969 	-7.24579
0.669369 	-7.23882
0.66977 	-7.23186
0.67017 	-7.22492
0.670571 	-7.21798
0.670971 	-7.21105
0.671371 	-7.20413
0.671772 	-7.19722
0.672172 	-7.19031
0.672573 	-7.18342
0.672973 	-7.17654
0.673373 	-7.16966
0.673774 	-7.1628
0.674174 	-7.15594
0.674575 	-7.14909
0.674975 	-7.14225
0.675375 	-7.13542
0.675776 	-7.1286
0.676176 	-7.12179
0.676577 	-7.11498
0.676977 	-7.10819
0.677377 	-7.1014
0.677778 	-7.09463
0.678178 	-7.08786
0.678579 	-7.0811
0.678979 	-7.07435
0.679379 	-7.06761
0.67978 	-7.06088
0.68018 	-7.05415
0.680581 	-7.04744
0.680981 	-7.04073
0.681381 	-7.03403
0.681782 	-7.02734
0.682182 	-7.02066
0.682583 	-7.01399
0.682983 	-7.00733
0.683383 	-7.00067
0.683784 	-6.99402
0.684184 	-6.98739
0.684585 	-6.98076
0.684985 	-6.97414
0.685385 	-6.96753
0.685786 	-6.96092
0.686186 	-6.95433
0.686587 	-6.94774
0.686987 	-6.94116
0.687387 	-6.93459
0.687788 	-6.92803
0.688188 	-6.92148
0.688589 	-6.91494
0.688989 	-6.9084
0.689389 	-6.90188
0.68979 	-6.89536
0.69019 	-6.88885
0.690591 	-6.88234
0.690991 	-6.87585
0.691391 	-6.86937
0.691792 	-6.86289
0.692192 	-6.85642
0.692593 	-6.84996
0.692993 	-6.84351
0.693393 	-6.83706
0.693794 	-6.83063
0.694194 	-6.8242
0.694595 	-6.81778
0.694995 	-6.81137
0.695395 	-6.80497
0.695796 	-6.79857
0.696196 	-6.79219
0.696597 	-6.78581
0.696997 	-6.77944
0.697397 	-6.77307
0.697798 	-6.76672
0.698198 	-6.76037
0.698599 	-6.75404
0.698999 	-6.74771
0.699399 	-6.74139
0.6998 	-6.73507
0.7002 	-6.72877
0.700601 	-6.72247
0.701001 	-6.71618
0.701401 	-6.7099
0.701802 	-6.70362
0.702202 	-6.69736
0.702603 	-6.6911
0.703003 	-6.68485
0.703403 	-6.67861
0.703804 	-6.67237
0.704204 	-6.66615
0.704605 	-6.65993
0.705005 	-6.65372
0.705405 	-6.64752
0.705806 	-6.64132
0.706206 	-6.63513
0.706607 	-6.62895
0.707007 	-6.62278
0.707407 	-6.61662
0.707808 	-6.61046
0.708208 	-6.60431
0.708609 	-6.59817
0.709009 	-6.59204
0.709409 	-6.58592
0.70981 	-6.5798
0.71021 	-6.57369
0.710611 	-6.56759
0.711011 	-6.56149
0.711411 	-6.55541
0.711812 	-6.54933
0.712212 	-6.54326
0.712613 	-6.53719
0.713013 	-6.53114
0.713413 	-6.52509
0.713814 	-6.51905
0.714214 	-6.51301
0.714615 	-6.50699
0.715015 	-6.50097
0.715415 	-6.49496
0.715816 	-6.48895
0.716216 	-6.48296
0.716617 	-6.47697
0.717017 	-6.47099
0.717417 	-6.46501
0.717818 	-6.45905
0.718218 	-6.45309
0.718619 	-6.44714
0.719019 	-6.44119
0.719419 	-6.43526
0.71982 	-6.42933
0.72022 	-6.42341
0.720621 	-6.41749
0.721021 	-6.41159
0.721421 	-6.40569
0.721822 	-6.39979
0.722222 	-6.39391
0.722623 	-6.38803
0.723023 	-6.38216
0.723423 	-6.3763
0.723824 	-6.37044
0.724224 	-6.36459
0.724625 	-6.35875
0.725025 	-6.35292
0.725425 	-6.34709
0.725826 	-6.34127
0.726226 	-6.33546
0.726627 	-6.32965
0.727027 	-6.32385
0.727427 	-6.31806
0.727828 	-6.31228
0.728228 	-6.3065
0.728629 	-6.30073
0.729029 	-6.29497
0.729429 	-6.28921
0.72983 	-6.28347
0.73023 	-6.27773
0.730631 	-6.27199
0.731031 	-6.26626
0.731431 	-6.26054
0.731832 	-6.25483
0.732232 	-6.24912
0.732633 	-6.24342
0.733033 	-6.23773
0.733433 	-6.23205
0.733834 	-6.22637
0.734234 	-6.2207
0.734635 	-6.21503
0.735035 	-6.20938
0.735435 	-6.20373
0.735836 	-6.19808
0.736236 	-6.19245
0.736637 	-6.18682
0.737037 	-6.18119
0.737437 	-6.17558
0.737838 	-6.16997
0.738238 	-6.16437
0.738639 	-6.15877
0.739039 	-6.15318
0.739439 	-6.1476
0.73984 	-6.14203
0.74024 	-6.13646
0.740641 	-6.1309
0.741041 	-6.12534
0.741441 	-6.11979
0.741842 	-6.11425
0.742242 	-6.10872
0.742643 	-6.10319
0.743043 	-6.09767
0.743443 	-6.09215
0.743844 	-6.08665
0.744244 	-6.08115
0.744645 	-6.07565
0.745045 	-6.07016
0.745445 	-6.06468
0.745846 	-6.05921
0.746246 	-6.05374
0.746647 	-6.04828
0.747047 	-6.04283
0.747447 	-6.03738
0.747848 	-6.03194
0.748248 	-6.0265
0.748649 	-6.02108
0.749049 	-6.01565
0.749449 	-6.01024
0.74985 	-6.00483
0.75025 	-5.99943
0.750651 	-5.99403
0.751051 	-5.98864
0.751451 	-5.98326
0.751852 	-5.97789
0.752252 	-5.97252
0.752653 	-5.96715
0.753053 	-5.9618
0.753453 	-5.95645
0.753854 	-5.9511
0.754254 	-5.94577
0.754655 	-5.94044
0.755055 	-5.93511
0.755455 	-5.9298
0.755856 	-5.92448
0.756256 	-5.91918
0.756657 	-5.91388
0.757057 	-5.90859
0.757457 	-5.9033
0.757858 	-5.89802
0.758258 	-5.89275
0.758659 	-5.88748
0.759059 	-5.88222
0.759459 	-5.87697
0.75986 	-5.87172
0.76026 	-5.86648
0.760661 	-5.86124
0.761061 	-5.85601
0.761461 	-5.85079
0.761862 	-5.84557
0.762262 	-5.84036
0.762663 	-5.83516
0.763063 	-5.82996
0.763463 	-5.82477
0.763864 	-5.81958
0.764264 	-5.8144
0.764665 	-5.80923
0.765065 	-5.80406
0.765465 	-5.7989
0.765866 	-5.79374
0.766266 	-5.7886
0.766667 	-5.78345
0.767067 	-5.77832
0.767467 	-5.77319
0.767868 	-5.76806
0.768268 	-5.76294
0.768669 	-5.75783
0.769069 	-5.75272
0.769469 	-5.74762
0.76987 	-5.74253
0.77027 	-5.73744
0.770671 	-5.73236
0.771071 	-5.72728
0.771471 	-5.72221
0.771872 	-5.71715
0.772272 	-5.71209
0.772673 	-5.70704
0.773073 	-5.702
0.773473 	-5.69696
0.773874 	-5.69192
0.774274 	-5.68689
0.774675 	-5.68187
0.775075 	-5.67685
0.775475 	-5.67184
0.775876 	-5.66684
0.776276 	-5.66184
0.776677 	-5.65685
0.777077 	-5.65186
0.777477 	-5.64688
0.777878 	-5.64191
0.778278 	-5.63694
0.778679 	-5.63197
0.779079 	-5.62702
0.779479 	-5.62207
0.77988 	-5.61712
0.78028 	-5.61218
0.780681 	-5.60725
0.781081 	-5.60232
0.781481 	-5.5974
0.781882 	-5.59248
0.782282 	-5.58757
0.782683 	-5.58266
0.783083 	-5.57776
0.783483 	-5.57287
0.783884 	-5.56798
0.784284 	-5.5631
0.784685 	-5.55822
0.785085 	-5.55335
0.785485 	-5.54849
0.785886 	-5.54363
0.786286 	-5.53877
0.786687 	-5.53393
0.787087 	-5.52908
0.787487 	-5.52425
0.787888 	-5.51942
0.788288 	-5.51459
0.788689 	-5.50977
0.789089 	-5.50496
0.789489 	-5.50015
0.78989 	-5.49535
0.79029 	-5.49055
0.790691 	-5.48576
0.791091 	-5.48097
0.791491 	-5.47619
0.791892 	-5.47142
0.792292 	-5.46665
0.792693 	-5.46188
0.793093 	-5.45712
0.793493 	-5.45237
0.793894 	-5.44762
0.794294 	-5.44288
0.794695 	-5.43815
0.795095 	-5.43342
0.795495 	-5.42869
0.795896 	-5.42397
0.796296 	-5.41926
0.796697 	-5.41455
0.797097 	-5.40984
0.797497 	-5.40515
0.797898 	-5.40045
0.798298 	-5.39577
0.798699 	-5.39109
0.799099 	-5.38641
0.799499 	-5.38174
0.7999 	-5.37707
0.8003 	-5.37241
0.800701 	-5.36776
0.801101 	-5.36311
0.801502 	-5.35847
0.801902 	-5.35383
0.802302 	-5.34919
0.802703 	-5.34457
0.803103 	-5.33994
0.803504 	-5.33533
0.803904 	-5.33072
0.804304 	-5.32611
0.804705 	-5.32151
0.805105 	-5.31691
0.805506 	-5.31232
0.805906 	-5.30774
0.806306 	-5.30316
0.806707 	-5.29858
0.807107 	-5.29401
0.807508 	-5.28945
0.807908 	-5.28489
0.808308 	-5.28034
0.808709 	-5.27579
0.809109 	-5.27125
0.80951 	-5.26671
0.80991 	-5.26217
0.81031 	-5.25765
0.810711 	-5.25313
0.811111 	-5.24861
0.811512 	-5.2441
0.811912 	-5.23959
0.812312 	-5.23509
0.812713 	-5.23059
0.813113 	-5.2261
0.813514 	-5.22161
0.813914 	-5.21713
0.814314 	-5.21266
0.814715 	-5.20819
0.815115 	-5.20372
0.815516 	-5.19926
0.815916 	-5.1948
0.816316 	-5.19035
0.816717 	-5.18591
0.817117 	-5.18147
0.817518 	-5.17703
0.817918 	-5.1726
0.818318 	-5.16818
0.818719 	-5.16376
0.819119 	-5.15934
0.81952 	-5.15493
0.81992 	-5.15053
0.82032 	-5.14613
0.820721 	-5.14173
0.821121 	-5.13734
0.821522 	-5.13296
0.821922 	-5.12858
0.822322 	-5.1242
0.822723 	-5.11983
0.823123 	-5.11547
0.823524 	-5.11111
0.823924 	-5.10675
0.824324 	-5.1024
0.824725 	-5.09806
0.825125 	-5.09372
0.825526 	-5.08938
0.825926 	-5.08505
0.826326 	-5.08073
0.826727 	-5.07641
0.827127 	-5.07209
0.827528 	-5.06778
0.827928 	-5.06347
0.828328 	-5.05917
0.828729 	-5.05488
0.829129 	-5.05059
0.82953 	-5.0463
0.82993 	-5.04202
0.83033 	-5.03774
0.830731 	-5.03347
0.831131 	-5.0292
0.831532 	-5.02494
0.831932 	-5.02068
0.832332 	-5.01643
0.832733 	-5.01218
0.833133 	-5.00794
0.833534 	-5.0037
0.833934 	-4.99947
0.834334 	-4.99524
0.834735 	-4.99101
0.835135 	-4.98679
0.835536 	-4.98258
0.835936 	-4.97837
0.836336 	-4.97417
0.836737 	-4.96997
0.837137 	-4.96577
0.837538 	-4.96158
0.837938 	-4.95739
0.838338 	-4.95321
0.838739 	-4.94903
0.839139 	-4.94486
0.83954 	-4.94069
0.83994 	-4.93653
0.84034 	-4.93237
0.840741 	-4.92822
0.841141 	-4.92407
0.841542 	-4.91993
0.841942 	-4.91579
0.842342 	-4.91165
0.842743 	-4.90752
0.843143 	-4.9034
0.843544 	-4.89928
0.843944 	-4.89516
0.844344 	-4.89105
0.844745 	-4.88694
0.845145 	-4.88284
0.845546 	-4.87874
0.845946 	-4.87465
0.846346 	-4.87056
0.846747 	-4.86647
0.847147 	-4.86239
0.847548 	-4.85832
0.847948 	-4.85425
0.848348 	-4.85018
0.848749 	-4.84612
0.849149 	-4.84206
0.84955 	-4.83801
0.84995 	-4.83396
0.85035 	-4.82992
0.850751 	-4.82588
0.851151 	-4.82185
0.851552 	-4.81782
0.851952 	-4.81379
0.852352 	-4.80977
0.852753 	-4.80575
0.853153 	-4.80174
0.853554 	-4.79773
0.853954 	-4.79373
0.854354 	-4.78973
0.854755 	-4.78574
0.855155 	-4.78175
0.855556 	-4.77776
0.855956 	-4.77378
0.856356 	-4.7698
0.856757 	-4.76583
0.857157 	-4.76186
0.857558 	-4.7579
0.857958 	-4.75394
0.858358 	-4.74999
0.858759 	-4.74604
0.859159 	-4.74209
0.85956 	-4.73815
0.85996 	-4.73421
0.86036 	-4.73028
0.860761 	-4.72635
0.861161 	-4.72242
0.861562 	-4.7185
0.861962 	-4.71459
0.862362 	-4.71068
0.862763 	-4.70677
0.863163 	-4.70287
0.863564 	-4.69897
0.863964 	-4.69508
0.864364 	-4.69119
0.864765 	-4.6873
0.865165 	-4.68342
0.865566 	-4.67954
0.865966 	-4.67567
0.866366 	-4.6718
0.866767 	-4.66794
0.867167 	-4.66408
0.867568 	-4.66022
0.867968 	-4.65637
0.868368 	-4.65252
0.868769 	-4.64868
0.869169 	-4.64484
0.86957 	-4.64101
0.86997 	-4.63718
0.87037 	-4.63335
0.870771 	-4.62953
0.871171 	-4.62571
0.871572 	-4.6219
0.871972 	-4.61809
0.872372 	-4.61428
0.872773 	-4.61048
0.873173 	-4.60668
0.873574 	-4.60289
0.873974 	-4.5991
0.874374 	-4.59532
0.874775 	-4.59154
0.875175 	-4.58776
0.875576 	-4.58399
0.875976 	-4.58022
0.876376 	-4.57646
0.876777 	-4.5727
0.877177 	-4.56894
0.877578 	-4.56519
0.877978 	-4.56144
0.878378 	-4.5577
0.878779 	-4.55396
0.879179 	-4.55022
0.87958 	-4.54649
0.87998 	-4.54277
0.88038 	-4.53904
0.880781 	-4.53532
0.881181 	-4.53161
0.881582 	-4.5279
0.881982 	-4.52419
0.882382 	-4.52049
0.882783 	-4.51679
0.883183 	-4.51309
0.883584 	-4.5094
0.883984 	-4.50572
0.884384 	-4.50203
0.884785 	-4.49835
0.885185 	-4.49468
0.885586 	-4.49101
0.885986 	-4.48734
0.886386 	-4.48368
0.886787 	-4.48002
0.887187 	-4.47637
0.887588 	-4.47271
0.887988 	-4.46907
0.888388 	-4.46542
0.888789 	-4.46178
0.889189 	-4.45815
0.88959 	-4.45452
0.88999 	-4.45089
0.89039 	-4.44727
0.890791 	-4.44365
0.891191 	-4.44003
0.891592 	-4.43642
0.891992 	-4.43281
0.892392 	-4.42921
0.892793 	-4.42561
0.893193 	-4.42201
0.893594 	-4.41842
0.893994 	-4.41483
0.894394 	-4.41125
0.894795 	-4.40767
0.895195 	-4.40409
0.895596 	-4.40052
0.895996 	-4.39695
0.896396 	-4.39338
0.896797 	-4.38982
0.897197 	-4.38626
0.897598 	-4.38271
0.897998 	-4.37916
0.898398 	-4.37561
0.898799 	-4.37207
0.899199 	-4.36853
0.8996 	-4.365
0.9 	-4.36147
