# x              	y             
0.7 	-7.70456
0.700801 	-7.69195
0.701602 	-7.67927
0.702402 	-7.66652
0.703203 	-7.6537
0.704004 	-7.64081
0.704805 	-7.62785
0.705606 	-7.61482
0.706406 	-7.60172
0.707207 	-7.58855
0.708008 	-7.57533
0.708809 	-7.56203
0.70961 	-7.54867
0.71041 	-7.53525
0.711211 	-7.52176
0.712012 	-7.50822
0.712813 	-7.49461
0.713614 	-7.48094
0.714414 	-7.46721
0.715215 	-7.45342
0.716016 	-7.43958
0.716817 	-7.42568
0.717618 	-7.41172
0.718418 	-7.3977
0.719219 	-7.38363
0.72002 	-7.36951
0.720821 	-7.35533
0.721622 	-7.3411
0.722422 	-7.32682
0.723223 	-7.31249
0.724024 	-7.2981
0.724825 	-7.28367
0.725626 	-7.26919
0.726426 	-7.25465
0.727227 	-7.24007
0.728028 	-7.22545
0.728829 	-7.21077
0.72963 	-7.19605
0.73043 	-7.18129
0.731231 	-7.16648
0.732032 	-7.15163
0.732833 	-7.13673
0.733634 	-7.1218
0.734434 	-7.10682
0.735235 	-7.0918
0.736036 	-7.07673
0.736837 	-7.06163
0.737638 	-7.04649
0.738438 	-7.03131
0.739239 	-7.0161
0.74004 	-7.00084
0.740841 	-6.98555
0.741642 	-6.97022
0.742442 	-6.95486
0.743243 	-6.93946
0.744044 	-6.92403
0.744845 	-6.90857
0.745646 	-6.89307
0.746446 	-6.87754
0.747247 	-6.86197
0.748048 	-6.84638
0.748849 	-6.83076
0.74965 	-6.8151
0.75045 	-6.79941
0.751251 	-6.7837
0.752052 	-6.76796
0.752853 	-6.75219
0.753654 	-6.73639
0.754454 	-6.72056
0.755255 	-6.70471
0.756056 	-6.68884
0.756857 	-6.67293
0.757658 	-6.65701
0.758458 	-6.64105
0.759259 	-6.62508
0.76006 	-6.60908
0.760861 	-6.59306
0.761662 	-6.57702
0.762462 	-6.56095
0.763263 	-6.54487
0.764064 	-6.52876
0.764865 	-6.51263
0.765666 	-6.49649
0.766466 	-6.48032
0.767267 	-6.46413
0.768068 	-6.44793
0.768869 	-6.43171
0.76967 	-6.41547
0.77047 	-6.39922
0.771271 	-6.38295
0.772072 	-6.36666
0.772873 	-6.35036
0.773674 	-6.33404
0.774474 	-6.31771
0.775275 	-6.30136
0.776076 	-6.285
0.776877 	-6.26862
0.777678 	-6.25224
0.778478 	-6.23584
0.779279 	-6.21943
0.78008 	-6.203
0.780881 	-6.18657
0.781682 	-6.17013
0.782482 	-6.15367
0.783283 	-6.13721
0.784084 	-6.12073
0.784885 	-6.10425
0.785686 	-6.08775
0.786486 	-6.07125
0.787287 	-6.05474
0.788088 	-6.03823
0.788889 	-6.0217
0.78969 	-6.00517
0.79049 	-5.98864
0.791291 	-5.97209
0.792092 	-5.95554
0.792893 	-5.93899
0.793694 	-5.92243
0.794494 	-5.90587
0.795295 	-5.8893
0.796096 	-5.87273
0.796897 	-5.85615
0.797698 	-5.83957
0.798498 	-5.82299
0.799299 	-5.8064
0.8001 	-5.78982
0.800901 	-5.77323
0.801702 	-5.75664
0.802503 	-5.74005
0.803303 	-5.72345
0.804104 	-5.70686
0.804905 	-5.69027
0.805706 	-5.67367
0.806507 	-5.65708
0.807307 	-5.64049
0.808108 	-5.62389
0.808909 	-5.6073
0.80971 	-5.59071
0.810511 	-5.57413
0.811311 	-5.55754
0.812112 	-5.54096
0.812913 	-5.52438
0.813714 	-5.5078
0.814515 	-5.49123
0.815315 	-5.47466
0.816116 	-5.45809
0.816917 	-5.44153
0.817718 	-5.42497
0.818519 	-5.40842
0.819319 	-5.39187
0.82012 	-5.37532
0.820921 	-5.35878
0.821722 	-5.34225
0.822523 	-5.32572
0.823323 	-5.3092
0.824124 	-5.29269
0.824925 	-5.27618
0.825726 	-5.25968
0.826527 	-5.24319
0.827327 	-5.2267
0.828128 	-5.21022
0.828929 	-5.19375
0.82973 	-5.17729
0.830531 	-5.16083
0.831331 	-5.14438
0.832132 	-5.12795
0.832933 	-5.11152
0.833734 	-5.0951
0.834535 	-5.07869
0.835335 	-5.06228
0.836136 	-5.04589
0.836937 	-5.02951
0.837738 	-5.01314
0.838539 	-4.99678
0.839339 	-4.98043
0.84014 	-4.96409
0.840941 	-4.94776
0.841742 	-4.93144
0.842543 	-4.91513
0.843343 	-4.89884
0.844144 	-4.88256
0.844945 	-4.86628
0.845746 	-4.85003
0.846547 	-4.83378
0.847347 	-4.81754
0.848148 	-4.80132
0.848949 	-4.78511
0.84975 	-4.76891
0.850551 	-4.75273
0.851351 	-4.73656
0.852152 	-4.7204
0.852953 	-4.70426
0.853754 	-4.68813
0.854555 	-4.67201
0.855355 	-4.65591
0.856156 	-4.63982
0.856957 	-4.62375
0.857758 	-4.60769
0.858559 	-4.59164
0.859359 	-4.57561
0.86016 	-4.5596
0.860961 	-4.5436
0.861762 	-4.52761
0.862563 	-4.51164
0.863363 	-4.49568
0.864164 	-4.47975
0.864965 	-4.46382
0.865766 	-4.44791
0.866567 	-4.43202
0.867367 	-4.41614
0.868168 	-4.40028
0.868969 	-4.38444
0.86977 	-4.36861
0.870571 	-4.3528
0.871371 	-4.33701
0.872172 	-4.32123
0.872973 	-4.30547
0.873774 	-4.28972
0.874575 	-4.274
0.875375 	-4.25829
0.876176 	-4.24259
0.876977 	-4.22692
0.877778 	-4.21126
0.878579 	-4.19562
0.879379 	-4.17999
0.88018 	-4.16439
0.880981 	-4.1488
0.881782 	-4.13323
0.882583 	-4.11768
0.883383 	-4.10214
0.884184 	-4.08663
0.884985 	-4.07113
0.885786 	-4.05565
0.886587 	-4.04019
0.887387 	-4.02474
0.888188 	-4.00932
0.888989 	-3.99391
0.88979 	-3.97852
0.890591 	-3.96315
0.891391 	-3.9478
0.892192 	-3.93247
0.892993 	-3.91716
0.893794 	-3.90186
0.894595 	-3.88659
0.895395 	-3.87133
0.896196 	-3.8561
0.896997 	-3.84088
0.897798 	-3.82568
0.898599 	-3.8105
0.899399 	-3.79534
0.9002 	-3.7802
0.901001 	-3.76508
0.901802 	-3.74998
0.902603 	-3.7349
0.903403 	-3.71983
0.904204 	-3.70479
0.905005 	-3.68977
0.905806 	-3.67476
0.906607 	-3.65978
0.907407 	-3.64481
0.908208 	-3.62987
0.909009 	-3.61494
0.90981 	-3.60004
0.910611 	-3.58515
0.911411 	-3.57029
0.912212 	-3.55544
0.913013 	-3.54062
0.913814 	-3.52581
0.914615 	-3.51103
0.915415 	-3.49626
0.916216 	-3.48152
0.917017 	-3.46679
0.917818 	-3.45209
0.918619 	-3.4374
0.919419 	-3.42274
0.92022 	-3.4081
0.921021 	-3.39347
0.921822 	-3.37887
0.922623 	-3.36428
0.923423 	-3.34972
0.924224 	-3.33518
0.925025 	-3.32065
0.925826 	-3.30615
0.926627 	-3.29167
0.927427 	-3.27721
0.928228 	-3.26276
0.929029 	-3.24834
0.92983 	-3.23394
0.930631 	-3.21956
0.931431 	-3.2052
0.932232 	-3.19086
0.933033 	-3.17654
0.933834 	-3.16224
0.934635 	-3.14796
0.935435 	-3.1337
0.936236 	-3.11946
0.937037 	-3.10524
0.937838 	-3.09104
0.938639 	-3.07687
0.939439 	-3.06271
0.94024 	-3.04857
0.941041 	-3.03445
0.941842 	-3.02036
0.942643 	-3.00628
0.943443 	-2.99222
0.944244 	-2.97819
0.945045 	-2.96417
0.945846 	-2.95017
0.946647 	-2.9362
0.947447 	-2.92224
0.948248 	-2.90831
0.949049 	-2.89439
0.94985 	-2.8805
0.950651 	-2.86662
0.951451 	-2.85276
0.952252 	-2.83893
0.953053 	-2.82511
0.953854 	-2.81132
0.954655 	-2.79754
0.955455 	-2.78379
0.956256 	-2.77005
0.957057 	-2.75634
0.957858 	-2.74264
0.958659 	-2.72897
0.959459 	-2.71531
0.96026 	-2.70167
0.961061 	-2.68806
0.961862 	-2.67446
0.962663 	-2.66088
0.963463 	-2.64733
0.964264 	-2.63379
0.965065 	-2.62027
0.965866 	-2.60677
0.966667 	-2.59329
0.967467 	-2.57983
0.968268 	-2.56639
0.969069 	-2.55297
0.96987 	-2.53957
0.970671 	-2.52619
0.971471 	-2.51283
0.972272 	-2.49948
0.973073 	-2.48616
0.973874 	-2.47285
0.974675 	-2.45957
0.975475 	-2.4463
0.976276 	-2.43305
0.977077 	-2.41982
0.977878 	-2.40661
0.978679 	-2.39342
0.979479 	-2.38025
0.98028 	-2.3671
0.981081 	-2.35397
0.981882 	-2.34085
0.982683 	-2.32775
0.983483 	-2.31468
0.984284 	-2.30162
0.985085 	-2.28858
0.985886 	-2.27556
0.986687 	-2.26255
0.987487 	-2.24957
0.988288 	-2.2366
0.989089 	-2.22365
0.98989 	-2.21072
0.990691 	-2.19781
0.991491 	-2.18492
0.992292 	-2.17204
0.993093 	-2.15919
0.993894 	-2.14635
0.994695 	-2.13353
0.995495 	-2.12072
0.996296 	-2.10794
0.997097 	-2.09517
0.997898 	-2.08242
0.998699 	-2.06969
0.999499 	-2.05698
1.0003 	-2.04428
1.0011 	-2.0316
1.0019 	-2.01894
1.0027 	-2.0063
1.0035 	-1.99367
1.0043 	-1.98107
1.00511 	-1.96848
1.00591 	-1.9559
1.00671 	-1.94335
1.00751 	-1.93081
1.00831 	-1.91828
1.00911 	-1.90578
1.00991 	-1.89329
1.01071 	-1.88082
1.01151 	-1.86837
1.01231 	-1.85593
1.01311 	-1.84351
1.01391 	-1.83111
1.01471 	-1.81872
1.01552 	-1.80635
1.01632 	-1.794
1.01712 	-1.78166
1.01792 	-1.76934
1.01872 	-1.75703
1.01952 	-1.74475
1.02032 	-1.73248
1.02112 	-1.72022
1.02192 	-1.70798
1.02272 	-1.69576
1.02352 	-1.68355
1.02432 	-1.67136
1.02513 	-1.65919
1.02593 	-1.64703
1.02673 	-1.63488
1.02753 	-1.62276
1.02833 	-1.61065
1.02913 	-1.59855
1.02993 	-1.58647
1.03073 	-1.57441
1.03153 	-1.56236
1.03233 	-1.55032
1.03313 	-1.5383
1.03393 	-1.5263
1.03473 	-1.51431
1.03554 	-1.50234
1.03634 	-1.49038
1.03714 	-1.47844
1.03794 	-1.46652
1.03874 	-1.4546
1.03954 	-1.44271
1.04034 	-1.43082
1.04114 	-1.41896
1.04194 	-1.4071
1.04274 	-1.39527
1.04354 	-1.38344
1.04434 	-1.37163
1.04515 	-1.35984
1.04595 	-1.34806
1.04675 	-1.33629
1.04755 	-1.32454
1.04835 	-1.31281
1.04915 	-1.30108
1.04995 	-1.28937
1.05075 	-1.27768
1.05155 	-1.266
1.05235 	-1.25433
1.05315 	-1.24268
1.05395 	-1.23104
1.05475 	-1.21942
1.05556 	-1.20781
1.05636 	-1.19621
1.05716 	-1.18463
1.05796 	-1.17306
1.05876 	-1.1615
1.05956 	-1.14996
1.06036 	-1.13843
1.06116 	-1.12691
1.06196 	-1.11541
1.06276 	-1.10392
1.06356 	-1.09245
1.06436 	-1.08098
1.06517 	-1.06953
1.06597 	-1.0581
1.06677 	-1.04667
1.06757 	-1.03526
1.06837 	-1.02386
1.06917 	-1.01248
1.06997 	-1.00111
1.07077 	-0.989746
1.07157 	-0.978399
1.07237 	-0.967065
1.07317 	-0.955743
1.07397 	-0.944434
1.07477 	-0.933137
1.07558 	-0.921853
1.07638 	-0.910581
1.07718 	-0.899321
1.07798 	-0.888074
1.07878 	-0.876839
1.07958 	-0.865615
1.08038 	-0.854404
1.08118 	-0.843206
1.08198 	-0.832019
1.08278 	-0.820844
1.08358 	-0.80968
1.08438 	-0.798529
1.08519 	-0.78739
1.08599 	-0.776262
1.08679 	-0.765146
1.08759 	-0.754042
1.08839 	-0.742949
1.08919 	-0.731868
1.08999 	-0.720798
1.09079 	-0.70974
1.09159 	-0.698693
1.09239 	-0.687658
1.09319 	-0.676633
1.09399 	-0.665621
1.09479 	-0.654619
1.0956 	-0.643628
1.0964 	-0.632649
1.0972 	-0.621681
1.098 	-0.610724
1.0988 	-0.599777
1.0996 	-0.588842
1.1004 	-0.577918
1.1012 	-0.567004
1.102 	-0.556101
1.1028 	-0.54521
1.1036 	-0.534328
1.1044 	-0.523458
1.10521 	-0.512598
1.10601 	-0.501749
1.10681 	-0.49091
1.10761 	-0.480082
1.10841 	-0.469264
1.10921 	-0.458457
1.11001 	-0.44766
1.11081 	-0.436874
1.11161 	-0.426098
1.11241 	-0.415332
1.11321 	-0.404576
1.11401 	-0.393831
1.11481 	-0.383095
1.11562 	-0.37237
1.11642 	-0.361655
1.11722 	-0.35095
1.11802 	-0.340255
1.11882 	-0.32957
1.11962 	-0.318895
1.12042 	-0.30823
1.12122 	-0.297575
1.12202 	-0.286929
1.12282 	-0.276294
1.12362 	-0.265668
1.12442 	-0.255052
1.12523 	-0.244445
1.12603 	-0.233848
1.12683 	-0.223261
1.12763 	-0.212684
1.12843 	-0.202116
1.12923 	-0.191557
1.13003 	-0.181008
1.13083 	-0.170469
1.13163 	-0.159939
1.13243 	-0.149418
1.13323 	-0.138907
1.13403 	-0.128405
1.13483 	-0.117912
1.13564 	-0.107429
1.13644 	-0.0969552
1.13724 	-0.0864904
1.13804 	-0.0760349
1.13884 	-0.0655885
1.13964 	-0.0551513
1.14044 	-0.0447232
1.14124 	-0.0343042
1.14204 	-0.0238943
1.14284 	-0.0134934
1.14364 	-0.00310154
1.14444 	0.0072813
1.14525 	0.0176552
1.14605 	0.0280201
1.14685 	0.0383761
1.14765 	0.0487231
1.14845 	0.0590613
1.14925 	0.0693907
1.15005 	0.0797112
1.15085 	0.0900228
1.15165 	0.100326
1.15245 	0.11062
1.15325 	0.120905
1.15405 	0.131182
1.15485 	0.14145
1.15566 	0.151709
1.15646 	0.161959
1.15726 	0.172201
1.15806 	0.182434
1.15886 	0.192659
1.15966 	0.202875
1.16046 	0.213082
1.16126 	0.223281
1.16206 	0.233472
1.16286 	0.243653
1.16366 	0.253827
1.16446 	0.263991
1.16527 	0.274147
1.16607 	0.284295
1.16687 	0.294434
1.16767 	0.304565
1.16847 	0.314688
1.16927 	0.324801
1.17007 	0.334907
1.17087 	0.345004
1.17167 	0.355093
1.17247 	0.365173
1.17327 	0.375245
1.17407 	0.385309
1.17487 	0.395364
1.17568 	0.405411
1.17648 	0.415449
1.17728 	0.42548
1.17808 	0.435502
1.17888 	0.445515
1.17968 	0.455521
1.18048 	0.465518
1.18128 	0.475506
1.18208 	0.485487
1.18288 	0.495459
1.18368 	0.505423
1.18448 	0.515379
1.18529 	0.525326
1.18609 	0.535265
1.18689 	0.545196
1.18769 	0.555119
1.18849 	0.565034
1.18929 	0.57494
1.19009 	0.584838
1.19089 	0.594728
1.19169 	0.604609
1.19249 	0.614483
1.19329 	0.624348
1.19409 	0.634205
1.19489 	0.644053
1.1957 	0.653894
1.1965 	0.663726
1.1973 	0.67355
1.1981 	0.683366
1.1989 	0.693174
1.1997 	0.702973
1.2005 	0.712764
1.2013 	0.722547
1.2021 	0.732322
1.2029 	0.742088
1.2037 	0.751847
1.2045 	0.761597
1.20531 	0.771339
1.20611 	0.781072
1.20691 	0.790797
1.20771 	0.800515
1.20851 	0.810223
1.20931 	0.819924
1.21011 	0.829616
1.21091 	0.8393
1.21171 	0.848976
1.21251 	0.858644
1.21331 	0.868303
1.21411 	0.877954
1.21491 	0.887597
1.21572 	0.897231
1.21652 	0.906857
1.21732 	0.916475
1.21812 	0.926084
1.21892 	0.935685
1.21972 	0.945278
1.22052 	0.954863
1.22132 	0.964439
1.22212 	0.974006
1.22292 	0.983566
1.22372 	0.993117
1.22452 	1.00266
1.22533 	1.01219
1.22613 	1.02172
1.22693 	1.03124
1.22773 	1.04075
1.22853 	1.05025
1.22933 	1.05974
1.23013 	1.06922
1.23093 	1.0787
1.23173 	1.08816
1.23253 	1.09762
1.23333 	1.10707
1.23413 	1.11651
1.23493 	1.12594
1.23574 	1.13537
1.23654 	1.14478
1.23734 	1.15419
1.23814 	1.16359
1.23894 	1.17298
1.23974 	1.18236
1.24054 	1.19173
1.24134 	1.20109
1.24214 	1.21045
1.24294 	1.2198
1.24374 	1.22913
1.24454 	1.23846
1.24535 	1.24778
1.24615 	1.25709
1.24695 	1.2664
1.24775 	1.27569
1.24855 	1.28498
1.24935 	1.29425
1.25015 	1.30352
1.25095 	1.31278
1.25175 	1.32203
1.25255 	1.33127
1.25335 	1.3405
1.25415 	1.34972
1.25495 	1.35894
1.25576 	1.36814
1.25656 	1.37734
1.25736 	1.38653
1.25816 	1.39571
1.25896 	1.40488
1.25976 	1.41404
1.26056 	1.42319
1.26136 	1.43233
1.26216 	1.44146
1.26296 	1.45059
1.26376 	1.4597
1.26456 	1.46881
1.26537 	1.47791
1.26617 	1.48699
1.26697 	1.49607
1.26777 	1.50514
1.26857 	1.5142
1.26937 	1.52325
1.27017 	1.5323
1.27097 	1.54133
1.27177 	1.55035
1.27257 	1.55937
1.27337 	1.56837
1.27417 	1.57737
1.27497 	1.58635
1.27578 	1.59533
1.27658 	1.6043
1.27738 	1.61325
1.27818 	1.6222
1.27898 	1.63114
1.27978 	1.64007
1.28058 	1.64899
1.28138 	1.6579
1.28218 	1.6668
1.28298 	1.6757
1.28378 	1.68458
1.28458 	1.69345
1.28539 	1.70232
1.28619 	1.71117
1.28699 	1.72001
1.28779 	1.72885
1.28859 	1.73767
1.28939 	1.74649
1.29019 	1.75529
1.29099 	1.76409
1.29179 	1.77288
1.29259 	1.78165
1.29339 	1.79042
1.29419 	1.79918
1.29499 	1.80793
1.2958 	1.81666
1.2966 	1.82539
1.2974 	1.83411
1.2982 	1.84282
1.299 	1.85152
1.2998 	1.86021
1.3006 	1.86889
1.3014 	1.87756
1.3022 	1.88621
1.303 	1.89486
1.3038 	1.9035
1.3046 	1.91213
1.30541 	1.92075
1.30621 	1.92936
1.30701 	1.93796
1.30781 	1.94655
1.30861 	1.95514
1.30941 	1.96371
1.31021 	1.97227
1.31101 	1.98082
1.31181 	1.98936
1.31261 	1.99789
1.31341 	2.00641
1.31421 	2.01492
1.31502 	2.02342
1.31582 	2.03191
1.31662 	2.04039
1.31742 	2.04886
1.31822 	2.05732
1.31902 	2.06577
1.31982 	2.07421
1.32062 	2.08264
1.32142 	2.09106
1.32222 	2.09948
1.32302 	2.10788
1.32382 	2.11627
1.32462 	2.12465
1.32543 	2.13302
1.32623 	2.14138
1.32703 	2.14973
1.32783 	2.15807
1.32863 	2.1664
1.32943 	2.17472
1.33023 	2.18303
1.33103 	2.19133
1.33183 	2.19962
1.33263 	2.2079
1.33343 	2.21617
1.33423 	2.22443
1.33504 	2.23268
1.33584 	2.24092
1.33664 	2.24915
1.33744 	2.25736
1.33824 	2.26557
1.33904 	2.27377
1.33984 	2.28196
1.34064 	2.29014
1.34144 	2.29831
1.34224 	2.30647
1.34304 	2.31462
1.34384 	2.32276
1.34464 	2.33089
1.34545 	2.33901
1.34625 	2.34712
1.34705 	2.35522
1.34785 	2.36331
1.34865 	2.37139
1.34945 	2.37946
1.35025 	2.38752
1.35105 	2.39557
1.35185 	2.40362
1.35265 	2.41165
1.35345 	2.41967
1.35425 	2.42768
1.35506 	2.43568
1.35586 	2.44367
1.35666 	2.45166
1.35746 	2.45963
1.35826 	2.46759
1.35906 	2.47555
1.35986 	2.48349
1.36066 	2.49143
1.36146 	2.49935
1.36226 	2.50727
1.36306 	2.51517
1.36386 	2.52307
1.36466 	2.53096
1.36547 	2.53884
1.36627 	2.5467
1.36707 	2.55456
1.36787 	2.56241
1.36867 	2.57026
1.36947 	2.57809
1.37027 	2.58591
1.37107 	2.59372
1.37187 	2.60153
1.37267 	2.60932
1.37347 	2.61711
1.37427 	2.62489
1.37508 	2.63266
1.37588 	2.64041
1.37668 	2.64817
1.37748 	2.65591
1.37828 	2.66364
1.37908 	2.67137
1.37988 	2.67908
1.38068 	2.68679
1.38148 	2.69449
1.38228 	2.70218
1.38308 	2.70986
1.38388 	2.71753
1.38468 	2.7252
1.38549 	2.73286
1.38629 	2.74051
1.38709 	2.74815
1.38789 	2.75578
1.38869 	2.7634
1.38949 	2.77102
1.39029 	2.77863
1.39109 	2.78623
1.39189 	2.79383
1.39269 	2.80141
1.39349 	2.80899
1.39429 	2.81656
1.3951 	2.82412
1.3959 	2.83168
1.3967 	2.83923
1.3975 	2.84677
1.3983 	2.8543
1.3991 	2.86183
1.3999 	2.86935
1.4007 	2.87686
1.4015 	2.88437
1.4023 	2.89187
1.4031 	2.89936
1.4039 	2.90685
1.4047 	2.91433
1.40551 	2.9218
1.40631 	2.92927
1.40711 	2.93673
1.40791 	2.94419
1.40871 	2.95164
1.40951 	2.95908
1.41031 	2.96652
1.41111 	2.97395
1.41191 	2.98137
1.41271 	2.98879
1.41351 	2.99621
1.41431 	3.00362
1.41512 	3.01102
1.41592 	3.01842
1.41672 	3.02582
1.41752 	3.03321
1.41832 	3.04059
1.41912 	3.04797
1.41992 	3.05535
1.42072 	3.06272
1.42152 	3.07009
1.42232 	3.07745
1.42312 	3.08481
1.42392 	3.09217
1.42472 	3.09952
1.42553 	3.10687
1.42633 	3.11421
1.42713 	3.12155
1.42793 	3.12889
1.42873 	3.13622
1.42953 	3.14356
1.43033 	3.15089
1.43113 	3.15821
1.43193 	3.16554
1.43273 	3.17286
1.43353 	3.18018
1.43433 	3.18749
1.43514 	3.19481
1.43594 	3.20212
1.43674 	3.20944
1.43754 	3.21675
1.43834 	3.22406
1.43914 	3.23136
1.43994 	3.23867
1.44074 	3.24598
1.44154 	3.25328
1.44234 	3.26059
1.44314 	3.26789
1.44394 	3.2752
1.44474 	3.2825
1.44555 	3.28981
1.44635 	3.29711
1.44715 	3.30442
1.44795 	3.31173
1.44875 	3.31904
1.44955 	3.32635
1.45035 	3.33366
1.45115 	3.34097
1.45195 	3.34828
1.45275 	3.3556
1.45355 	3.36292
1.45435 	3.37024
1.45516 	3.37756
1.45596 	3.38488
1.45676 	3.39221
1.45756 	3.39954
1.45836 	3.40688
1.45916 	3.41422
1.45996 	3.42156
1.46076 	3.42891
1.46156 	3.43626
1.46236 	3.44361
1.46316 	3.45097
1.46396 	3.45834
1.46476 	3.46571
1.46557 	3.47308
1.46637 	3.48047
1.46717 	3.48785
1.46797 	3.49525
1.46877 	3.50265
1.46957 	3.51005
1.47037 	3.51746
1.47117 	3.52488
1.47197 	3.53231
1.47277 	3.53975
1.47357 	3.54719
1.47437 	3.55464
1.47518 	3.5621
1.47598 	3.56957
1.47678 	3.57705
1.47758 	3.58453
1.47838 	3.59203
1.47918 	3.59953
1.47998 	3.60705
1.48078 	3.61458
1.48158 	3.62211
1.48238 	3.62966
1.48318 	3.63722
1.48398 	3.64479
1.48478 	3.65237
1.48559 	3.65997
1.48639 	3.66757
1.48719 	3.67519
1.48799 	3.68282
1.48879 	3.69047
1.48959 	3.69813
1.49039 	3.7058
1.49119 	3.71349
1.49199 	3.72119
1.49279 	3.72891
1.49359 	3.73664
1.49439 	3.74439
1.4952 	3.75215
1.496 	3.75993
1.4968 	3.76772
1.4976 	3.77554
1.4984 	3.78337
1.4992 	3.79122
1.5 	3.79908
