#kT				rhoF			rhoS			muCoex			freeEnergy		Ngrid			Cvac			alpha			
3.00000000e-01 	1.06557161e-05 	1.17914760e+00 	-1.14515171e+01 	-1.06553877e-05 	1.20204911e+02 	-1.19138798e-05 	2.93197613e+03 	
3.20000000e-01 	3.66711712e-05 	1.17838201e+00 	-1.02148489e+01 	-3.66364791e-05 	1.20230666e+02 	-5.48627951e-06 	2.72202545e+03 	
3.40000000e-01 	1.08774208e-04 	1.17759174e+00 	-9.12947591e+00 	-1.08685538e-04 	1.20257422e+02 	-2.38212965e-06 	2.53822435e+03 	
3.60000000e-01 	2.84501089e-04 	1.17678588e+00 	-8.16983812e+00 	-2.83994899e-04 	1.20284802e+02 	-9.47532476e-07 	2.37564749e+03 	
3.80000000e-01 	6.70814459e-04 	1.17596852e+00 	-7.31572695e+00 	-6.68302804e-04 	1.20312628e+02 	-2.02602082e-07 	2.23121135e+03 	
4.00000000e-01 	1.45267419e-03 	1.17514190e+00 	-6.55092075e+00 	-1.44169798e-03 	1.20340804e+02 	3.58174049e-07 	2.10180010e+03 	
4.20000000e-01 	2.93242086e-03 	1.17430755e+00 	-5.86218792e+00 	-2.89075832e-03 	1.20369268e+02 	1.00835915e-06 	1.98524050e+03 	
4.40000000e-01 	5.58462153e-03 	1.17346668e+00 	-5.23855031e+00 	-5.44423152e-03 	1.20397968e+02 	2.03260847e-06 	1.87973118e+03 	
4.60000000e-01 	1.02232155e-02 	1.17262056e+00 	-4.67068001e+00 	-9.78371412e-03 	1.20426843e+02 	3.85799974e-06 	1.78381638e+03 	
4.80000000e-01 	1.82318888e-02 	1.17177092e+00 	-4.15042207e+00 	-1.69266780e-02 	1.20455817e+02 	6.93149730e-06 	1.69631346e+03 	
5.00000000e-01 	3.21994600e-02 	1.17092037e+00 	-3.67031304e+00 	-2.84523245e-02 	1.20484778e+02 	1.17950528e-05 	1.61622250e+03 	
5.05000000e-01 	3.72662185e-02 	1.17070807e+00 	-3.55578776e+00 	-3.23504769e-02 	1.20491995e+02 	1.33964358e-05 	1.59697651e+03 	
5.10000000e-01 	4.31486035e-02 	1.17049641e+00 	-3.44506827e+00 	-3.67002998e-02 	1.20499163e+02 	1.53509637e-05 	1.57408568e+03 	
5.15000000e-01 	5.21981839e-02 	1.17023032e+00 	-3.30999488e+00 	-4.29926911e-02 	1.20508485e+02 	1.51805356e-05 	1.60479705e+03 	
5.20000000e-01 	6.14292468e-02 	1.16987902e+00 	-3.20059978e+00 	-4.90074514e-02 	1.20520466e+02 	1.71417588e-05 	1.58336492e+03 	
5.25000000e-01 	7.30950648e-02 	1.16952994e+00 	-3.09251202e+00 	-5.60096467e-02 	1.20532363e+02 	1.94097815e-05 	1.56242084e+03 	
5.30000000e-01 	8.84624917e-02 	1.16918410e+00 	-2.98543009e+00 	-6.42777293e-02 	1.20544149e+02 	2.18014591e-05 	1.54198092e+03 	
5.35000000e-01 	1.10230903e-01 	1.16884269e+00 	-2.87888874e+00 	-7.42845585e-02 	1.20555777e+02 	2.44329464e-05 	1.52204760e+03 	
5.40000000e-01 	1.45881481e-01 	1.16850852e+00 	-2.77201713e+00 	-8.69788084e-02 	1.20567156e+02 	2.71863802e-05 	1.50264892e+03 	
5.45000000e-01 	2.21134294e-01 	1.16818864e+00 	-2.66251290e+00 	-1.04982870e-01 	1.20578038e+02 	3.01914201e-05 	1.48388081e+03 	
5.50000000e-01 	3.11548599e-01 	1.16789668e+00 	-2.54632589e+00 	-1.32960776e-01 	1.20587972e+02 	3.29476781e-05 	1.46600003e+03 	
5.55000000e-01 	3.60864873e-01 	1.16762627e+00 	-2.42549843e+00 	-1.68459193e-01 	1.20597164e+02 	3.58213431e-05 	1.44881429e+03 	
5.60000000e-01 	3.94319735e-01 	1.16736975e+00 	-2.30264300e+00 	-2.08366172e-01 	1.20605886e+02 	3.85330945e-05 	1.43221455e+03 	
5.65000000e-01 	4.20006873e-01 	1.16712328e+00 	-2.17886764e+00 	-2.51329190e-01 	1.20614257e+02 	4.14585440e-05 	1.41608449e+03 	
5.70000000e-01 	4.41078867e-01 	1.16688529e+00 	-2.05477681e+00 	-2.96587254e-01 	1.20622341e+02 	4.42943032e-05 	1.40040337e+03 	
5.75000000e-01 	4.59055635e-01 	1.16665461e+00 	-1.93075004e+00 	-3.43644430e-01 	1.20630180e+02 	4.70081975e-05 	1.38513547e+03 	
5.80000000e-01 	4.74792668e-01 	1.16643002e+00 	-1.80704645e+00 	-3.92147211e-01 	1.20637804e+02 	4.99075987e-05 	1.37023695e+03 	
5.85000000e-01 	4.88822676e-01 	1.16621099e+00 	-1.68385409e+00 	-4.41827859e-01 	1.20645234e+02 	5.29026334e-05 	1.35566401e+03 	
5.90000000e-01 	5.01502322e-01 	1.16599709e+00 	-1.56131133e+00 	-4.92476960e-01 	1.20652490e+02 	5.58925988e-05 	1.34147019e+03 	
5.95000000e-01 	5.13082879e-01 	1.16578807e+00 	-1.43952491e+00 	-5.43924623e-01 	1.20659584e+02 	5.87457178e-05 	1.32758144e+03 	
6.00000000e-01 	5.23748759e-01 	1.16558347e+00 	-1.31857811e+00 	-5.96030238e-01 	1.20666529e+02 	6.15583964e-05 	1.31400036e+03 	
6.20000000e-01 	5.59593266e-01 	1.16480340e+00 	-8.44045944e-01 	-8.09208976e-01 	1.20692970e+02 	7.36525594e-05 	1.26256921e+03 	
6.40000000e-01 	5.88089910e-01 	1.16407393e+00 	-3.86533685e-01 	-1.02558895e+00 	1.20717675e+02 	8.59809629e-05 	1.21516161e+03 	
6.60000000e-01 	6.11705893e-01 	1.16338847e+00 	5.34300267e-02 	-1.24238639e+00 	1.20740909e+02 	9.75584873e-05 	1.17128113e+03 	
6.80000000e-01 	6.31850654e-01 	1.16273987e+00 	4.75772314e-01 	-1.45760878e+00 	1.20762885e+02 	1.09161382e-04 	1.13049562e+03 	
7.00000000e-01 	6.49389005e-01 	1.16212477e+00 	8.80825293e-01 	-1.66995984e+00 	1.20783762e+02 	1.19622192e-04 	1.09253153e+03 	
7.20000000e-01 	6.64887701e-01 	1.16153827e+00 	1.26921284e+00 	-1.87867879e+00 	1.20803654e+02 	1.30333420e-04 	1.05707743e+03 	
7.40000000e-01 	6.78755391e-01 	1.16097897e+00 	1.64150954e+00 	-2.08310683e+00 	1.20822672e+02 	1.39637365e-04 	1.02379019e+03 	
7.60000000e-01 	6.91285606e-01 	1.16044316e+00 	1.99839395e+00 	-2.28285100e+00 	1.20840905e+02 	1.48496601e-04 	9.92550559e+02 	
7.80000000e-01 	7.02697178e-01 	1.15992917e+00 	2.34059992e+00 	-2.47770844e+00 	1.20858422e+02 	1.56614893e-04 	9.63168201e+02 	
8.00000000e-01 	7.13159637e-01 	1.15943451e+00 	2.66885511e+00 	-2.66757706e+00 	1.20875280e+02 	1.64659338e-04 	9.35460827e+02 	
8.20000000e-01 	7.22807022e-01 	1.15895914e+00 	2.98386693e+00 	-2.85242634e+00 	1.20891530e+02 	1.71400127e-04 	9.09287106e+02 	
8.40000000e-01 	7.31747259e-01 	1.15850121e+00 	3.28631636e+00 	-3.03227812e+00 	1.20907214e+02 	1.77318249e-04 	8.84504289e+02 	
8.60000000e-01 	7.40068570e-01 	1.15805988e+00 	3.57685494e+00 	-3.20719292e+00 	1.20922373e+02 	1.82171889e-04 	8.61039342e+02 	
8.80000000e-01 	7.47843958e-01 	1.15763283e+00 	3.85610095e+00 	-3.37725772e+00 	1.20937039e+02 	1.87105045e-04 	8.38767396e+02 	
9.00000000e-01 	7.55134472e-01 	1.15722025e+00 	4.12463803e+00 	-3.54257744e+00 	1.20951241e+02 	1.91212916e-04 	8.17601052e+02 	
9.20000000e-01 	7.61991847e-01 	1.15682025e+00 	4.38302048e+00 	-3.70327266e+00 	1.20965007e+02 	1.95441709e-04 	7.97450305e+02 	
9.40000000e-01 	7.68460121e-01 	1.15643396e+00 	4.63176842e+00 	-3.85947080e+00 	1.20978360e+02 	1.98216818e-04 	7.78228921e+02 	
9.60000000e-01 	7.74577159e-01 	1.15605970e+00 	4.87137177e+00 	-4.01130485e+00 	1.20991321e+02 	2.00444201e-04 	7.59955920e+02 	
9.80000000e-01 	7.80375842e-01 	1.15569595e+00 	5.10229421e+00 	-4.15891274e+00 	1.21003910e+02 	2.02952965e-04 	7.42497785e+02 	
1.00000000e+00 	7.85884712e-01 	1.15534371e+00 	5.32496912e+00 	-4.30243104e+00 	1.21016144e+02 	2.04422938e-04 	7.25789365e+02 	
1.02000000e+00 	7.91128789e-01 	1.15500206e+00 	5.53980374e+00 	-4.44199561e+00 	1.21028038e+02 	2.05263207e-04 	7.09780366e+02 	
1.04000000e+00 	7.96130181e-01 	1.15466861e+00 	5.74718335e+00 	-4.57774245e+00 	1.21039608e+02 	2.07169141e-04 	6.94491174e+02 	
1.06000000e+00 	8.00908419e-01 	1.15434644e+00 	5.94746895e+00 	-4.70980404e+00 	1.21050867e+02 	2.07136462e-04 	6.79818599e+02 	
1.08000000e+00 	8.05480880e-01 	1.15403154e+00 	6.14100029e+00 	-4.83830983e+00 	1.21061825e+02 	2.08332486e-04 	6.65728653e+02 	
1.10000000e+00 	8.09863069e-01 	1.15372656e+00 	6.32809663e+00 	-4.96338536e+00 	1.21072496e+02 	2.08188380e-04 	6.52197182e+02 	
1.12000000e+00 	8.14068930e-01 	1.15342941e+00 	6.50905974e+00 	-5.08515345e+00 	1.21082887e+02 	2.08240822e-04 	6.39225853e+02 	
1.14000000e+00 	8.18110970e-01 	1.15314017e+00 	6.68417296e+00 	-5.20373221e+00 	1.21093010e+02 	2.08193926e-04 	6.26726881e+02 	
1.16000000e+00 	8.22000475e-01 	1.15285871e+00 	6.85370343e+00 	-5.31923589e+00 	1.21102872e+02 	2.07942466e-04 	6.14721523e+02 	
1.18000000e+00 	8.25747668e-01 	1.15258611e+00 	7.01790323e+00 	-5.43177484e+00 	1.21112481e+02 	2.06352458e-04 	6.03123698e+02 	
1.20000000e+00 	8.29361849e-01 	1.15231867e+00 	7.17701066e+00 	-5.54145571e+00 	1.21121845e+02 	2.06452305e-04 	5.91993015e+02 	
1.22000000e+00 	8.32851468e-01 	1.15205910e+00 	7.33125024e+00 	-5.64838086e+00 	1.21130969e+02 	2.05707669e-04 	5.81225313e+02 	
1.24000000e+00 	8.36224230e-01 	1.15180654e+00 	7.48083394e+00 	-5.75264852e+00 	1.21139860e+02 	2.04723413e-04 	5.70865807e+02 	
1.26000000e+00 	8.39487226e-01 	1.15156088e+00 	7.62596345e+00 	-5.85435428e+00 	1.21148524e+02 	2.03439228e-04 	5.60836188e+02 	
1.28000000e+00 	8.42646897e-01 	1.15132166e+00 	7.76682694e+00 	-5.95358777e+00 	1.21156965e+02 	2.02146818e-04 	5.51172365e+02 	
1.30000000e+00 	8.45709231e-01 	1.15108811e+00 	7.90360537e+00 	-6.05043745e+00 	1.21165188e+02 	2.01369422e-04 	5.41814066e+02 	
1.32000000e+00 	8.48679681e-01 	1.15086183e+00 	8.03646781e+00 	-6.14498634e+00 	1.21173198e+02 	1.99621765e-04 	5.32766616e+02 	
1.34000000e+00 	8.51563320e-01 	1.15064064e+00 	8.16557574e+00 	-6.23731516e+00 	1.21180999e+02 	1.98681630e-04 	5.24028382e+02 	
1.36000000e+00 	8.54364834e-01 	1.15042633e+00 	8.29108217e+00 	-6.32750129e+00 	1.21188593e+02 	1.96909966e-04 	5.15561582e+02 	
1.38000000e+00 	8.57088561e-01 	1.15021696e+00 	8.41313200e+00 	-6.41561884e+00 	1.21195985e+02 	1.95906028e-04 	5.07365093e+02 	
1.40000000e+00 	8.59738509e-01 	1.15001481e+00 	8.53186228e+00 	-6.50173839e+00 	1.21203178e+02 	1.93608845e-04 	4.99446510e+02 	
1.42000000e+00 	8.62318305e-01 	1.14981641e+00 	8.64739952e+00 	-6.58592458e+00 	1.21210172e+02 	1.93011488e-04 	4.91739822e+02 	
1.44000000e+00 	8.64831452e-01 	1.14962579e+00 	8.75986879e+00 	-6.66824360e+00 	1.21216969e+02 	1.90564334e-04 	4.84279125e+02 	
1.46000000e+00 	8.67281179e-01 	1.14943956e+00 	8.86938720e+00 	-6.74875742e+00 	1.21223572e+02 	1.89126685e-04 	4.77053645e+02 	
1.48000000e+00 	8.69670508e-01 	1.14925849e+00 	8.97606699e+00 	-6.82752623e+00 	1.21229983e+02 	1.87989702e-04 	4.70029367e+02 	
1.50000000e+00 	8.72002288e-01 	1.14908397e+00 	9.08001556e+00 	-6.90460826e+00 	1.21236204e+02 	1.85877405e-04 	4.63215541e+02 	
