#kT				rhoF			rhoS			muCoex			freeEnergy		Ngrid			Cvac			alpha			
3.00000000e-01 	1.21541989e-05 	1.17093392e+00 	-1.13197443e+01 	-1.21814442e-05 	1.20397105e+02 	2.21221201e-03 	2.33689423e+03 	
3.20000000e-01 	4.06662463e-05 	1.17082670e+00 	-1.01108601e+01 	-4.06097145e-05 	1.20404365e+02 	2.12124159e-03 	2.28930788e+03 	
3.40000000e-01 	1.18079192e-04 	1.17079361e+00 	-9.04711841e+00 	-1.18008999e-04 	1.20412975e+02 	1.93549994e-03 	2.18519967e+03 	
3.60000000e-01 	3.03836678e-04 	1.17071626e+00 	-8.10464634e+00 	-3.03293493e-04 	1.20423296e+02 	1.74499060e-03 	2.07953047e+03 	
3.80000000e-01 	7.06430478e-04 	1.17055088e+00 	-7.26407097e+00 	-7.03673506e-04 	1.20435372e+02 	1.58589551e-03 	1.99168037e+03 	
4.00000000e-01 	1.51488104e-03 	1.17032058e+00 	-6.50990692e+00 	-1.50295663e-03 	1.20449045e+02 	1.44255635e-03 	1.91091751e+03 	
4.20000000e-01 	3.03147039e-03 	1.17008028e+00 	-5.82978585e+00 	-2.98698028e-03 	1.20464173e+02 	1.27221868e-03 	1.82777187e+03 	
4.40000000e-01 	5.73534226e-03 	1.16976512e+00 	-5.21309419e+00 	-5.58738011e-03 	1.20480532e+02 	1.13445343e-03 	1.75759573e+03 	
4.60000000e-01 	1.05192142e-02 	1.16940103e+00 	-4.64459282e+00 	-1.00540260e-02 	1.20498345e+02 	1.00197718e-03 	1.69408294e+03 	
4.80000000e-01 	1.92072891e-02 	1.16858838e+00 	-4.10571001e+00 	-1.77606079e-02 	1.20528283e+02 	9.47841738e-04 	1.64915498e+03 	
5.00000000e-01 	3.39233533e-02 	1.16766512e+00 	-3.63037297e+00 	-2.97712984e-02 	1.20564203e+02 	8.42247414e-04 	1.57805238e+03 	
5.05000000e-01 	3.93003767e-02 	1.16743998e+00 	-3.51676185e+00 	-3.38438027e-02 	1.20573219e+02 	8.10245496e-04 	1.55724846e+03 	
5.10000000e-01 	4.56961747e-02 	1.16720752e+00 	-3.40496469e+00 	-3.84815107e-02 	1.20582332e+02 	7.82111126e-04 	1.53955369e+03 	
5.15000000e-01 	5.34137375e-02 	1.16696488e+00 	-3.29481233e+00 	-4.37888771e-02 	1.20591454e+02 	7.62553854e-04 	1.52444221e+03 	
5.20000000e-01 	6.29158855e-02 	1.16672819e+00 	-3.18613568e+00 	-4.99061834e-02 	1.20600544e+02 	7.38788291e-04 	1.50586789e+03 	
5.25000000e-01 	7.49715224e-02 	1.16650204e+00 	-3.07864944e+00 	-5.70353287e-02 	1.20609484e+02 	7.09673418e-04 	1.48073864e+03 	
5.30000000e-01 	9.09561053e-02 	1.16624379e+00 	-2.97218871e+00 	-6.54647138e-02 	1.20618747e+02 	7.00207373e-04 	1.47365209e+03 	
5.35000000e-01 	1.13929808e-01 	1.16600652e+00 	-2.86611624e+00 	-7.57149240e-02 	1.20627735e+02 	6.79631687e-04 	1.45705486e+03 	
5.40000000e-01 	1.52793673e-01 	1.16577423e+00 	-2.75950434e+00 	-8.88455284e-02 	1.20636573e+02 	6.58538881e-04 	1.44027611e+03 	
5.45000000e-01 	2.36368538e-01 	1.16555446e+00 	-2.64967114e+00 	-1.07922061e-01 	1.20644969e+02 	6.37745189e-04 	1.42423861e+03 	
5.50000000e-01 	3.20637668e-01 	1.16535729e+00 	-2.53290707e+00 	-1.37204932e-01 	1.20652544e+02 	6.18135225e-04 	1.40963864e+03 	
5.55000000e-01 	3.66682135e-01 	1.16517507e+00 	-2.41200988e+00 	-1.73366395e-01 	1.20659556e+02 	5.99729428e-04 	1.39656836e+03 	
5.60000000e-01 	3.98621563e-01 	1.16500408e+00 	-2.28928703e+00 	-2.13661441e-01 	1.20666212e+02 	5.80570515e-04 	1.38247277e+03 	
5.65000000e-01 	4.23436929e-01 	1.16484672e+00 	-2.16574417e+00 	-2.56863548e-01 	1.20672617e+02 	5.56005649e-04 	1.36699341e+03 	
5.70000000e-01 	4.43933398e-01 	1.16468989e+00 	-2.04193859e+00 	-3.02268113e-01 	1.20678815e+02 	5.36161502e-04 	1.35346692e+03 	
5.75000000e-01 	4.61501667e-01 	1.16453142e+00 	-1.91820208e+00 	-3.49419873e-01 	1.20684771e+02 	5.23849986e-04 	1.34604445e+03 	
5.80000000e-01 	4.76917906e-01 	1.16438990e+00 	-1.79486843e+00 	-3.97942011e-01 	1.20690672e+02 	4.98268779e-04 	1.32871560e+03 	
5.85000000e-01 	4.90699835e-01 	1.16424024e+00 	-1.67202051e+00 	-4.47623338e-01 	1.20696378e+02 	4.84630248e-04 	1.31802229e+03 	
5.90000000e-01 	5.03176819e-01 	1.16409973e+00 	-1.54983309e+00 	-4.98242775e-01 	1.20701897e+02 	4.67866575e-04 	1.30480579e+03 	
5.95000000e-01 	5.14589223e-01 	1.16395957e+00 	-1.42839986e+00 	-5.49640914e-01 	1.20707378e+02 	4.51718558e-04 	1.29169500e+03 	
6.00000000e-01 	5.25114022e-01 	1.16381996e+00 	-1.30779477e+00 	-6.01685203e-01 	1.20712718e+02 	4.38649908e-04 	1.27796213e+03 	
6.20000000e-01 	5.60555493e-01 	1.16327121e+00 	-8.34632403e-01 	-8.14478732e-01 	1.20733207e+02 	4.00051915e-04 	1.23401256e+03 	
6.40000000e-01 	5.88794115e-01 	1.16275095e+00 	-3.78434499e-01 	-1.03035243e+00 	1.20752686e+02 	3.62366963e-04 	1.19252988e+03 	
6.60000000e-01 	6.12234505e-01 	1.16224920e+00 	6.03415898e-02 	-1.24661401e+00 	1.20771458e+02 	3.26520076e-04 	1.15286523e+03 	
6.80000000e-01 	6.32257422e-01 	1.16174571e+00 	4.81683320e-01 	-1.46134331e+00 	1.20789669e+02 	3.06435011e-04 	1.11500995e+03 	
7.00000000e-01 	6.49706704e-01 	1.16125217e+00 	8.85872672e-01 	-1.67323725e+00 	1.20807255e+02 	2.93641934e-04 	1.07980541e+03 	
7.20000000e-01 	6.65137014e-01 	1.16077594e+00 	1.27349993e+00 	-1.88153142e+00 	1.20824284e+02 	2.80069740e-04 	1.04681121e+03 	
7.40000000e-01 	6.78951630e-01 	1.16031929e+00 	1.64511502e+00 	-2.08555530e+00 	1.20840783e+02 	2.63039296e-04 	1.01502351e+03 	
7.60000000e-01 	6.91438608e-01 	1.15987986e+00 	2.00137470e+00 	-2.28491218e+00 	1.20856738e+02 	2.45014365e-04 	9.85163724e+02 	
7.80000000e-01 	7.02814343e-01 	1.15944975e+00 	2.34300521e+00 	-2.47939888e+00 	1.20872183e+02 	2.31882113e-04 	9.57035642e+02 	
8.00000000e-01 	7.13246477e-01 	1.15902379e+00 	2.67072382e+00 	-2.66890975e+00 	1.20887189e+02 	2.26320963e-04 	9.30330831e+02 	
8.20000000e-01 	7.22868761e-01 	1.15860245e+00 	2.98525325e+00 	-2.85342824e+00 	1.20901847e+02 	2.25633421e-04 	9.04996760e+02 	
8.40000000e-01 	7.31788460e-01 	1.15819142e+00 	3.28727815e+00 	-3.03298172e+00 	1.20916135e+02 	2.25444018e-04 	8.80885052e+02 	
8.60000000e-01 	7.40093726e-01 	1.15778864e+00 	3.57746333e+00 	-3.20764297e+00 	1.20930084e+02 	2.26777952e-04 	8.58036185e+02 	
8.80000000e-01 	7.47855619e-01 	1.15739716e+00 	3.85639202e+00 	-3.37747520e+00 	1.20943680e+02 	2.27352386e-04 	8.36226361e+02 	
9.00000000e-01 	7.55134398e-01 	1.15701684e+00 	4.12463540e+00 	-3.54257527e+00 	1.20956929e+02 	2.27083008e-04 	8.15466846e+02 	
9.20000000e-01 	7.61981249e-01 	1.15664474e+00 	4.38273856e+00 	-3.70305768e+00 	1.20969843e+02 	2.28213239e-04 	7.95698066e+02 	
9.40000000e-01 	7.68439845e-01 	1.15628404e+00 	4.63121556e+00 	-3.85904581e+00 	1.20982428e+02 	2.27850946e-04 	7.76767464e+02 	
9.60000000e-01 	7.74547809e-01 	1.15593228e+00 	4.87055202e+00 	-4.01066978e+00 	1.20994689e+02 	2.27984260e-04 	7.58718183e+02 	
9.80000000e-01 	7.80337935e-01 	1.15558956e+00 	5.10121139e+00 	-4.15806765e+00 	1.21006644e+02 	2.28048785e-04 	7.41499623e+02 	
