# x              	y             
0.7 	0.54207
0.700801 	0.54367
0.701602 	0.545259
0.702402 	0.546837
0.703203 	0.548403
0.704004 	0.549959
0.704805 	0.551504
0.705606 	0.553039
0.706406 	0.554562
0.707207 	0.556075
0.708008 	0.557577
0.708809 	0.559069
0.70961 	0.56055
0.71041 	0.562022
0.711211 	0.563482
0.712012 	0.564933
0.712813 	0.566373
0.713614 	0.567804
0.714414 	0.569224
0.715215 	0.570634
0.716016 	0.572035
0.716817 	0.573425
0.717618 	0.574806
0.718418 	0.576177
0.719219 	0.577539
0.72002 	0.578891
0.720821 	0.580234
0.721622 	0.581567
0.722422 	0.582891
0.723223 	0.584205
0.724024 	0.585511
0.724825 	0.586807
0.725626 	0.588094
0.726426 	0.589372
0.727227 	0.590641
0.728028 	0.591901
0.728829 	0.593153
0.72963 	0.594395
0.73043 	0.595629
0.731231 	0.596854
0.732032 	0.598071
0.732833 	0.599279
0.733634 	0.600478
0.734434 	0.601669
0.735235 	0.602852
0.736036 	0.604027
0.736837 	0.605193
0.737638 	0.606351
0.738438 	0.607501
0.739239 	0.608643
0.74004 	0.609776
0.740841 	0.610902
0.741642 	0.61202
0.742442 	0.61313
0.743243 	0.614233
0.744044 	0.615327
0.744845 	0.616414
0.745646 	0.617494
0.746446 	0.618565
0.747247 	0.61963
0.748048 	0.620687
0.748849 	0.621736
0.74965 	0.622778
0.75045 	0.623813
0.751251 	0.62484
0.752052 	0.625861
0.752853 	0.626874
0.753654 	0.62788
0.754454 	0.628879
0.755255 	0.629872
0.756056 	0.630857
0.756857 	0.631835
0.757658 	0.632807
0.758458 	0.633772
0.759259 	0.63473
0.76006 	0.635681
0.760861 	0.636626
0.761662 	0.637564
0.762462 	0.638496
0.763263 	0.639421
0.764064 	0.64034
0.764865 	0.641252
0.765666 	0.642158
0.766466 	0.643058
0.767267 	0.643952
0.768068 	0.644839
0.768869 	0.645721
0.76967 	0.646596
0.77047 	0.647465
0.771271 	0.648328
0.772072 	0.649185
0.772873 	0.650037
0.773674 	0.650882
0.774474 	0.651722
0.775275 	0.652556
0.776076 	0.653384
0.776877 	0.654206
0.777678 	0.655023
0.778478 	0.655835
0.779279 	0.65664
0.78008 	0.657441
0.780881 	0.658235
0.781682 	0.659025
0.782482 	0.659809
0.783283 	0.660587
0.784084 	0.661361
0.784885 	0.662129
0.785686 	0.662892
0.786486 	0.663649
0.787287 	0.664402
0.788088 	0.66515
0.788889 	0.665892
0.78969 	0.66663
0.79049 	0.667362
0.791291 	0.66809
0.792092 	0.668812
0.792893 	0.66953
0.793694 	0.670243
0.794494 	0.670952
0.795295 	0.671655
0.796096 	0.672354
0.796897 	0.673049
0.797698 	0.673738
0.798498 	0.674423
0.799299 	0.675104
0.8001 	0.67578
0.800901 	0.676452
0.801702 	0.677119
0.802503 	0.677782
0.803303 	0.67844
0.804104 	0.679094
0.804905 	0.679744
0.805706 	0.68039
0.806507 	0.681031
0.807307 	0.681668
0.808108 	0.682301
0.808909 	0.68293
0.80971 	0.683555
0.810511 	0.684176
0.811311 	0.684793
0.812112 	0.685406
0.812913 	0.686015
0.813714 	0.68662
0.814515 	0.687221
0.815315 	0.687818
0.816116 	0.688412
0.816917 	0.689002
0.817718 	0.689588
0.818519 	0.69017
0.819319 	0.690749
0.82012 	0.691324
0.820921 	0.691896
0.821722 	0.692463
0.822523 	0.693028
0.823323 	0.693589
0.824124 	0.694146
0.824925 	0.6947
0.825726 	0.69525
0.826527 	0.695797
0.827327 	0.696341
0.828128 	0.696882
0.828929 	0.697419
0.82973 	0.697952
0.830531 	0.698483
0.831331 	0.69901
0.832132 	0.699535
0.832933 	0.700056
0.833734 	0.700573
0.834535 	0.701088
0.835335 	0.7016
0.836136 	0.702108
0.836937 	0.702614
0.837738 	0.703117
0.838539 	0.703616
0.839339 	0.704113
0.84014 	0.704607
0.840941 	0.705098
0.841742 	0.705586
0.842543 	0.706071
0.843343 	0.706554
0.844144 	0.707033
0.844945 	0.70751
0.845746 	0.707984
0.846547 	0.708456
0.847347 	0.708925
0.848148 	0.709391
0.848949 	0.709854
0.84975 	0.710315
0.850551 	0.710773
0.851351 	0.711229
0.852152 	0.711682
0.852953 	0.712133
0.853754 	0.712581
0.854555 	0.713027
0.855355 	0.71347
0.856156 	0.713911
0.856957 	0.71435
0.857758 	0.714786
0.858559 	0.71522
0.859359 	0.715651
0.86016 	0.71608
0.860961 	0.716507
0.861762 	0.716932
0.862563 	0.717354
0.863363 	0.717774
0.864164 	0.718192
0.864965 	0.718608
0.865766 	0.719022
0.866567 	0.719433
0.867367 	0.719843
0.868168 	0.72025
0.868969 	0.720655
0.86977 	0.721058
0.870571 	0.721459
0.871371 	0.721859
0.872172 	0.722256
0.872973 	0.722651
0.873774 	0.723044
0.874575 	0.723436
0.875375 	0.723825
0.876176 	0.724212
0.876977 	0.724598
0.877778 	0.724982
0.878579 	0.725364
0.879379 	0.725744
0.88018 	0.726122
0.880981 	0.726499
0.881782 	0.726874
0.882583 	0.727247
0.883383 	0.727618
0.884184 	0.727987
0.884985 	0.728355
0.885786 	0.728722
0.886587 	0.729086
0.887387 	0.729449
0.888188 	0.72981
0.888989 	0.73017
0.88979 	0.730528
0.890591 	0.730885
0.891391 	0.73124
0.892192 	0.731593
0.892993 	0.731945
0.893794 	0.732295
0.894595 	0.732644
0.895395 	0.732991
0.896196 	0.733337
0.896997 	0.733682
0.897798 	0.734025
0.898599 	0.734366
0.899399 	0.734707
0.9002 	0.735046
0.901001 	0.735383
0.901802 	0.735719
0.902603 	0.736054
0.903403 	0.736387
0.904204 	0.736719
0.905005 	0.73705
0.905806 	0.73738
0.906607 	0.737708
0.907407 	0.738035
0.908208 	0.73836
0.909009 	0.738685
0.90981 	0.739008
0.910611 	0.73933
0.911411 	0.739651
0.912212 	0.739971
0.913013 	0.740289
0.913814 	0.740607
0.914615 	0.740923
0.915415 	0.741238
0.916216 	0.741552
0.917017 	0.741864
0.917818 	0.742176
0.918619 	0.742487
0.919419 	0.742796
0.92022 	0.743105
0.921021 	0.743412
0.921822 	0.743719
0.922623 	0.744024
0.923423 	0.744328
0.924224 	0.744632
0.925025 	0.744934
0.925826 	0.745236
0.926627 	0.745536
0.927427 	0.745835
0.928228 	0.746134
0.929029 	0.746432
0.92983 	0.746728
0.930631 	0.747024
0.931431 	0.747319
0.932232 	0.747613
0.933033 	0.747906
0.933834 	0.748198
0.934635 	0.748489
0.935435 	0.748779
0.936236 	0.749069
0.937037 	0.749358
0.937838 	0.749645
0.938639 	0.749933
0.939439 	0.750219
0.94024 	0.750504
0.941041 	0.750789
0.941842 	0.751073
0.942643 	0.751356
0.943443 	0.751638
0.944244 	0.75192
0.945045 	0.7522
0.945846 	0.752481
0.946647 	0.75276
0.947447 	0.753038
0.948248 	0.753316
0.949049 	0.753593
0.94985 	0.75387
0.950651 	0.754146
0.951451 	0.754421
0.952252 	0.754695
0.953053 	0.754969
0.953854 	0.755242
0.954655 	0.755514
0.955455 	0.755786
0.956256 	0.756057
0.957057 	0.756328
0.957858 	0.756598
0.958659 	0.756867
0.959459 	0.757135
0.96026 	0.757403
0.961061 	0.757671
0.961862 	0.757938
0.962663 	0.758204
0.963463 	0.758469
0.964264 	0.758735
0.965065 	0.758999
0.965866 	0.759263
0.966667 	0.759526
0.967467 	0.759789
0.968268 	0.760051
0.969069 	0.760313
0.96987 	0.760574
0.970671 	0.760835
0.971471 	0.761095
0.972272 	0.761355
0.973073 	0.761614
0.973874 	0.761873
0.974675 	0.762131
0.975475 	0.762389
0.976276 	0.762646
0.977077 	0.762902
0.977878 	0.763159
0.978679 	0.763414
0.979479 	0.76367
0.98028 	0.763924
0.981081 	0.764179
0.981882 	0.764433
0.982683 	0.764686
0.983483 	0.764939
0.984284 	0.765192
0.985085 	0.765444
0.985886 	0.765696
0.986687 	0.765947
0.987487 	0.766198
0.988288 	0.766448
0.989089 	0.766698
0.98989 	0.766948
0.990691 	0.767197
0.991491 	0.767446
0.992292 	0.767694
0.993093 	0.767942
0.993894 	0.76819
0.994695 	0.768437
0.995495 	0.768684
0.996296 	0.768931
0.997097 	0.769177
0.997898 	0.769422
0.998699 	0.769668
0.999499 	0.769913
1.0003 	0.770157
1.0011 	0.770402
1.0019 	0.770646
1.0027 	0.770889
1.0035 	0.771133
1.0043 	0.771376
1.00511 	0.771618
1.00591 	0.77186
1.00671 	0.772102
1.00751 	0.772344
1.00831 	0.772585
1.00911 	0.772826
1.00991 	0.773067
1.01071 	0.773307
1.01151 	0.773547
1.01231 	0.773787
1.01311 	0.774026
1.01391 	0.774265
1.01471 	0.774504
1.01552 	0.774742
1.01632 	0.77498
1.01712 	0.775218
1.01792 	0.775455
1.01872 	0.775693
1.01952 	0.77593
1.02032 	0.776166
1.02112 	0.776403
1.02192 	0.776639
1.02272 	0.776874
1.02352 	0.77711
1.02432 	0.777345
1.02513 	0.77758
1.02593 	0.777815
1.02673 	0.778049
1.02753 	0.778283
1.02833 	0.778517
1.02913 	0.778751
1.02993 	0.778984
1.03073 	0.779217
1.03153 	0.77945
1.03233 	0.779682
1.03313 	0.779914
1.03393 	0.780146
1.03473 	0.780378
1.03554 	0.78061
1.03634 	0.780841
1.03714 	0.781072
1.03794 	0.781302
1.03874 	0.781533
1.03954 	0.781763
1.04034 	0.781993
1.04114 	0.782223
1.04194 	0.782452
1.04274 	0.782681
1.04354 	0.78291
1.04434 	0.783139
1.04515 	0.783367
1.04595 	0.783595
1.04675 	0.783823
1.04755 	0.784051
1.04835 	0.784279
1.04915 	0.784506
1.04995 	0.784733
1.05075 	0.78496
1.05155 	0.785186
1.05235 	0.785412
1.05315 	0.785639
1.05395 	0.785864
1.05475 	0.78609
1.05556 	0.786315
1.05636 	0.78654
1.05716 	0.786765
1.05796 	0.78699
1.05876 	0.787214
1.05956 	0.787439
1.06036 	0.787663
1.06116 	0.787886
1.06196 	0.78811
1.06276 	0.788333
1.06356 	0.788556
1.06436 	0.788779
1.06517 	0.789001
1.06597 	0.789224
1.06677 	0.789446
1.06757 	0.789668
1.06837 	0.78989
1.06917 	0.790111
1.06997 	0.790332
1.07077 	0.790553
1.07157 	0.790774
1.07237 	0.790995
1.07317 	0.791215
1.07397 	0.791435
1.07477 	0.791655
1.07558 	0.791874
1.07638 	0.792094
1.07718 	0.792313
1.07798 	0.792532
1.07878 	0.792751
1.07958 	0.792969
1.08038 	0.793188
1.08118 	0.793406
1.08198 	0.793623
1.08278 	0.793841
1.08358 	0.794058
1.08438 	0.794276
1.08519 	0.794493
1.08599 	0.794709
1.08679 	0.794926
1.08759 	0.795142
1.08839 	0.795358
1.08919 	0.795574
1.08999 	0.795789
1.09079 	0.796005
1.09159 	0.79622
1.09239 	0.796435
1.09319 	0.796649
1.09399 	0.796864
1.09479 	0.797078
1.0956 	0.797292
1.0964 	0.797506
1.0972 	0.797719
1.098 	0.797933
1.0988 	0.798146
1.0996 	0.798358
1.1004 	0.798571
1.1012 	0.798783
1.102 	0.798996
1.1028 	0.799208
1.1036 	0.799419
1.1044 	0.799631
1.10521 	0.799842
1.10601 	0.800053
1.10681 	0.800264
1.10761 	0.800474
1.10841 	0.800684
1.10921 	0.800894
1.11001 	0.801104
1.11081 	0.801314
1.11161 	0.801523
1.11241 	0.801732
1.11321 	0.801941
1.11401 	0.80215
1.11481 	0.802358
1.11562 	0.802566
1.11642 	0.802774
1.11722 	0.802982
1.11802 	0.803189
1.11882 	0.803397
1.11962 	0.803604
1.12042 	0.80381
1.12122 	0.804017
1.12202 	0.804223
1.12282 	0.804429
1.12362 	0.804635
1.12442 	0.80484
1.12523 	0.805046
1.12603 	0.805251
1.12683 	0.805456
1.12763 	0.80566
1.12843 	0.805864
1.12923 	0.806069
1.13003 	0.806272
1.13083 	0.806476
1.13163 	0.806679
1.13243 	0.806882
1.13323 	0.807085
1.13403 	0.807288
1.13483 	0.80749
1.13564 	0.807692
1.13644 	0.807894
1.13724 	0.808096
1.13804 	0.808297
1.13884 	0.808498
1.13964 	0.808699
1.14044 	0.8089
1.14124 	0.8091
1.14204 	0.8093
1.14284 	0.8095
1.14364 	0.8097
1.14444 	0.809899
1.14525 	0.810098
1.14605 	0.810297
1.14685 	0.810495
1.14765 	0.810694
1.14845 	0.810892
1.14925 	0.81109
1.15005 	0.811287
1.15085 	0.811485
1.15165 	0.811682
1.15245 	0.811878
1.15325 	0.812075
1.15405 	0.812271
1.15485 	0.812467
1.15566 	0.812663
1.15646 	0.812858
1.15726 	0.813054
1.15806 	0.813249
1.15886 	0.813443
1.15966 	0.813638
1.16046 	0.813832
1.16126 	0.814026
1.16206 	0.81422
1.16286 	0.814413
1.16366 	0.814606
1.16446 	0.814799
1.16527 	0.814992
1.16607 	0.815184
1.16687 	0.815377
1.16767 	0.815568
1.16847 	0.81576
1.16927 	0.815951
1.17007 	0.816142
1.17087 	0.816333
1.17167 	0.816524
1.17247 	0.816714
1.17327 	0.816904
1.17407 	0.817094
1.17487 	0.817283
1.17568 	0.817473
1.17648 	0.817662
1.17728 	0.81785
1.17808 	0.818039
1.17888 	0.818227
1.17968 	0.818415
1.18048 	0.818603
1.18128 	0.81879
1.18208 	0.818977
1.18288 	0.819164
1.18368 	0.819351
1.18448 	0.819537
1.18529 	0.819723
1.18609 	0.819909
1.18689 	0.820094
1.18769 	0.82028
1.18849 	0.820465
1.18929 	0.820649
1.19009 	0.820834
1.19089 	0.821018
1.19169 	0.821202
1.19249 	0.821386
1.19329 	0.821569
1.19409 	0.821752
1.19489 	0.821935
1.1957 	0.822118
1.1965 	0.8223
1.1973 	0.822482
1.1981 	0.822664
1.1989 	0.822846
1.1997 	0.823027
1.2005 	0.823208
1.2013 	0.823389
1.2021 	0.823569
1.2029 	0.82375
1.2037 	0.82393
1.2045 	0.824109
1.20531 	0.824289
1.20611 	0.824468
1.20691 	0.824647
1.20771 	0.824826
1.20851 	0.825004
1.20931 	0.825182
1.21011 	0.82536
1.21091 	0.825538
1.21171 	0.825715
1.21251 	0.825892
1.21331 	0.826069
1.21411 	0.826246
1.21491 	0.826422
1.21572 	0.826598
1.21652 	0.826774
1.21732 	0.82695
1.21812 	0.827125
1.21892 	0.8273
1.21972 	0.827475
1.22052 	0.82765
1.22132 	0.827824
1.22212 	0.827998
1.22292 	0.828172
1.22372 	0.828345
1.22452 	0.828519
1.22533 	0.828692
1.22613 	0.828864
1.22693 	0.829037
1.22773 	0.829209
1.22853 	0.829381
1.22933 	0.829553
1.23013 	0.829725
1.23093 	0.829896
1.23173 	0.830067
1.23253 	0.830238
1.23333 	0.830408
1.23413 	0.830579
1.23493 	0.830749
1.23574 	0.830919
1.23654 	0.831088
1.23734 	0.831258
1.23814 	0.831427
1.23894 	0.831596
1.23974 	0.831764
1.24054 	0.831933
1.24134 	0.832101
1.24214 	0.832269
1.24294 	0.832436
1.24374 	0.832604
1.24454 	0.832771
1.24535 	0.832938
1.24615 	0.833105
1.24695 	0.833271
1.24775 	0.833438
1.24855 	0.833604
1.24935 	0.833769
1.25015 	0.833935
1.25095 	0.8341
1.25175 	0.834265
1.25255 	0.83443
1.25335 	0.834595
1.25415 	0.834759
1.25495 	0.834924
1.25576 	0.835088
1.25656 	0.835252
1.25736 	0.835415
1.25816 	0.835578
1.25896 	0.835742
1.25976 	0.835904
1.26056 	0.836067
1.26136 	0.83623
1.26216 	0.836392
1.26296 	0.836554
1.26376 	0.836716
1.26456 	0.836877
1.26537 	0.837039
1.26617 	0.8372
1.26697 	0.837361
1.26777 	0.837522
1.26857 	0.837682
1.26937 	0.837843
1.27017 	0.838003
1.27097 	0.838163
1.27177 	0.838323
1.27257 	0.838482
1.27337 	0.838642
1.27417 	0.838801
1.27497 	0.83896
1.27578 	0.839119
1.27658 	0.839277
1.27738 	0.839436
1.27818 	0.839594
1.27898 	0.839752
1.27978 	0.83991
1.28058 	0.840067
1.28138 	0.840225
1.28218 	0.840382
1.28298 	0.840539
1.28378 	0.840696
1.28458 	0.840853
1.28539 	0.841009
1.28619 	0.841166
1.28699 	0.841322
1.28779 	0.841478
1.28859 	0.841634
1.28939 	0.841789
1.29019 	0.841945
1.29099 	0.8421
1.29179 	0.842255
1.29259 	0.84241
1.29339 	0.842565
1.29419 	0.84272
1.29499 	0.842874
1.2958 	0.843029
1.2966 	0.843183
1.2974 	0.843337
1.2982 	0.843491
1.299 	0.843644
1.2998 	0.843798
1.3006 	0.843951
1.3014 	0.844105
1.3022 	0.844258
1.303 	0.844411
1.3038 	0.844563
1.3046 	0.844716
1.30541 	0.844868
1.30621 	0.845021
1.30701 	0.845173
1.30781 	0.845325
1.30861 	0.845477
1.30941 	0.845629
1.31021 	0.84578
1.31101 	0.845932
1.31181 	0.846083
1.31261 	0.846234
1.31341 	0.846385
1.31421 	0.846536
1.31502 	0.846687
1.31582 	0.846838
1.31662 	0.846988
1.31742 	0.847139
1.31822 	0.847289
1.31902 	0.847439
1.31982 	0.847589
1.32062 	0.847739
1.32142 	0.847889
1.32222 	0.848039
1.32302 	0.848189
1.32382 	0.848338
1.32462 	0.848487
1.32543 	0.848637
1.32623 	0.848786
1.32703 	0.848935
1.32783 	0.849084
1.32863 	0.849233
1.32943 	0.849381
1.33023 	0.84953
1.33103 	0.849678
1.33183 	0.849827
1.33263 	0.849975
1.33343 	0.850123
1.33423 	0.850271
1.33504 	0.850419
1.33584 	0.850567
1.33664 	0.850715
1.33744 	0.850863
1.33824 	0.851011
1.33904 	0.851158
1.33984 	0.851306
1.34064 	0.851453
1.34144 	0.8516
1.34224 	0.851748
1.34304 	0.851895
1.34384 	0.852042
1.34464 	0.852189
1.34545 	0.852336
1.34625 	0.852482
1.34705 	0.852629
1.34785 	0.852776
1.34865 	0.852922
1.34945 	0.853069
1.35025 	0.853215
1.35105 	0.853362
1.35185 	0.853508
1.35265 	0.853654
1.35345 	0.8538
1.35425 	0.853946
1.35506 	0.854092
1.35586 	0.854238
1.35666 	0.854384
1.35746 	0.85453
1.35826 	0.854676
1.35906 	0.854822
1.35986 	0.854967
1.36066 	0.855113
1.36146 	0.855258
1.36226 	0.855404
1.36306 	0.855549
1.36386 	0.855694
1.36466 	0.85584
1.36547 	0.855985
1.36627 	0.85613
1.36707 	0.856275
1.36787 	0.85642
1.36867 	0.856566
1.36947 	0.856711
1.37027 	0.856855
1.37107 	0.857
1.37187 	0.857145
1.37267 	0.85729
1.37347 	0.857435
1.37427 	0.857579
1.37508 	0.857724
1.37588 	0.857869
1.37668 	0.858013
1.37748 	0.858158
1.37828 	0.858302
1.37908 	0.858447
1.37988 	0.858591
1.38068 	0.858736
1.38148 	0.85888
1.38228 	0.859024
1.38308 	0.859168
1.38388 	0.859313
1.38468 	0.859457
1.38549 	0.859601
1.38629 	0.859745
1.38709 	0.859889
1.38789 	0.860033
1.38869 	0.860177
1.38949 	0.860321
1.39029 	0.860465
1.39109 	0.860609
1.39189 	0.860753
1.39269 	0.860896
1.39349 	0.86104
1.39429 	0.861184
1.3951 	0.861328
1.3959 	0.861471
1.3967 	0.861615
1.3975 	0.861758
1.3983 	0.861902
1.3991 	0.862045
1.3999 	0.862189
1.4007 	0.862332
1.4015 	0.862476
1.4023 	0.862619
1.4031 	0.862762
1.4039 	0.862906
1.4047 	0.863049
1.40551 	0.863192
1.40631 	0.863335
1.40711 	0.863478
1.40791 	0.863621
1.40871 	0.863764
1.40951 	0.863907
1.41031 	0.86405
1.41111 	0.864193
1.41191 	0.864336
1.41271 	0.864479
1.41351 	0.864622
1.41431 	0.864764
1.41512 	0.864907
1.41592 	0.86505
1.41672 	0.865192
1.41752 	0.865335
1.41832 	0.865477
1.41912 	0.865619
1.41992 	0.865762
1.42072 	0.865904
1.42152 	0.866046
1.42232 	0.866189
1.42312 	0.866331
1.42392 	0.866473
1.42472 	0.866615
1.42553 	0.866757
1.42633 	0.866898
1.42713 	0.86704
1.42793 	0.867182
1.42873 	0.867324
1.42953 	0.867465
1.43033 	0.867607
1.43113 	0.867748
1.43193 	0.86789
1.43273 	0.868031
1.43353 	0.868172
1.43433 	0.868313
1.43514 	0.868454
1.43594 	0.868595
1.43674 	0.868736
1.43754 	0.868877
1.43834 	0.869017
1.43914 	0.869158
1.43994 	0.869299
1.44074 	0.869439
1.44154 	0.869579
1.44234 	0.869719
1.44314 	0.869859
1.44394 	0.869999
1.44474 	0.870139
1.44555 	0.870279
1.44635 	0.870418
1.44715 	0.870558
1.44795 	0.870697
1.44875 	0.870837
1.44955 	0.870976
1.45035 	0.871115
1.45115 	0.871253
1.45195 	0.871392
1.45275 	0.871531
1.45355 	0.871669
1.45435 	0.871807
1.45516 	0.871945
1.45596 	0.872083
1.45676 	0.872221
1.45756 	0.872359
1.45836 	0.872496
1.45916 	0.872633
1.45996 	0.87277
1.46076 	0.872907
1.46156 	0.873044
1.46236 	0.87318
1.46316 	0.873317
1.46396 	0.873453
1.46476 	0.873589
1.46557 	0.873724
1.46637 	0.87386
1.46717 	0.873995
1.46797 	0.87413
1.46877 	0.874265
1.46957 	0.8744
1.47037 	0.874534
1.47117 	0.874668
1.47197 	0.874802
1.47277 	0.874936
1.47357 	0.875069
1.47437 	0.875202
1.47518 	0.875335
1.47598 	0.875468
1.47678 	0.8756
1.47758 	0.875732
1.47838 	0.875864
1.47918 	0.875995
1.47998 	0.876126
1.48078 	0.876257
1.48158 	0.876388
1.48238 	0.876518
1.48318 	0.876648
1.48398 	0.876777
1.48478 	0.876907
1.48559 	0.877035
1.48639 	0.877164
1.48719 	0.877292
1.48799 	0.87742
1.48879 	0.877547
1.48959 	0.877675
1.49039 	0.877801
1.49119 	0.877928
1.49199 	0.878054
1.49279 	0.878179
1.49359 	0.878304
1.49439 	0.878429
1.4952 	0.878553
1.496 	0.878677
1.4968 	0.8788
1.4976 	0.878923
1.4984 	0.879046
1.4992 	0.879168
1.5 	0.879289
