# x              	y             
0.5 	0.991193
0.5004 	0.991121
0.500801 	0.991048
0.501201 	0.990976
0.501602 	0.990903
0.502002 	0.99083
0.502402 	0.990757
0.502803 	0.990684
0.503203 	0.990611
0.503604 	0.990537
0.504004 	0.990464
0.504404 	0.990391
0.504805 	0.990317
0.505205 	0.990244
0.505606 	0.99017
0.506006 	0.990096
0.506406 	0.990023
0.506807 	0.989949
0.507207 	0.989875
0.507608 	0.989801
0.508008 	0.989727
0.508408 	0.989653
0.508809 	0.989579
0.509209 	0.989504
0.50961 	0.98943
0.51001 	0.989356
0.51041 	0.989281
0.510811 	0.989207
0.511211 	0.989132
0.511612 	0.989057
0.512012 	0.988983
0.512412 	0.988908
0.512813 	0.988833
0.513213 	0.988758
0.513614 	0.988683
0.514014 	0.988608
0.514414 	0.988533
0.514815 	0.988458
0.515215 	0.988383
0.515616 	0.988308
0.516016 	0.988233
0.516416 	0.988157
0.516817 	0.988082
0.517217 	0.988006
0.517618 	0.987931
0.518018 	0.987855
0.518418 	0.98778
0.518819 	0.987704
0.519219 	0.987628
0.51962 	0.987553
0.52002 	0.987477
0.52042 	0.987401
0.520821 	0.987325
0.521221 	0.987249
0.521622 	0.987173
0.522022 	0.987097
0.522422 	0.987021
0.522823 	0.986945
0.523223 	0.986869
0.523624 	0.986792
0.524024 	0.986716
0.524424 	0.98664
0.524825 	0.986563
0.525225 	0.986487
0.525626 	0.986411
0.526026 	0.986334
0.526426 	0.986258
0.526827 	0.986181
0.527227 	0.986104
0.527628 	0.986028
0.528028 	0.985951
0.528428 	0.985874
0.528829 	0.985797
0.529229 	0.985721
0.52963 	0.985644
0.53003 	0.985567
0.53043 	0.98549
0.530831 	0.985413
0.531231 	0.985336
0.531632 	0.985259
0.532032 	0.985182
0.532432 	0.985105
0.532833 	0.985028
0.533233 	0.98495
0.533634 	0.984873
0.534034 	0.984796
0.534434 	0.984719
0.534835 	0.984641
0.535235 	0.984564
0.535636 	0.984486
0.536036 	0.984409
0.536436 	0.984332
0.536837 	0.984254
0.537237 	0.984176
0.537638 	0.984099
0.538038 	0.984021
0.538438 	0.983944
0.538839 	0.983866
0.539239 	0.983788
0.53964 	0.983711
0.54004 	0.983633
0.54044 	0.983555
0.540841 	0.983477
0.541241 	0.983399
0.541642 	0.983321
0.542042 	0.983244
0.542442 	0.983166
0.542843 	0.983088
0.543243 	0.98301
0.543644 	0.982932
0.544044 	0.982853
0.544444 	0.982775
0.544845 	0.982697
0.545245 	0.982619
0.545646 	0.982541
0.546046 	0.982463
0.546446 	0.982384
0.546847 	0.982306
0.547247 	0.982228
0.547648 	0.98215
0.548048 	0.982071
0.548448 	0.981993
0.548849 	0.981914
0.549249 	0.981836
0.54965 	0.981758
0.55005 	0.981679
0.55045 	0.9816
0.550851 	0.981522
0.551251 	0.981443
0.551652 	0.981365
0.552052 	0.981286
0.552452 	0.981207
0.552853 	0.981129
0.553253 	0.98105
0.553654 	0.980971
0.554054 	0.980893
0.554454 	0.980814
0.554855 	0.980735
0.555255 	0.980656
0.555656 	0.980577
0.556056 	0.980498
0.556456 	0.980419
0.556857 	0.98034
0.557257 	0.980261
0.557658 	0.980182
0.558058 	0.980103
0.558458 	0.980024
0.558859 	0.979945
0.559259 	0.979866
0.55966 	0.979787
0.56006 	0.979708
0.56046 	0.979629
0.560861 	0.979549
0.561261 	0.97947
0.561662 	0.979391
0.562062 	0.979312
0.562462 	0.979232
0.562863 	0.979153
0.563263 	0.979074
0.563664 	0.978994
0.564064 	0.978915
0.564464 	0.978835
0.564865 	0.978756
0.565265 	0.978676
0.565666 	0.978597
0.566066 	0.978517
0.566466 	0.978438
0.566867 	0.978358
0.567267 	0.978278
0.567668 	0.978199
0.568068 	0.978119
0.568468 	0.978039
0.568869 	0.977959
0.569269 	0.97788
0.56967 	0.9778
0.57007 	0.97772
0.57047 	0.97764
0.570871 	0.97756
0.571271 	0.97748
0.571672 	0.9774
0.572072 	0.97732
0.572472 	0.97724
0.572873 	0.97716
0.573273 	0.97708
0.573674 	0.977
0.574074 	0.97692
0.574474 	0.97684
0.574875 	0.97676
0.575275 	0.976679
0.575676 	0.976599
0.576076 	0.976519
0.576476 	0.976438
0.576877 	0.976358
0.577277 	0.976278
0.577678 	0.976197
0.578078 	0.976117
0.578478 	0.976036
0.578879 	0.975956
0.579279 	0.975875
0.57968 	0.975795
0.58008 	0.975714
0.58048 	0.975634
0.580881 	0.975553
0.581281 	0.975472
0.581682 	0.975392
0.582082 	0.975311
0.582482 	0.97523
0.582883 	0.975149
0.583283 	0.975069
0.583684 	0.974988
0.584084 	0.974907
0.584484 	0.974826
0.584885 	0.974745
0.585285 	0.974664
0.585686 	0.974583
0.586086 	0.974502
0.586486 	0.974421
0.586887 	0.97434
0.587287 	0.974258
0.587688 	0.974177
0.588088 	0.974096
0.588488 	0.974015
0.588889 	0.973933
0.589289 	0.973852
0.58969 	0.973771
0.59009 	0.973689
0.59049 	0.973608
0.590891 	0.973526
0.591291 	0.973445
0.591692 	0.973363
0.592092 	0.973282
0.592492 	0.9732
0.592893 	0.973118
0.593293 	0.973037
0.593694 	0.972955
0.594094 	0.972873
0.594494 	0.972791
0.594895 	0.97271
0.595295 	0.972628
0.595696 	0.972546
0.596096 	0.972464
0.596496 	0.972382
0.596897 	0.9723
0.597297 	0.972218
0.597698 	0.972136
0.598098 	0.972053
0.598498 	0.971971
0.598899 	0.971889
0.599299 	0.971807
0.5997 	0.971724
0.6001 	0.971642
0.600501 	0.97156
0.600901 	0.971477
0.601301 	0.971395
0.601702 	0.971312
0.602102 	0.97123
0.602503 	0.971147
0.602903 	0.971064
0.603303 	0.970982
0.603704 	0.970899
0.604104 	0.970816
0.604505 	0.970733
0.604905 	0.970651
0.605305 	0.970568
0.605706 	0.970485
0.606106 	0.970402
0.606507 	0.970319
0.606907 	0.970236
0.607307 	0.970153
0.607708 	0.970069
0.608108 	0.969986
0.608509 	0.969903
0.608909 	0.96982
0.609309 	0.969736
0.60971 	0.969653
0.61011 	0.969569
0.610511 	0.969486
0.610911 	0.969402
0.611311 	0.969319
0.611712 	0.969235
0.612112 	0.969151
0.612513 	0.969068
0.612913 	0.968984
0.613313 	0.9689
0.613714 	0.968816
0.614114 	0.968732
0.614515 	0.968648
0.614915 	0.968564
0.615315 	0.96848
0.615716 	0.968396
0.616116 	0.968312
0.616517 	0.968228
0.616917 	0.968143
0.617317 	0.968059
0.617718 	0.967975
0.618118 	0.96789
0.618519 	0.967806
0.618919 	0.967721
0.619319 	0.967637
0.61972 	0.967552
0.62012 	0.967467
0.620521 	0.967383
0.620921 	0.967298
0.621321 	0.967213
0.621722 	0.967128
0.622122 	0.967043
0.622523 	0.966958
0.622923 	0.966873
0.623323 	0.966788
0.623724 	0.966703
0.624124 	0.966618
0.624525 	0.966532
0.624925 	0.966447
0.625325 	0.966362
0.625726 	0.966276
0.626126 	0.966191
0.626527 	0.966105
0.626927 	0.96602
0.627327 	0.965934
0.627728 	0.965848
0.628128 	0.965762
0.628529 	0.965676
0.628929 	0.965591
0.629329 	0.965505
0.62973 	0.965419
0.63013 	0.965333
0.630531 	0.965246
0.630931 	0.96516
0.631331 	0.965074
0.631732 	0.964988
0.632132 	0.964901
0.632533 	0.964815
0.632933 	0.964728
0.633333 	0.964642
0.633734 	0.964555
0.634134 	0.964468
0.634535 	0.964382
0.634935 	0.964295
0.635335 	0.964208
0.635736 	0.964121
0.636136 	0.964034
0.636537 	0.963947
0.636937 	0.96386
0.637337 	0.963773
0.637738 	0.963685
0.638138 	0.963598
0.638539 	0.963511
0.638939 	0.963423
0.639339 	0.963336
0.63974 	0.963248
0.64014 	0.963161
0.640541 	0.963073
0.640941 	0.962985
0.641341 	0.962897
0.641742 	0.96281
0.642142 	0.962722
0.642543 	0.962634
0.642943 	0.962545
0.643343 	0.962457
0.643744 	0.962369
0.644144 	0.962281
0.644545 	0.962192
0.644945 	0.962104
0.645345 	0.962015
0.645746 	0.961927
0.646146 	0.961838
0.646547 	0.96175
0.646947 	0.961661
0.647347 	0.961572
0.647748 	0.961483
0.648148 	0.961394
0.648549 	0.961305
0.648949 	0.961216
0.649349 	0.961127
0.64975 	0.961037
0.65015 	0.960948
0.650551 	0.960859
0.650951 	0.960769
0.651351 	0.96068
0.651752 	0.96059
0.652152 	0.9605
0.652553 	0.960411
0.652953 	0.960321
0.653353 	0.960231
0.653754 	0.960141
0.654154 	0.960051
0.654555 	0.959961
0.654955 	0.959871
0.655355 	0.95978
0.655756 	0.95969
0.656156 	0.9596
0.656557 	0.959509
0.656957 	0.959419
0.657357 	0.959328
0.657758 	0.959237
0.658158 	0.959146
0.658559 	0.959056
0.658959 	0.958965
0.659359 	0.958874
0.65976 	0.958782
0.66016 	0.958691
0.660561 	0.9586
0.660961 	0.958509
0.661361 	0.958417
0.661762 	0.958326
0.662162 	0.958234
0.662563 	0.958143
0.662963 	0.958051
0.663363 	0.957959
0.663764 	0.957867
0.664164 	0.957775
0.664565 	0.957683
0.664965 	0.957591
0.665365 	0.957499
0.665766 	0.957407
0.666166 	0.957315
0.666567 	0.957222
0.666967 	0.95713
0.667367 	0.957037
0.667768 	0.956944
0.668168 	0.956852
0.668569 	0.956759
0.668969 	0.956666
0.669369 	0.956573
0.66977 	0.95648
0.67017 	0.956387
0.670571 	0.956294
0.670971 	0.9562
0.671371 	0.956107
0.671772 	0.956013
0.672172 	0.95592
0.672573 	0.955826
0.672973 	0.955733
0.673373 	0.955639
0.673774 	0.955545
0.674174 	0.955451
0.674575 	0.955357
0.674975 	0.955263
0.675375 	0.955169
0.675776 	0.955074
0.676176 	0.95498
0.676577 	0.954885
0.676977 	0.954791
0.677377 	0.954696
0.677778 	0.954601
0.678178 	0.954507
0.678579 	0.954412
0.678979 	0.954317
0.679379 	0.954222
0.67978 	0.954127
0.68018 	0.954031
0.680581 	0.953936
0.680981 	0.953841
0.681381 	0.953745
0.681782 	0.95365
0.682182 	0.953554
0.682583 	0.953458
0.682983 	0.953362
0.683383 	0.953266
0.683784 	0.95317
0.684184 	0.953074
0.684585 	0.952978
0.684985 	0.952882
0.685385 	0.952786
0.685786 	0.952689
0.686186 	0.952593
0.686587 	0.952496
0.686987 	0.952399
0.687387 	0.952302
0.687788 	0.952206
0.688188 	0.952109
0.688589 	0.952012
0.688989 	0.951914
0.689389 	0.951817
0.68979 	0.95172
0.69019 	0.951622
0.690591 	0.951525
0.690991 	0.951427
0.691391 	0.95133
0.691792 	0.951232
0.692192 	0.951134
0.692593 	0.951036
0.692993 	0.950938
0.693393 	0.95084
0.693794 	0.950741
0.694194 	0.950643
0.694595 	0.950545
0.694995 	0.950446
0.695395 	0.950348
0.695796 	0.950249
0.696196 	0.95015
0.696597 	0.950051
0.696997 	0.949952
0.697397 	0.949853
0.697798 	0.949754
0.698198 	0.949655
0.698599 	0.949555
0.698999 	0.949456
0.699399 	0.949356
0.6998 	0.949257
0.7002 	0.949157
0.700601 	0.949057
0.701001 	0.948957
0.701401 	0.948857
0.701802 	0.948757
0.702202 	0.948657
0.702603 	0.948557
0.703003 	0.948456
0.703403 	0.948356
0.703804 	0.948255
0.704204 	0.948154
0.704605 	0.948054
0.705005 	0.947953
0.705405 	0.947852
0.705806 	0.947751
0.706206 	0.94765
0.706607 	0.947548
0.707007 	0.947447
0.707407 	0.947346
0.707808 	0.947244
0.708208 	0.947142
0.708609 	0.947041
0.709009 	0.946939
0.709409 	0.946837
0.70981 	0.946735
0.71021 	0.946633
0.710611 	0.94653
0.711011 	0.946428
0.711411 	0.946326
0.711812 	0.946223
0.712212 	0.946121
0.712613 	0.946018
0.713013 	0.945915
0.713413 	0.945812
0.713814 	0.945709
0.714214 	0.945606
0.714615 	0.945503
0.715015 	0.945399
0.715415 	0.945296
0.715816 	0.945192
0.716216 	0.945089
0.716617 	0.944985
0.717017 	0.944881
0.717417 	0.944777
0.717818 	0.944673
0.718218 	0.944569
0.718619 	0.944465
0.719019 	0.944361
0.719419 	0.944256
0.71982 	0.944152
0.72022 	0.944047
0.720621 	0.943942
0.721021 	0.943838
0.721421 	0.943733
0.721822 	0.943628
0.722222 	0.943522
0.722623 	0.943417
0.723023 	0.943312
0.723423 	0.943206
0.723824 	0.943101
0.724224 	0.942995
0.724625 	0.942889
0.725025 	0.942784
0.725425 	0.942678
0.725826 	0.942571
0.726226 	0.942465
0.726627 	0.942359
0.727027 	0.942253
0.727427 	0.942146
0.727828 	0.94204
0.728228 	0.941933
0.728629 	0.941826
0.729029 	0.941719
0.729429 	0.941612
0.72983 	0.941505
0.73023 	0.941398
0.730631 	0.94129
0.731031 	0.941183
0.731431 	0.941075
0.731832 	0.940968
0.732232 	0.94086
0.732633 	0.940752
0.733033 	0.940644
0.733433 	0.940536
0.733834 	0.940428
0.734234 	0.940319
0.734635 	0.940211
0.735035 	0.940103
0.735435 	0.939994
0.735836 	0.939885
0.736236 	0.939776
0.736637 	0.939667
0.737037 	0.939558
0.737437 	0.939449
0.737838 	0.93934
0.738238 	0.93923
0.738639 	0.939121
0.739039 	0.939011
0.739439 	0.938902
0.73984 	0.938792
0.74024 	0.938682
0.740641 	0.938572
0.741041 	0.938461
0.741441 	0.938351
0.741842 	0.938241
0.742242 	0.93813
0.742643 	0.93802
0.743043 	0.937909
0.743443 	0.937798
0.743844 	0.937687
0.744244 	0.937576
0.744645 	0.937465
0.745045 	0.937353
0.745445 	0.937242
0.745846 	0.93713
0.746246 	0.937019
0.746647 	0.936907
0.747047 	0.936795
0.747447 	0.936683
0.747848 	0.936571
0.748248 	0.936459
0.748649 	0.936346
0.749049 	0.936234
0.749449 	0.936121
0.74985 	0.936009
0.75025 	0.935896
0.750651 	0.935783
0.751051 	0.93567
0.751451 	0.935557
0.751852 	0.935443
0.752252 	0.93533
0.752653 	0.935217
0.753053 	0.935103
0.753453 	0.934989
0.753854 	0.934875
0.754254 	0.934761
0.754655 	0.934647
0.755055 	0.934533
0.755455 	0.934418
0.755856 	0.934304
0.756256 	0.934189
0.756657 	0.934075
0.757057 	0.93396
0.757457 	0.933845
0.757858 	0.93373
0.758258 	0.933614
0.758659 	0.933499
0.759059 	0.933384
0.759459 	0.933268
0.75986 	0.933152
0.76026 	0.933037
0.760661 	0.932921
0.761061 	0.932804
0.761461 	0.932688
0.761862 	0.932572
0.762262 	0.932455
0.762663 	0.932339
0.763063 	0.932222
0.763463 	0.932105
0.763864 	0.931988
0.764264 	0.931871
0.764665 	0.931754
0.765065 	0.931636
0.765465 	0.931519
0.765866 	0.931401
0.766266 	0.931284
0.766667 	0.931166
0.767067 	0.931048
0.767467 	0.93093
0.767868 	0.930811
0.768268 	0.930693
0.768669 	0.930574
0.769069 	0.930456
0.769469 	0.930337
0.76987 	0.930218
0.77027 	0.930099
0.770671 	0.929979
0.771071 	0.92986
0.771471 	0.929741
0.771872 	0.929621
0.772272 	0.929501
0.772673 	0.929381
0.773073 	0.929261
0.773473 	0.929141
0.773874 	0.929021
0.774274 	0.9289
0.774675 	0.92878
0.775075 	0.928659
0.775475 	0.928538
0.775876 	0.928417
0.776276 	0.928296
0.776677 	0.928175
0.777077 	0.928053
0.777477 	0.927932
0.777878 	0.92781
0.778278 	0.927688
0.778679 	0.927566
0.779079 	0.927444
0.779479 	0.927322
0.77988 	0.927199
0.78028 	0.927077
0.780681 	0.926954
0.781081 	0.926831
0.781481 	0.926708
0.781882 	0.926585
0.782282 	0.926461
0.782683 	0.926338
0.783083 	0.926214
0.783483 	0.926091
0.783884 	0.925967
0.784284 	0.925843
0.784685 	0.925718
0.785085 	0.925594
0.785485 	0.925469
0.785886 	0.925345
0.786286 	0.92522
0.786687 	0.925095
0.787087 	0.92497
0.787487 	0.924844
0.787888 	0.924719
0.788288 	0.924593
0.788689 	0.924467
0.789089 	0.924342
0.789489 	0.924215
0.78989 	0.924089
0.79029 	0.923963
0.790691 	0.923836
0.791091 	0.923709
0.791491 	0.923582
0.791892 	0.923455
0.792292 	0.923328
0.792693 	0.923201
0.793093 	0.923073
0.793493 	0.922945
0.793894 	0.922818
0.794294 	0.922689
0.794695 	0.922561
0.795095 	0.922433
0.795495 	0.922304
0.795896 	0.922175
0.796296 	0.922047
0.796697 	0.921917
0.797097 	0.921788
0.797497 	0.921659
0.797898 	0.921529
0.798298 	0.921399
0.798699 	0.921269
0.799099 	0.921139
0.799499 	0.921009
0.7999 	0.920878
0.8003 	0.920748
0.800701 	0.920617
0.801101 	0.920486
0.801502 	0.920355
0.801902 	0.920223
0.802302 	0.920092
0.802703 	0.91996
0.803103 	0.919828
0.803504 	0.919696
0.803904 	0.919564
0.804304 	0.919431
0.804705 	0.919298
0.805105 	0.919165
0.805506 	0.919032
0.805906 	0.918899
0.806306 	0.918766
0.806707 	0.918632
0.807107 	0.918498
0.807508 	0.918364
0.807908 	0.91823
0.808308 	0.918095
0.808709 	0.917961
0.809109 	0.917826
0.80951 	0.917691
0.80991 	0.917556
0.81031 	0.91742
0.810711 	0.917285
0.811111 	0.917149
0.811512 	0.917013
0.811912 	0.916877
0.812312 	0.91674
0.812713 	0.916603
0.813113 	0.916467
0.813514 	0.916329
0.813914 	0.916192
0.814314 	0.916055
0.814715 	0.915917
0.815115 	0.915779
0.815516 	0.915641
0.815916 	0.915503
0.816316 	0.915364
0.816717 	0.915225
0.817117 	0.915086
0.817518 	0.914947
0.817918 	0.914807
0.818318 	0.914668
0.818719 	0.914528
0.819119 	0.914388
0.81952 	0.914247
0.81992 	0.914107
0.82032 	0.913966
0.820721 	0.913825
0.821121 	0.913684
0.821522 	0.913542
0.821922 	0.9134
0.822322 	0.913259
0.822723 	0.913116
0.823123 	0.912974
0.823524 	0.912831
0.823924 	0.912688
0.824324 	0.912545
0.824725 	0.912402
0.825125 	0.912258
0.825526 	0.912114
0.825926 	0.91197
0.826326 	0.911826
0.826727 	0.911681
0.827127 	0.911536
0.827528 	0.911391
0.827928 	0.911246
0.828328 	0.9111
0.828729 	0.910954
0.829129 	0.910808
0.82953 	0.910661
0.82993 	0.910515
0.83033 	0.910368
0.830731 	0.910221
0.831131 	0.910073
0.831532 	0.909925
0.831932 	0.909777
0.832332 	0.909629
0.832733 	0.909481
0.833133 	0.909332
0.833534 	0.909183
0.833934 	0.909033
0.834334 	0.908884
0.834735 	0.908734
0.835135 	0.908584
0.835536 	0.908433
0.835936 	0.908282
0.836336 	0.908131
0.836737 	0.90798
0.837137 	0.907828
0.837538 	0.907676
0.837938 	0.907524
0.838338 	0.907372
0.838739 	0.907219
0.839139 	0.907066
0.83954 	0.906913
0.83994 	0.906759
0.84034 	0.906605
0.840741 	0.906451
0.841141 	0.906296
0.841542 	0.906141
0.841942 	0.905986
0.842342 	0.90583
0.842743 	0.905675
0.843143 	0.905518
0.843544 	0.905362
0.843944 	0.905205
0.844344 	0.905048
0.844745 	0.904891
0.845145 	0.904733
0.845546 	0.904575
0.845946 	0.904417
0.846346 	0.904258
0.846747 	0.904099
0.847147 	0.903939
0.847548 	0.90378
0.847948 	0.90362
0.848348 	0.903459
0.848749 	0.903299
0.849149 	0.903138
0.84955 	0.902976
0.84995 	0.902814
0.85035 	0.902652
0.850751 	0.90249
0.851151 	0.902327
0.851552 	0.902164
0.851952 	0.902
0.852352 	0.901836
0.852753 	0.901672
0.853153 	0.901508
0.853554 	0.901343
0.853954 	0.901177
0.854354 	0.901012
0.854755 	0.900846
0.855155 	0.900679
0.855556 	0.900512
0.855956 	0.900345
0.856356 	0.900178
0.856757 	0.90001
0.857157 	0.899841
0.857558 	0.899673
0.857958 	0.899504
0.858358 	0.899334
0.858759 	0.899164
0.859159 	0.898994
0.85956 	0.898823
0.85996 	0.898652
0.86036 	0.898481
0.860761 	0.898309
0.861161 	0.898136
0.861562 	0.897964
0.861962 	0.897791
0.862362 	0.897617
0.862763 	0.897443
0.863163 	0.897269
0.863564 	0.897094
0.863964 	0.896919
0.864364 	0.896743
0.864765 	0.896567
0.865165 	0.896391
0.865566 	0.896214
0.865966 	0.896036
0.866366 	0.895858
0.866767 	0.89568
0.867167 	0.895501
0.867568 	0.895322
0.867968 	0.895143
0.868368 	0.894963
0.868769 	0.894782
0.869169 	0.894601
0.86957 	0.89442
0.86997 	0.894238
0.87037 	0.894055
0.870771 	0.893873
0.871171 	0.893689
0.871572 	0.893505
0.871972 	0.893321
0.872372 	0.893136
0.872773 	0.892951
0.873173 	0.892766
0.873574 	0.892579
0.873974 	0.892393
0.874374 	0.892205
0.874775 	0.892018
0.875175 	0.89183
0.875576 	0.891641
0.875976 	0.891452
0.876376 	0.891262
0.876777 	0.891072
0.877177 	0.890881
0.877578 	0.89069
0.877978 	0.890498
0.878378 	0.890306
0.878779 	0.890113
0.879179 	0.88992
0.87958 	0.889726
0.87998 	0.889531
0.88038 	0.889336
0.880781 	0.889141
0.881181 	0.888945
0.881582 	0.888748
0.881982 	0.888551
0.882382 	0.888353
0.882783 	0.888155
0.883183 	0.887956
0.883584 	0.887757
0.883984 	0.887557
0.884384 	0.887356
0.884785 	0.887155
0.885185 	0.886953
0.885586 	0.886751
0.885986 	0.886548
0.886386 	0.886344
0.886787 	0.88614
0.887187 	0.885936
0.887588 	0.88573
0.887988 	0.885525
0.888388 	0.885318
0.888789 	0.885111
0.889189 	0.884903
0.88959 	0.884695
0.88999 	0.884486
0.89039 	0.884276
0.890791 	0.884066
0.891191 	0.883855
0.891592 	0.883644
0.891992 	0.883432
0.892392 	0.883219
0.892793 	0.883006
0.893193 	0.882792
0.893594 	0.882577
0.893994 	0.882361
0.894394 	0.882145
0.894795 	0.881929
0.895195 	0.881711
0.895596 	0.881493
0.895996 	0.881274
0.896396 	0.881055
0.896797 	0.880835
0.897197 	0.880614
0.897598 	0.880393
0.897998 	0.88017
0.898398 	0.879947
0.898799 	0.879724
0.899199 	0.8795
0.8996 	0.879275
0.9 	0.879049
