# Parameters:
# kT = 1.5
# mu = 4.6
# Ngrid = 128
# 
# Plot:
# log10Cvac		log10alpha		freeEnergy	
# 
-8.000000e+00 	0.000000e+00 	-2.923938e+00
-8.000000e+00 	8.685890e-02 	-3.454035e+00
-8.000000e+00 	1.737178e-01 	-3.981028e+00
-8.000000e+00 	2.605767e-01 	-4.455029e+00
-8.000000e+00 	3.474356e-01 	-4.823515e+00
-8.000000e+00 	4.342945e-01 	-5.051023e+00
-8.000000e+00 	5.211534e-01 	-5.138078e+00
-8.000000e+00 	6.080123e-01 	-5.123205e+00
-8.000000e+00 	6.948712e-01 	-5.061523e+00
-8.000000e+00 	7.817301e-01 	-4.996390e+00
-8.000000e+00 	8.685890e-01 	-4.947484e+00
-8.000000e+00 	9.554479e-01 	-4.918135e+00
-8.000000e+00 	1.042307e+00 	-4.906746e+00
-8.000000e+00 	1.129166e+00 	-4.911727e+00
-8.000000e+00 	1.216025e+00 	-4.931070e+00
-8.000000e+00 	1.302883e+00 	-4.961240e+00
-8.000000e+00 	1.389742e+00 	-4.997532e+00
-8.000000e+00 	1.476601e+00 	-5.035447e+00
-8.000000e+00 	1.563460e+00 	-5.071743e+00
-8.000000e+00 	1.650319e+00 	-5.104237e+00
-8.000000e+00 	1.737178e+00 	-5.130551e+00
-8.000000e+00 	1.824037e+00 	-5.146850e+00
-8.000000e+00 	1.910896e+00 	-5.147431e+00
-8.000000e+00 	1.997755e+00 	-5.125349e+00
-8.000000e+00 	2.084614e+00 	-5.073694e+00
-8.000000e+00 	2.171472e+00 	-4.987013e+00
-8.000000e+00 	2.258331e+00 	-4.862409e+00
-8.000000e+00 	2.345190e+00 	-4.700067e+00
-8.000000e+00 	2.432049e+00 	-4.503141e+00
-8.000000e+00 	2.518908e+00 	-4.277076e+00
-8.000000e+00 	2.605767e+00 	-4.028544e+00
-8.000000e+00 	2.692626e+00 	-3.764246e+00
-8.000000e+00 	2.779485e+00 	-3.489910e+00
-8.000000e+00 	2.866344e+00 	-3.209731e+00
-8.000000e+00 	2.953202e+00 	-2.926326e+00

-7.739423e+00 	0.000000e+00 	-2.923938e+00
-7.739423e+00 	8.685890e-02 	-3.454035e+00
-7.739423e+00 	1.737178e-01 	-3.981028e+00
-7.739423e+00 	2.605767e-01 	-4.455029e+00
-7.739423e+00 	3.474356e-01 	-4.823515e+00
-7.739423e+00 	4.342945e-01 	-5.051023e+00
-7.739423e+00 	5.211534e-01 	-5.138078e+00
-7.739423e+00 	6.080123e-01 	-5.123205e+00
-7.739423e+00 	6.948712e-01 	-5.061523e+00
-7.739423e+00 	7.817301e-01 	-4.996390e+00
-7.739423e+00 	8.685890e-01 	-4.947484e+00
-7.739423e+00 	9.554479e-01 	-4.918135e+00
-7.739423e+00 	1.042307e+00 	-4.906746e+00
-7.739423e+00 	1.129166e+00 	-4.911727e+00
-7.739423e+00 	1.216025e+00 	-4.931070e+00
-7.739423e+00 	1.302883e+00 	-4.961240e+00
-7.739423e+00 	1.389742e+00 	-4.997532e+00
-7.739423e+00 	1.476601e+00 	-5.035447e+00
-7.739423e+00 	1.563460e+00 	-5.071743e+00
-7.739423e+00 	1.650319e+00 	-5.104237e+00
-7.739423e+00 	1.737178e+00 	-5.130551e+00
-7.739423e+00 	1.824037e+00 	-5.146850e+00
-7.739423e+00 	1.910896e+00 	-5.147431e+00
-7.739423e+00 	1.997755e+00 	-5.125349e+00
-7.739423e+00 	2.084614e+00 	-5.073694e+00
-7.739423e+00 	2.171472e+00 	-4.987013e+00
-7.739423e+00 	2.258331e+00 	-4.862409e+00
-7.739423e+00 	2.345190e+00 	-4.700067e+00
-7.739423e+00 	2.432049e+00 	-4.503141e+00
-7.739423e+00 	2.518908e+00 	-4.277077e+00
-7.739423e+00 	2.605767e+00 	-4.028544e+00
-7.739423e+00 	2.692626e+00 	-3.764246e+00
-7.739423e+00 	2.779485e+00 	-3.489910e+00
-7.739423e+00 	2.866344e+00 	-3.209731e+00
-7.739423e+00 	2.953202e+00 	-2.926326e+00

-7.478847e+00 	0.000000e+00 	-2.923938e+00
-7.478847e+00 	8.685890e-02 	-3.454035e+00
-7.478847e+00 	1.737178e-01 	-3.981028e+00
-7.478847e+00 	2.605767e-01 	-4.455029e+00
-7.478847e+00 	3.474356e-01 	-4.823515e+00
-7.478847e+00 	4.342945e-01 	-5.051023e+00
-7.478847e+00 	5.211534e-01 	-5.138078e+00
-7.478847e+00 	6.080123e-01 	-5.123205e+00
-7.478847e+00 	6.948712e-01 	-5.061523e+00
-7.478847e+00 	7.817301e-01 	-4.996390e+00
-7.478847e+00 	8.685890e-01 	-4.947484e+00
-7.478847e+00 	9.554479e-01 	-4.918135e+00
-7.478847e+00 	1.042307e+00 	-4.906746e+00
-7.478847e+00 	1.129166e+00 	-4.911727e+00
-7.478847e+00 	1.216025e+00 	-4.931070e+00
-7.478847e+00 	1.302883e+00 	-4.961240e+00
-7.478847e+00 	1.389742e+00 	-4.997532e+00
-7.478847e+00 	1.476601e+00 	-5.035447e+00
-7.478847e+00 	1.563460e+00 	-5.071743e+00
-7.478847e+00 	1.650319e+00 	-5.104237e+00
-7.478847e+00 	1.737178e+00 	-5.130551e+00
-7.478847e+00 	1.824037e+00 	-5.146850e+00
-7.478847e+00 	1.910896e+00 	-5.147431e+00
-7.478847e+00 	1.997755e+00 	-5.125349e+00
-7.478847e+00 	2.084614e+00 	-5.073694e+00
-7.478847e+00 	2.171472e+00 	-4.987013e+00
-7.478847e+00 	2.258331e+00 	-4.862409e+00
-7.478847e+00 	2.345190e+00 	-4.700067e+00
-7.478847e+00 	2.432049e+00 	-4.503141e+00
-7.478847e+00 	2.518908e+00 	-4.277077e+00
-7.478847e+00 	2.605767e+00 	-4.028544e+00
-7.478847e+00 	2.692626e+00 	-3.764246e+00
-7.478847e+00 	2.779485e+00 	-3.489910e+00
-7.478847e+00 	2.866344e+00 	-3.209731e+00
-7.478847e+00 	2.953202e+00 	-2.926327e+00

-7.218270e+00 	0.000000e+00 	-2.923938e+00
-7.218270e+00 	8.685890e-02 	-3.454035e+00
-7.218270e+00 	1.737178e-01 	-3.981028e+00
-7.218270e+00 	2.605767e-01 	-4.455029e+00
-7.218270e+00 	3.474356e-01 	-4.823515e+00
-7.218270e+00 	4.342945e-01 	-5.051023e+00
-7.218270e+00 	5.211534e-01 	-5.138078e+00
-7.218270e+00 	6.080123e-01 	-5.123205e+00
-7.218270e+00 	6.948712e-01 	-5.061523e+00
-7.218270e+00 	7.817301e-01 	-4.996390e+00
-7.218270e+00 	8.685890e-01 	-4.947484e+00
-7.218270e+00 	9.554479e-01 	-4.918136e+00
-7.218270e+00 	1.042307e+00 	-4.906746e+00
-7.218270e+00 	1.129166e+00 	-4.911727e+00
-7.218270e+00 	1.216025e+00 	-4.931070e+00
-7.218270e+00 	1.302883e+00 	-4.961240e+00
-7.218270e+00 	1.389742e+00 	-4.997532e+00
-7.218270e+00 	1.476601e+00 	-5.035447e+00
-7.218270e+00 	1.563460e+00 	-5.071743e+00
-7.218270e+00 	1.650319e+00 	-5.104237e+00
-7.218270e+00 	1.737178e+00 	-5.130551e+00
-7.218270e+00 	1.824037e+00 	-5.146850e+00
-7.218270e+00 	1.910896e+00 	-5.147431e+00
-7.218270e+00 	1.997755e+00 	-5.125349e+00
-7.218270e+00 	2.084614e+00 	-5.073694e+00
-7.218270e+00 	2.171472e+00 	-4.987013e+00
-7.218270e+00 	2.258331e+00 	-4.862409e+00
-7.218270e+00 	2.345190e+00 	-4.700068e+00
-7.218270e+00 	2.432049e+00 	-4.503142e+00
-7.218270e+00 	2.518908e+00 	-4.277077e+00
-7.218270e+00 	2.605767e+00 	-4.028544e+00
-7.218270e+00 	2.692626e+00 	-3.764246e+00
-7.218270e+00 	2.779485e+00 	-3.489910e+00
-7.218270e+00 	2.866344e+00 	-3.209731e+00
-7.218270e+00 	2.953202e+00 	-2.926327e+00

-6.957693e+00 	0.000000e+00 	-2.923938e+00
-6.957693e+00 	8.685890e-02 	-3.454034e+00
-6.957693e+00 	1.737178e-01 	-3.981028e+00
-6.957693e+00 	2.605767e-01 	-4.455028e+00
-6.957693e+00 	3.474356e-01 	-4.823515e+00
-6.957693e+00 	4.342945e-01 	-5.051023e+00
-6.957693e+00 	5.211534e-01 	-5.138078e+00
-6.957693e+00 	6.080123e-01 	-5.123205e+00
-6.957693e+00 	6.948712e-01 	-5.061523e+00
-6.957693e+00 	7.817301e-01 	-4.996391e+00
-6.957693e+00 	8.685890e-01 	-4.947485e+00
-6.957693e+00 	9.554479e-01 	-4.918136e+00
-6.957693e+00 	1.042307e+00 	-4.906746e+00
-6.957693e+00 	1.129166e+00 	-4.911727e+00
-6.957693e+00 	1.216025e+00 	-4.931070e+00
-6.957693e+00 	1.302883e+00 	-4.961240e+00
-6.957693e+00 	1.389742e+00 	-4.997532e+00
-6.957693e+00 	1.476601e+00 	-5.035447e+00
-6.957693e+00 	1.563460e+00 	-5.071743e+00
-6.957693e+00 	1.650319e+00 	-5.104237e+00
-6.957693e+00 	1.737178e+00 	-5.130552e+00
-6.957693e+00 	1.824037e+00 	-5.146850e+00
-6.957693e+00 	1.910896e+00 	-5.147432e+00
-6.957693e+00 	1.997755e+00 	-5.125349e+00
-6.957693e+00 	2.084614e+00 	-5.073694e+00
-6.957693e+00 	2.171472e+00 	-4.987013e+00
-6.957693e+00 	2.258331e+00 	-4.862409e+00
-6.957693e+00 	2.345190e+00 	-4.700068e+00
-6.957693e+00 	2.432049e+00 	-4.503142e+00
-6.957693e+00 	2.518908e+00 	-4.277077e+00
-6.957693e+00 	2.605767e+00 	-4.028544e+00
-6.957693e+00 	2.692626e+00 	-3.764246e+00
-6.957693e+00 	2.779485e+00 	-3.489911e+00
-6.957693e+00 	2.866344e+00 	-3.209732e+00
-6.957693e+00 	2.953202e+00 	-2.926327e+00

-6.697117e+00 	0.000000e+00 	-2.923937e+00
-6.697117e+00 	8.685890e-02 	-3.454034e+00
-6.697117e+00 	1.737178e-01 	-3.981027e+00
-6.697117e+00 	2.605767e-01 	-4.455028e+00
-6.697117e+00 	3.474356e-01 	-4.823515e+00
-6.697117e+00 	4.342945e-01 	-5.051023e+00
-6.697117e+00 	5.211534e-01 	-5.138078e+00
-6.697117e+00 	6.080123e-01 	-5.123206e+00
-6.697117e+00 	6.948712e-01 	-5.061524e+00
-6.697117e+00 	7.817301e-01 	-4.996391e+00
-6.697117e+00 	8.685890e-01 	-4.947485e+00
-6.697117e+00 	9.554479e-01 	-4.918136e+00
-6.697117e+00 	1.042307e+00 	-4.906747e+00
-6.697117e+00 	1.129166e+00 	-4.911728e+00
-6.697117e+00 	1.216025e+00 	-4.931071e+00
-6.697117e+00 	1.302883e+00 	-4.961241e+00
-6.697117e+00 	1.389742e+00 	-4.997533e+00
-6.697117e+00 	1.476601e+00 	-5.035447e+00
-6.697117e+00 	1.563460e+00 	-5.071743e+00
-6.697117e+00 	1.650319e+00 	-5.104237e+00
-6.697117e+00 	1.737178e+00 	-5.130552e+00
-6.697117e+00 	1.824037e+00 	-5.146851e+00
-6.697117e+00 	1.910896e+00 	-5.147432e+00
-6.697117e+00 	1.997755e+00 	-5.125350e+00
-6.697117e+00 	2.084614e+00 	-5.073694e+00
-6.697117e+00 	2.171472e+00 	-4.987013e+00
-6.697117e+00 	2.258331e+00 	-4.862410e+00
-6.697117e+00 	2.345190e+00 	-4.700068e+00
-6.697117e+00 	2.432049e+00 	-4.503142e+00
-6.697117e+00 	2.518908e+00 	-4.277077e+00
-6.697117e+00 	2.605767e+00 	-4.028545e+00
-6.697117e+00 	2.692626e+00 	-3.764247e+00
-6.697117e+00 	2.779485e+00 	-3.489911e+00
-6.697117e+00 	2.866344e+00 	-3.209732e+00
-6.697117e+00 	2.953202e+00 	-2.926328e+00

-6.436540e+00 	0.000000e+00 	-2.923937e+00
-6.436540e+00 	8.685890e-02 	-3.454034e+00
-6.436540e+00 	1.737178e-01 	-3.981027e+00
-6.436540e+00 	2.605767e-01 	-4.455028e+00
-6.436540e+00 	3.474356e-01 	-4.823514e+00
-6.436540e+00 	4.342945e-01 	-5.051022e+00
-6.436540e+00 	5.211534e-01 	-5.138078e+00
-6.436540e+00 	6.080123e-01 	-5.123206e+00
-6.436540e+00 	6.948712e-01 	-5.061524e+00
-6.436540e+00 	7.817301e-01 	-4.996391e+00
-6.436540e+00 	8.685890e-01 	-4.947486e+00
-6.436540e+00 	9.554479e-01 	-4.918137e+00
-6.436540e+00 	1.042307e+00 	-4.906747e+00
-6.436540e+00 	1.129166e+00 	-4.911728e+00
-6.436540e+00 	1.216025e+00 	-4.931071e+00
-6.436540e+00 	1.302883e+00 	-4.961241e+00
-6.436540e+00 	1.389742e+00 	-4.997533e+00
-6.436540e+00 	1.476601e+00 	-5.035448e+00
-6.436540e+00 	1.563460e+00 	-5.071744e+00
-6.436540e+00 	1.650319e+00 	-5.104238e+00
-6.436540e+00 	1.737178e+00 	-5.130552e+00
-6.436540e+00 	1.824037e+00 	-5.146851e+00
-6.436540e+00 	1.910896e+00 	-5.147433e+00
-6.436540e+00 	1.997755e+00 	-5.125350e+00
-6.436540e+00 	2.084614e+00 	-5.073695e+00
-6.436540e+00 	2.171472e+00 	-4.987014e+00
-6.436540e+00 	2.258331e+00 	-4.862410e+00
-6.436540e+00 	2.345190e+00 	-4.700069e+00
-6.436540e+00 	2.432049e+00 	-4.503143e+00
-6.436540e+00 	2.518908e+00 	-4.277078e+00
-6.436540e+00 	2.605767e+00 	-4.028546e+00
-6.436540e+00 	2.692626e+00 	-3.764248e+00
-6.436540e+00 	2.779485e+00 	-3.489912e+00
-6.436540e+00 	2.866344e+00 	-3.209733e+00
-6.436540e+00 	2.953202e+00 	-2.926329e+00

-6.175963e+00 	0.000000e+00 	-2.923936e+00
-6.175963e+00 	8.685890e-02 	-3.454033e+00
-6.175963e+00 	1.737178e-01 	-3.981026e+00
-6.175963e+00 	2.605767e-01 	-4.455027e+00
-6.175963e+00 	3.474356e-01 	-4.823513e+00
-6.175963e+00 	4.342945e-01 	-5.051022e+00
-6.175963e+00 	5.211534e-01 	-5.138078e+00
-6.175963e+00 	6.080123e-01 	-5.123206e+00
-6.175963e+00 	6.948712e-01 	-5.061525e+00
-6.175963e+00 	7.817301e-01 	-4.996392e+00
-6.175963e+00 	8.685890e-01 	-4.947487e+00
-6.175963e+00 	9.554479e-01 	-4.918138e+00
-6.175963e+00 	1.042307e+00 	-4.906748e+00
-6.175963e+00 	1.129166e+00 	-4.911729e+00
-6.175963e+00 	1.216025e+00 	-4.931072e+00
-6.175963e+00 	1.302883e+00 	-4.961242e+00
-6.175963e+00 	1.389742e+00 	-4.997534e+00
-6.175963e+00 	1.476601e+00 	-5.035449e+00
-6.175963e+00 	1.563460e+00 	-5.071744e+00
-6.175963e+00 	1.650319e+00 	-5.104238e+00
-6.175963e+00 	1.737178e+00 	-5.130553e+00
-6.175963e+00 	1.824037e+00 	-5.146852e+00
-6.175963e+00 	1.910896e+00 	-5.147433e+00
-6.175963e+00 	1.997755e+00 	-5.125351e+00
-6.175963e+00 	2.084614e+00 	-5.073696e+00
-6.175963e+00 	2.171472e+00 	-4.987015e+00
-6.175963e+00 	2.258331e+00 	-4.862411e+00
-6.175963e+00 	2.345190e+00 	-4.700070e+00
-6.175963e+00 	2.432049e+00 	-4.503144e+00
-6.175963e+00 	2.518908e+00 	-4.277079e+00
-6.175963e+00 	2.605767e+00 	-4.028547e+00
-6.175963e+00 	2.692626e+00 	-3.764249e+00
-6.175963e+00 	2.779485e+00 	-3.489914e+00
-6.175963e+00 	2.866344e+00 	-3.209735e+00
-6.175963e+00 	2.953202e+00 	-2.926330e+00

-5.915386e+00 	0.000000e+00 	-2.923935e+00
-5.915386e+00 	8.685890e-02 	-3.454031e+00
-5.915386e+00 	1.737178e-01 	-3.981024e+00
-5.915386e+00 	2.605767e-01 	-4.455025e+00
-5.915386e+00 	3.474356e-01 	-4.823512e+00
-5.915386e+00 	4.342945e-01 	-5.051021e+00
-5.915386e+00 	5.211534e-01 	-5.138078e+00
-5.915386e+00 	6.080123e-01 	-5.123207e+00
-5.915386e+00 	6.948712e-01 	-5.061526e+00
-5.915386e+00 	7.817301e-01 	-4.996394e+00
-5.915386e+00 	8.685890e-01 	-4.947489e+00
-5.915386e+00 	9.554479e-01 	-4.918140e+00
-5.915386e+00 	1.042307e+00 	-4.906751e+00
-5.915386e+00 	1.129166e+00 	-4.911731e+00
-5.915386e+00 	1.216025e+00 	-4.931074e+00
-5.915386e+00 	1.302883e+00 	-4.961244e+00
-5.915386e+00 	1.389742e+00 	-4.997535e+00
-5.915386e+00 	1.476601e+00 	-5.035450e+00
-5.915386e+00 	1.563460e+00 	-5.071746e+00
-5.915386e+00 	1.650319e+00 	-5.104240e+00
-5.915386e+00 	1.737178e+00 	-5.130555e+00
-5.915386e+00 	1.824037e+00 	-5.146854e+00
-5.915386e+00 	1.910896e+00 	-5.147435e+00
-5.915386e+00 	1.997755e+00 	-5.125352e+00
-5.915386e+00 	2.084614e+00 	-5.073697e+00
-5.915386e+00 	2.171472e+00 	-4.987016e+00
-5.915386e+00 	2.258331e+00 	-4.862413e+00
-5.915386e+00 	2.345190e+00 	-4.700071e+00
-5.915386e+00 	2.432049e+00 	-4.503146e+00
-5.915386e+00 	2.518908e+00 	-4.277081e+00
-5.915386e+00 	2.605767e+00 	-4.028549e+00
-5.915386e+00 	2.692626e+00 	-3.764251e+00
-5.915386e+00 	2.779485e+00 	-3.489916e+00
-5.915386e+00 	2.866344e+00 	-3.209737e+00
-5.915386e+00 	2.953202e+00 	-2.926333e+00

-5.654810e+00 	0.000000e+00 	-2.923932e+00
-5.654810e+00 	8.685890e-02 	-3.454028e+00
-5.654810e+00 	1.737178e-01 	-3.981021e+00
-5.654810e+00 	2.605767e-01 	-4.455021e+00
-5.654810e+00 	3.474356e-01 	-4.823509e+00
-5.654810e+00 	4.342945e-01 	-5.051019e+00
-5.654810e+00 	5.211534e-01 	-5.138077e+00
-5.654810e+00 	6.080123e-01 	-5.123208e+00
-5.654810e+00 	6.948712e-01 	-5.061528e+00
-5.654810e+00 	7.817301e-01 	-4.996397e+00
-5.654810e+00 	8.685890e-01 	-4.947493e+00
-5.654810e+00 	9.554479e-01 	-4.918144e+00
-5.654810e+00 	1.042307e+00 	-4.906754e+00
-5.654810e+00 	1.129166e+00 	-4.911735e+00
-5.654810e+00 	1.216025e+00 	-4.931077e+00
-5.654810e+00 	1.302883e+00 	-4.961246e+00
-5.654810e+00 	1.389742e+00 	-4.997538e+00
-5.654810e+00 	1.476601e+00 	-5.035452e+00
-5.654810e+00 	1.563460e+00 	-5.071748e+00
-5.654810e+00 	1.650319e+00 	-5.104243e+00
-5.654810e+00 	1.737178e+00 	-5.130558e+00
-5.654810e+00 	1.824037e+00 	-5.146857e+00
-5.654810e+00 	1.910896e+00 	-5.147437e+00
-5.654810e+00 	1.997755e+00 	-5.125355e+00
-5.654810e+00 	2.084614e+00 	-5.073699e+00
-5.654810e+00 	2.171472e+00 	-4.987018e+00
-5.654810e+00 	2.258331e+00 	-4.862415e+00
-5.654810e+00 	2.345190e+00 	-4.700074e+00
-5.654810e+00 	2.432049e+00 	-4.503148e+00
-5.654810e+00 	2.518908e+00 	-4.277084e+00
-5.654810e+00 	2.605767e+00 	-4.028552e+00
-5.654810e+00 	2.692626e+00 	-3.764255e+00
-5.654810e+00 	2.779485e+00 	-3.489920e+00
-5.654810e+00 	2.866344e+00 	-3.209742e+00
-5.654810e+00 	2.953202e+00 	-2.926338e+00

-5.394233e+00 	0.000000e+00 	-2.923927e+00
-5.394233e+00 	8.685890e-02 	-3.454022e+00
-5.394233e+00 	1.737178e-01 	-3.981015e+00
-5.394233e+00 	2.605767e-01 	-4.455015e+00
-5.394233e+00 	3.474356e-01 	-4.823504e+00
-5.394233e+00 	4.342945e-01 	-5.051016e+00
-5.394233e+00 	5.211534e-01 	-5.138077e+00
-5.394233e+00 	6.080123e-01 	-5.123209e+00
-5.394233e+00 	6.948712e-01 	-5.061533e+00
-5.394233e+00 	7.817301e-01 	-4.996403e+00
-5.394233e+00 	8.685890e-01 	-4.947499e+00
-5.394233e+00 	9.554479e-01 	-4.918151e+00
-5.394233e+00 	1.042307e+00 	-4.906761e+00
-5.394233e+00 	1.129166e+00 	-4.911741e+00
-5.394233e+00 	1.216025e+00 	-4.931083e+00
-5.394233e+00 	1.302883e+00 	-4.961252e+00
-5.394233e+00 	1.389742e+00 	-4.997543e+00
-5.394233e+00 	1.476601e+00 	-5.035457e+00
-5.394233e+00 	1.563460e+00 	-5.071753e+00
-5.394233e+00 	1.650319e+00 	-5.104248e+00
-5.394233e+00 	1.737178e+00 	-5.130563e+00
-5.394233e+00 	1.824037e+00 	-5.146861e+00
-5.394233e+00 	1.910896e+00 	-5.147441e+00
-5.394233e+00 	1.997755e+00 	-5.125358e+00
-5.394233e+00 	2.084614e+00 	-5.073702e+00
-5.394233e+00 	2.171472e+00 	-4.987021e+00
-5.394233e+00 	2.258331e+00 	-4.862418e+00
-5.394233e+00 	2.345190e+00 	-4.700077e+00
-5.394233e+00 	2.432049e+00 	-4.503152e+00
-5.394233e+00 	2.518908e+00 	-4.277088e+00
-5.394233e+00 	2.605767e+00 	-4.028557e+00
-5.394233e+00 	2.692626e+00 	-3.764260e+00
-5.394233e+00 	2.779485e+00 	-3.489926e+00
-5.394233e+00 	2.866344e+00 	-3.209748e+00
-5.394233e+00 	2.953202e+00 	-2.926345e+00

-5.133656e+00 	0.000000e+00 	-2.923918e+00
-5.133656e+00 	8.685890e-02 	-3.454012e+00
-5.133656e+00 	1.737178e-01 	-3.981004e+00
-5.133656e+00 	2.605767e-01 	-4.455005e+00
-5.133656e+00 	3.474356e-01 	-4.823495e+00
-5.133656e+00 	4.342945e-01 	-5.051009e+00
-5.133656e+00 	5.211534e-01 	-5.138075e+00
-5.133656e+00 	6.080123e-01 	-5.123213e+00
-5.133656e+00 	6.948712e-01 	-5.061540e+00
-5.133656e+00 	7.817301e-01 	-4.996414e+00
-5.133656e+00 	8.685890e-01 	-4.947512e+00
-5.133656e+00 	9.554479e-01 	-4.918164e+00
-5.133656e+00 	1.042307e+00 	-4.906774e+00
-5.133656e+00 	1.129166e+00 	-4.911753e+00
-5.133656e+00 	1.216025e+00 	-4.931094e+00
-5.133656e+00 	1.302883e+00 	-4.961261e+00
-5.133656e+00 	1.389742e+00 	-4.997551e+00
-5.133656e+00 	1.476601e+00 	-5.035465e+00
-5.133656e+00 	1.563460e+00 	-5.071761e+00
-5.133656e+00 	1.650319e+00 	-5.104257e+00
-5.133656e+00 	1.737178e+00 	-5.130572e+00
-5.133656e+00 	1.824037e+00 	-5.146867e+00
-5.133656e+00 	1.910896e+00 	-5.147446e+00
-5.133656e+00 	1.997755e+00 	-5.125363e+00
-5.133656e+00 	2.084614e+00 	-5.073707e+00
-5.133656e+00 	2.171472e+00 	-4.987025e+00
-5.133656e+00 	2.258331e+00 	-4.862422e+00
-5.133656e+00 	2.345190e+00 	-4.700082e+00
-5.133656e+00 	2.432049e+00 	-4.503157e+00
-5.133656e+00 	2.518908e+00 	-4.277095e+00
-5.133656e+00 	2.605767e+00 	-4.028564e+00
-5.133656e+00 	2.692626e+00 	-3.764268e+00
-5.133656e+00 	2.779485e+00 	-3.489935e+00
-5.133656e+00 	2.866344e+00 	-3.209759e+00
-5.133656e+00 	2.953202e+00 	-2.926356e+00

-4.873080e+00 	0.000000e+00 	-2.923902e+00
-4.873080e+00 	8.685890e-02 	-3.453993e+00
-4.873080e+00 	1.737178e-01 	-3.980983e+00
-4.873080e+00 	2.605767e-01 	-4.454985e+00
-4.873080e+00 	3.474356e-01 	-4.823477e+00
-4.873080e+00 	4.342945e-01 	-5.050998e+00
-4.873080e+00 	5.211534e-01 	-5.138072e+00
-4.873080e+00 	6.080123e-01 	-5.123219e+00
-4.873080e+00 	6.948712e-01 	-5.061554e+00
-4.873080e+00 	7.817301e-01 	-4.996434e+00
-4.873080e+00 	8.685890e-01 	-4.947535e+00
-4.873080e+00 	9.554479e-01 	-4.918188e+00
-4.873080e+00 	1.042307e+00 	-4.906797e+00
-4.873080e+00 	1.129166e+00 	-4.911775e+00
-4.873080e+00 	1.216025e+00 	-4.931114e+00
-4.873080e+00 	1.302883e+00 	-4.961279e+00
-4.873080e+00 	1.389742e+00 	-4.997567e+00
-4.873080e+00 	1.476601e+00 	-5.035480e+00
-4.873080e+00 	1.563460e+00 	-5.071776e+00
-4.873080e+00 	1.650319e+00 	-5.104272e+00
-4.873080e+00 	1.737178e+00 	-5.130585e+00
-4.873080e+00 	1.824037e+00 	-5.146878e+00
-4.873080e+00 	1.910896e+00 	-5.147454e+00
-4.873080e+00 	1.997755e+00 	-5.125369e+00
-4.873080e+00 	2.084614e+00 	-5.073712e+00
-4.873080e+00 	2.171472e+00 	-4.987030e+00
-4.873080e+00 	2.258331e+00 	-4.862427e+00
-4.873080e+00 	2.345190e+00 	-4.700087e+00
-4.873080e+00 	2.432049e+00 	-4.503164e+00
-4.873080e+00 	2.518908e+00 	-4.277103e+00
-4.873080e+00 	2.605767e+00 	-4.028574e+00
-4.873080e+00 	2.692626e+00 	-3.764280e+00
-4.873080e+00 	2.779485e+00 	-3.489949e+00
-4.873080e+00 	2.866344e+00 	-3.209774e+00
-4.873080e+00 	2.953202e+00 	-2.926374e+00

-4.612503e+00 	0.000000e+00 	-2.923872e+00
-4.612503e+00 	8.685890e-02 	-3.453959e+00
-4.612503e+00 	1.737178e-01 	-3.980947e+00
-4.612503e+00 	2.605767e-01 	-4.454948e+00
-4.612503e+00 	3.474356e-01 	-4.823446e+00
-4.612503e+00 	4.342945e-01 	-5.050978e+00
-4.612503e+00 	5.211534e-01 	-5.138067e+00
-4.612503e+00 	6.080123e-01 	-5.123230e+00
-4.612503e+00 	6.948712e-01 	-5.061580e+00
-4.612503e+00 	7.817301e-01 	-4.996470e+00
-4.612503e+00 	8.685890e-01 	-4.947576e+00
-4.612503e+00 	9.554479e-01 	-4.918231e+00
-4.612503e+00 	1.042307e+00 	-4.906839e+00
-4.612503e+00 	1.129166e+00 	-4.911814e+00
-4.612503e+00 	1.216025e+00 	-4.931149e+00
-4.612503e+00 	1.302883e+00 	-4.961311e+00
-4.612503e+00 	1.389742e+00 	-4.997596e+00
-4.612503e+00 	1.476601e+00 	-5.035507e+00
-4.612503e+00 	1.563460e+00 	-5.071803e+00
-4.612503e+00 	1.650319e+00 	-5.104298e+00
-4.612503e+00 	1.737178e+00 	-5.130606e+00
-4.612503e+00 	1.824037e+00 	-5.146893e+00
-4.612503e+00 	1.910896e+00 	-5.147465e+00
-4.612503e+00 	1.997755e+00 	-5.125376e+00
-4.612503e+00 	2.084614e+00 	-5.073717e+00
-4.612503e+00 	2.171472e+00 	-4.987034e+00
-4.612503e+00 	2.258331e+00 	-4.862430e+00
-4.612503e+00 	2.345190e+00 	-4.700092e+00
-4.612503e+00 	2.432049e+00 	-4.503171e+00
-4.612503e+00 	2.518908e+00 	-4.277112e+00
-4.612503e+00 	2.605767e+00 	-4.028586e+00
-4.612503e+00 	2.692626e+00 	-3.764295e+00
-4.612503e+00 	2.779485e+00 	-3.489967e+00
-4.612503e+00 	2.866344e+00 	-3.209796e+00
-4.612503e+00 	2.953202e+00 	-2.926399e+00

-4.351926e+00 	0.000000e+00 	-2.923818e+00
-4.351926e+00 	8.685890e-02 	-3.453898e+00
-4.351926e+00 	1.737178e-01 	-3.980880e+00
-4.351926e+00 	2.605767e-01 	-4.454882e+00
-4.351926e+00 	3.474356e-01 	-4.823390e+00
-4.351926e+00 	4.342945e-01 	-5.050941e+00
-4.351926e+00 	5.211534e-01 	-5.138057e+00
-4.351926e+00 	6.080123e-01 	-5.123251e+00
-4.351926e+00 	6.948712e-01 	-5.061627e+00
-4.351926e+00 	7.817301e-01 	-4.996535e+00
-4.351926e+00 	8.685890e-01 	-4.947651e+00
-4.351926e+00 	9.554479e-01 	-4.918309e+00
-4.351926e+00 	1.042307e+00 	-4.906916e+00
-4.351926e+00 	1.129166e+00 	-4.911886e+00
-4.351926e+00 	1.216025e+00 	-4.931215e+00
-4.351926e+00 	1.302883e+00 	-4.961369e+00
-4.351926e+00 	1.389742e+00 	-4.997649e+00
-4.351926e+00 	1.476601e+00 	-5.035556e+00
-4.351926e+00 	1.563460e+00 	-5.071851e+00
-4.351926e+00 	1.650319e+00 	-5.104342e+00
-4.351926e+00 	1.737178e+00 	-5.130637e+00
-4.351926e+00 	1.824037e+00 	-5.146913e+00
-4.351926e+00 	1.910896e+00 	-5.147476e+00
-4.351926e+00 	1.997755e+00 	-5.125380e+00
-4.351926e+00 	2.084614e+00 	-5.073716e+00
-4.351926e+00 	2.171472e+00 	-4.987031e+00
-4.351926e+00 	2.258331e+00 	-4.862427e+00
-4.351926e+00 	2.345190e+00 	-4.700090e+00
-4.351926e+00 	2.432049e+00 	-4.503172e+00
-4.351926e+00 	2.518908e+00 	-4.277117e+00
-4.351926e+00 	2.605767e+00 	-4.028597e+00
-4.351926e+00 	2.692626e+00 	-3.764312e+00
-4.351926e+00 	2.779485e+00 	-3.489990e+00
-4.351926e+00 	2.866344e+00 	-3.209825e+00
-4.351926e+00 	2.953202e+00 	-2.926434e+00

-4.091350e+00 	0.000000e+00 	-2.923720e+00
-4.091350e+00 	8.685890e-02 	-3.453785e+00
-4.091350e+00 	1.737178e-01 	-3.980758e+00
-4.091350e+00 	2.605767e-01 	-4.454762e+00
-4.091350e+00 	3.474356e-01 	-4.823287e+00
-4.091350e+00 	4.342945e-01 	-5.050874e+00
-4.091350e+00 	5.211534e-01 	-5.138040e+00
-4.091350e+00 	6.080123e-01 	-5.123289e+00
-4.091350e+00 	6.948712e-01 	-5.061713e+00
-4.091350e+00 	7.817301e-01 	-4.996654e+00
-4.091350e+00 	8.685890e-01 	-4.947788e+00
-4.091350e+00 	9.554479e-01 	-4.918452e+00
-4.091350e+00 	1.042307e+00 	-4.907056e+00
-4.091350e+00 	1.129166e+00 	-4.912017e+00
-4.091350e+00 	1.216025e+00 	-4.931333e+00
-4.091350e+00 	1.302883e+00 	-4.961475e+00
-4.091350e+00 	1.389742e+00 	-4.997744e+00
-4.091350e+00 	1.476601e+00 	-5.035645e+00
-4.091350e+00 	1.563460e+00 	-5.071934e+00
-4.091350e+00 	1.650319e+00 	-5.104410e+00
-4.091350e+00 	1.737178e+00 	-5.130681e+00
-4.091350e+00 	1.824037e+00 	-5.146937e+00
-4.091350e+00 	1.910896e+00 	-5.147483e+00
-4.091350e+00 	1.997755e+00 	-5.125373e+00
-4.091350e+00 	2.084614e+00 	-5.073699e+00
-4.091350e+00 	2.171472e+00 	-4.987008e+00
-4.091350e+00 	2.258331e+00 	-4.862403e+00
-4.091350e+00 	2.345190e+00 	-4.700068e+00
-4.091350e+00 	2.432049e+00 	-4.503155e+00
-4.091350e+00 	2.518908e+00 	-4.277108e+00
-4.091350e+00 	2.605767e+00 	-4.028597e+00
-4.091350e+00 	2.692626e+00 	-3.764322e+00
-4.091350e+00 	2.779485e+00 	-3.490011e+00
-4.091350e+00 	2.866344e+00 	-3.209856e+00
-4.091350e+00 	2.953202e+00 	-2.926477e+00

-3.830773e+00 	0.000000e+00 	-2.923540e+00
-3.830773e+00 	8.685890e-02 	-3.453579e+00
-3.830773e+00 	1.737178e-01 	-3.980536e+00
-3.830773e+00 	2.605767e-01 	-4.454543e+00
-3.830773e+00 	3.474356e-01 	-4.823099e+00
-3.830773e+00 	4.342945e-01 	-5.050751e+00
-3.830773e+00 	5.211534e-01 	-5.138009e+00
-3.830773e+00 	6.080123e-01 	-5.123357e+00
-3.830773e+00 	6.948712e-01 	-5.061868e+00
-3.830773e+00 	7.817301e-01 	-4.996871e+00
-3.830773e+00 	8.685890e-01 	-4.948038e+00
-3.830773e+00 	9.554479e-01 	-4.918712e+00
-3.830773e+00 	1.042307e+00 	-4.907310e+00
-3.830773e+00 	1.129166e+00 	-4.912255e+00
-3.830773e+00 	1.216025e+00 	-4.931549e+00
-3.830773e+00 	1.302883e+00 	-4.961668e+00
-3.830773e+00 	1.389742e+00 	-4.997917e+00
-3.830773e+00 	1.476601e+00 	-5.035803e+00
-3.830773e+00 	1.563460e+00 	-5.072076e+00
-3.830773e+00 	1.650319e+00 	-5.104514e+00
-3.830773e+00 	1.737178e+00 	-5.130739e+00
-3.830773e+00 	1.824037e+00 	-5.146955e+00
-3.830773e+00 	1.910896e+00 	-5.147467e+00
-3.830773e+00 	1.997755e+00 	-5.125331e+00
-3.830773e+00 	2.084614e+00 	-5.073637e+00
-3.830773e+00 	2.171472e+00 	-4.986935e+00
-3.830773e+00 	2.258331e+00 	-4.862325e+00
-3.830773e+00 	2.345190e+00 	-4.699993e+00
-3.830773e+00 	2.432049e+00 	-4.503089e+00
-3.830773e+00 	2.518908e+00 	-4.277055e+00
-3.830773e+00 	2.605767e+00 	-4.028560e+00
-3.830773e+00 	2.692626e+00 	-3.764303e+00
-3.830773e+00 	2.779485e+00 	-3.490011e+00
-3.830773e+00 	2.866344e+00 	-3.209877e+00
-3.830773e+00 	2.953202e+00 	-2.926517e+00

-3.570196e+00 	0.000000e+00 	-2.923213e+00
-3.570196e+00 	8.685890e-02 	-3.453204e+00
-3.570196e+00 	1.737178e-01 	-3.980131e+00
-3.570196e+00 	2.605767e-01 	-4.454143e+00
-3.570196e+00 	3.474356e-01 	-4.822757e+00
-3.570196e+00 	4.342945e-01 	-5.050526e+00
-3.570196e+00 	5.211534e-01 	-5.137951e+00
-3.570196e+00 	6.080123e-01 	-5.123481e+00
-3.570196e+00 	6.948712e-01 	-5.062152e+00
-3.570196e+00 	7.817301e-01 	-4.997265e+00
-3.570196e+00 	8.685890e-01 	-4.948492e+00
-3.570196e+00 	9.554479e-01 	-4.919185e+00
-3.570196e+00 	1.042307e+00 	-4.907773e+00
-3.570196e+00 	1.129166e+00 	-4.912688e+00
-3.570196e+00 	1.216025e+00 	-4.931942e+00
-3.570196e+00 	1.302883e+00 	-4.962017e+00
-3.570196e+00 	1.389742e+00 	-4.998227e+00
-3.570196e+00 	1.476601e+00 	-5.036081e+00
-3.570196e+00 	1.563460e+00 	-5.072306e+00
-3.570196e+00 	1.650319e+00 	-5.104660e+00
-3.570196e+00 	1.737178e+00 	-5.130798e+00
-3.570196e+00 	1.824037e+00 	-5.146939e+00
-3.570196e+00 	1.910896e+00 	-5.147388e+00
-3.570196e+00 	1.997755e+00 	-5.125199e+00
-3.570196e+00 	2.084614e+00 	-5.073468e+00
-3.570196e+00 	2.171472e+00 	-4.986741e+00
-3.570196e+00 	2.258331e+00 	-4.862123e+00
-3.570196e+00 	2.345190e+00 	-4.699794e+00
-3.570196e+00 	2.432049e+00 	-4.502904e+00
-3.570196e+00 	2.518908e+00 	-4.276893e+00
-3.570196e+00 	2.605767e+00 	-4.028427e+00
-3.570196e+00 	2.692626e+00 	-3.764202e+00
-3.570196e+00 	2.779485e+00 	-3.489944e+00
-3.570196e+00 	2.866344e+00 	-3.209845e+00
-3.570196e+00 	2.953202e+00 	-2.926521e+00

-3.309620e+00 	0.000000e+00 	-2.922617e+00
-3.309620e+00 	8.685890e-02 	-3.452521e+00
-3.309620e+00 	1.737178e-01 	-3.979393e+00
-3.309620e+00 	2.605767e-01 	-4.453414e+00
-3.309620e+00 	3.474356e-01 	-4.822133e+00
-3.309620e+00 	4.342945e-01 	-5.050117e+00
-3.309620e+00 	5.211534e-01 	-5.137844e+00
-3.309620e+00 	6.080123e-01 	-5.123706e+00
-3.309620e+00 	6.948712e-01 	-5.062666e+00
-3.309620e+00 	7.817301e-01 	-4.997982e+00
-3.309620e+00 	8.685890e-01 	-4.949318e+00
-3.309620e+00 	9.554479e-01 	-4.920045e+00
-3.309620e+00 	1.042307e+00 	-4.908614e+00
-3.309620e+00 	1.129166e+00 	-4.913475e+00
-3.309620e+00 	1.216025e+00 	-4.932653e+00
-3.309620e+00 	1.302883e+00 	-4.962648e+00
-3.309620e+00 	1.389742e+00 	-4.998782e+00
-3.309620e+00 	1.476601e+00 	-5.036558e+00
-3.309620e+00 	1.563460e+00 	-5.072661e+00
-3.309620e+00 	1.650319e+00 	-5.104843e+00
-3.309620e+00 	1.737178e+00 	-5.130822e+00
-3.309620e+00 	1.824037e+00 	-5.146821e+00
-3.309620e+00 	1.910896e+00 	-5.147146e+00
-3.309620e+00 	1.997755e+00 	-5.124857e+00
-3.309620e+00 	2.084614e+00 	-5.073051e+00
-3.309620e+00 	2.171472e+00 	-4.986278e+00
-3.309620e+00 	2.258331e+00 	-4.861639e+00
-3.309620e+00 	2.345190e+00 	-4.699315e+00
-3.309620e+00 	2.432049e+00 	-4.502449e+00
-3.309620e+00 	2.518908e+00 	-4.276477e+00
-3.309620e+00 	2.605767e+00 	-4.028061e+00
-3.309620e+00 	2.692626e+00 	-3.763894e+00
-3.309620e+00 	2.779485e+00 	-3.489698e+00
-3.309620e+00 	2.866344e+00 	-3.209662e+00
-3.309620e+00 	2.953202e+00 	-2.926401e+00

-3.049043e+00 	0.000000e+00 	-2.921531e+00
-3.049043e+00 	8.685890e-02 	-3.451276e+00
-3.049043e+00 	1.737178e-01 	-3.978048e+00
-3.049043e+00 	2.605767e-01 	-4.452086e+00
-3.049043e+00 	3.474356e-01 	-4.820995e+00
-3.049043e+00 	4.342945e-01 	-5.049370e+00
-3.049043e+00 	5.211534e-01 	-5.137647e+00
-3.049043e+00 	6.080123e-01 	-5.124112e+00
-3.049043e+00 	6.948712e-01 	-5.063598e+00
-3.049043e+00 	7.817301e-01 	-4.999282e+00
-3.049043e+00 	8.685890e-01 	-4.950816e+00
-3.049043e+00 	9.554479e-01 	-4.921605e+00
-3.049043e+00 	1.042307e+00 	-4.910139e+00
-3.049043e+00 	1.129166e+00 	-4.914899e+00
-3.049043e+00 	1.216025e+00 	-4.933938e+00
-3.049043e+00 	1.302883e+00 	-4.963778e+00
-3.049043e+00 	1.389742e+00 	-4.999756e+00
-3.049043e+00 	1.476601e+00 	-5.037345e+00
-3.049043e+00 	1.563460e+00 	-5.073165e+00
-3.049043e+00 	1.650319e+00 	-5.105021e+00
-3.049043e+00 	1.737178e+00 	-5.130701e+00
-3.049043e+00 	1.824037e+00 	-5.146432e+00
-3.049043e+00 	1.910896e+00 	-5.146524e+00
-3.049043e+00 	1.997755e+00 	-5.124044e+00
-3.049043e+00 	2.084614e+00 	-5.072095e+00
-3.049043e+00 	2.171472e+00 	-4.985230e+00
-3.049043e+00 	2.258331e+00 	-4.860549e+00
-3.049043e+00 	2.345190e+00 	-4.698227e+00
-3.049043e+00 	2.432049e+00 	-4.501401e+00
-3.049043e+00 	2.518908e+00 	-4.275499e+00
-3.049043e+00 	2.605767e+00 	-4.027172e+00
-3.049043e+00 	2.692626e+00 	-3.763108e+00
-3.049043e+00 	2.779485e+00 	-3.489021e+00
-3.049043e+00 	2.866344e+00 	-3.209099e+00
-3.049043e+00 	2.953202e+00 	-2.925954e+00

-2.788466e+00 	0.000000e+00 	-2.919553e+00
-2.788466e+00 	8.685890e-02 	-3.449008e+00
-2.788466e+00 	1.737178e-01 	-3.975597e+00
-2.788466e+00 	2.605767e-01 	-4.449663e+00
-2.788466e+00 	3.474356e-01 	-4.818917e+00
-2.788466e+00 	4.342945e-01 	-5.048000e+00
-2.788466e+00 	5.211534e-01 	-5.137278e+00
-2.788466e+00 	6.080123e-01 	-5.124837e+00
-2.788466e+00 	6.948712e-01 	-5.065278e+00
-2.788466e+00 	7.817301e-01 	-5.001630e+00
-2.788466e+00 	8.685890e-01 	-4.953524e+00
-2.788466e+00 	9.554479e-01 	-4.924423e+00
-2.788466e+00 	1.042307e+00 	-4.912890e+00
-2.788466e+00 	1.129166e+00 	-4.917463e+00
-2.788466e+00 	1.216025e+00 	-4.936239e+00
-2.788466e+00 	1.302883e+00 	-4.965777e+00
-2.788466e+00 	1.389742e+00 	-5.001420e+00
-2.788466e+00 	1.476601e+00 	-5.038567e+00
-2.788466e+00 	1.563460e+00 	-5.073793e+00
-2.788466e+00 	1.650319e+00 	-5.105042e+00
-2.788466e+00 	1.737178e+00 	-5.130165e+00
-2.788466e+00 	1.824037e+00 	-5.145392e+00
-2.788466e+00 	1.910896e+00 	-5.145045e+00
-2.788466e+00 	1.997755e+00 	-5.122204e+00
-2.788466e+00 	2.084614e+00 	-5.069984e+00
-2.788466e+00 	2.171472e+00 	-4.982942e+00
-2.788466e+00 	2.258331e+00 	-4.858176e+00
-2.788466e+00 	2.345190e+00 	-4.695852e+00
-2.788466e+00 	2.432049e+00 	-4.499093e+00
-2.788466e+00 	2.518908e+00 	-4.273312e+00
-2.788466e+00 	2.605767e+00 	-4.025144e+00
-2.788466e+00 	2.692626e+00 	-3.761263e+00
-2.788466e+00 	2.779485e+00 	-3.487375e+00
-2.788466e+00 	2.866344e+00 	-3.207658e+00
-2.788466e+00 	2.953202e+00 	-2.924722e+00

-2.527890e+00 	0.000000e+00 	-2.915947e+00
-2.527890e+00 	8.685890e-02 	-3.444873e+00
-2.527890e+00 	1.737178e-01 	-3.971127e+00
-2.527890e+00 	2.605767e-01 	-4.445241e+00
-2.527890e+00 	3.474356e-01 	-4.815118e+00
-2.527890e+00 	4.342945e-01 	-5.045483e+00
-2.527890e+00 	5.211534e-01 	-5.136572e+00
-2.527890e+00 	6.080123e-01 	-5.126112e+00
-2.527890e+00 	6.948712e-01 	-5.068282e+00
-2.527890e+00 	7.817301e-01 	-5.005841e+00
-2.527890e+00 	8.685890e-01 	-4.958383e+00
-2.527890e+00 	9.554479e-01 	-4.929478e+00
-2.527890e+00 	1.042307e+00 	-4.917815e+00
-2.527890e+00 	1.129166e+00 	-4.922033e+00
-2.527890e+00 	1.216025e+00 	-4.940302e+00
-2.527890e+00 	1.302883e+00 	-4.969231e+00
-2.527890e+00 	1.389742e+00 	-5.004132e+00
-2.527890e+00 	1.476601e+00 	-5.040292e+00
-2.527890e+00 	1.563460e+00 	-5.074358e+00
-2.527890e+00 	1.650319e+00 	-5.104490e+00
-2.527890e+00 	1.737178e+00 	-5.128582e+00
-2.527890e+00 	1.824037e+00 	-5.142871e+00
-2.527890e+00 	1.910896e+00 	-5.141704e+00
-2.527890e+00 	1.997755e+00 	-5.118188e+00
-2.527890e+00 	2.084614e+00 	-5.065457e+00
-2.527890e+00 	2.171472e+00 	-4.978079e+00
-2.527890e+00 	2.258331e+00 	-4.853146e+00
-2.527890e+00 	2.345190e+00 	-4.690807e+00
-2.527890e+00 	2.432049e+00 	-4.494162e+00
-2.527890e+00 	2.518908e+00 	-4.268593e+00
-2.527890e+00 	2.605767e+00 	-4.020709e+00
-2.527890e+00 	2.692626e+00 	-3.757157e+00
-2.527890e+00 	2.779485e+00 	-3.483625e+00
-2.527890e+00 	2.866344e+00 	-3.204278e+00
-2.527890e+00 	2.953202e+00 	-2.921718e+00

-2.267313e+00 	0.000000e+00 	-2.909374e+00
-2.267313e+00 	8.685890e-02 	-3.437334e+00
-2.267313e+00 	1.737178e-01 	-3.962970e+00
-2.267313e+00 	2.605767e-01 	-4.437161e+00
-2.267313e+00 	3.474356e-01 	-4.808152e+00
-2.267313e+00 	4.342945e-01 	-5.040823e+00
-2.267313e+00 	5.211534e-01 	-5.135171e+00
-2.267313e+00 	6.080123e-01 	-5.128280e+00
-2.267313e+00 	6.948712e-01 	-5.073564e+00
-2.267313e+00 	7.817301e-01 	-5.013293e+00
-2.267313e+00 	8.685890e-01 	-4.966994e+00
-2.267313e+00 	9.554479e-01 	-4.938426e+00
-2.267313e+00 	1.042307e+00 	-4.926503e+00
-2.267313e+00 	1.129166e+00 	-4.930032e+00
-2.267313e+00 	1.216025e+00 	-4.947297e+00
-2.267313e+00 	1.302883e+00 	-4.974947e+00
-2.267313e+00 	1.389742e+00 	-5.008214e+00
-2.267313e+00 	1.476601e+00 	-5.042328e+00
-2.267313e+00 	1.563460e+00 	-5.074233e+00
-2.267313e+00 	1.650319e+00 	-5.102323e+00
-2.267313e+00 	1.737178e+00 	-5.124517e+00
-2.267313e+00 	1.824037e+00 	-5.137078e+00
-2.267313e+00 	1.910896e+00 	-5.134398e+00
-2.267313e+00 	1.997755e+00 	-5.109633e+00
-2.267313e+00 	2.084614e+00 	-5.055955e+00
-2.267313e+00 	2.171472e+00 	-4.967946e+00
-2.267313e+00 	2.258331e+00 	-4.842691e+00
-2.267313e+00 	2.345190e+00 	-4.680311e+00
-2.267313e+00 	2.432049e+00 	-4.483859e+00
-2.267313e+00 	2.518908e+00 	-4.258666e+00
-2.267313e+00 	2.605767e+00 	-4.011289e+00
-2.267313e+00 	2.692626e+00 	-3.748329e+00
-2.267313e+00 	2.779485e+00 	-3.475438e+00
-2.267313e+00 	2.866344e+00 	-3.196760e+00
-2.267313e+00 	2.953202e+00 	-2.914882e+00

-2.006736e+00 	0.000000e+00 	-2.897391e+00
-2.006736e+00 	8.685890e-02 	-3.423580e+00
-2.006736e+00 	1.737178e-01 	-3.948071e+00
-2.006736e+00 	2.605767e-01 	-4.422362e+00
-2.006736e+00 	3.474356e-01 	-4.795316e+00
-2.006736e+00 	4.342945e-01 	-5.032088e+00
-2.006736e+00 	5.211534e-01 	-5.132248e+00
-2.006736e+00 	6.080123e-01 	-5.131722e+00
-2.006736e+00 	6.948712e-01 	-5.082556e+00
-2.006736e+00 	7.817301e-01 	-5.026145e+00
-2.006736e+00 	8.685890e-01 	-4.981890e+00
-2.006736e+00 	9.554479e-01 	-4.953873e+00
-2.006736e+00 	1.042307e+00 	-4.941400e+00
-2.006736e+00 	1.129166e+00 	-4.943551e+00
-2.006736e+00 	1.216025e+00 	-4.958763e+00
-2.006736e+00 	1.302883e+00 	-4.983698e+00
-2.006736e+00 	1.389742e+00 	-5.013511e+00
-2.006736e+00 	1.476601e+00 	-5.043673e+00
-2.006736e+00 	1.563460e+00 	-5.071661e+00
-2.006736e+00 	1.650319e+00 	-5.096061e+00
-2.006736e+00 	1.737178e+00 	-5.114815e+00
-2.006736e+00 	1.824037e+00 	-5.124237e+00
-2.006736e+00 	1.910896e+00 	-5.118802e+00
-2.006736e+00 	1.997755e+00 	-5.091758e+00
-2.006736e+00 	2.084614e+00 	-5.036345e+00
-2.006736e+00 	2.171472e+00 	-4.947174e+00
-2.006736e+00 	2.258331e+00 	-4.821319e+00
-2.006736e+00 	2.345190e+00 	-4.658846e+00
-2.006736e+00 	2.432049e+00 	-4.462730e+00
-2.006736e+00 	2.518908e+00 	-4.238206e+00
-2.006736e+00 	2.605767e+00 	-3.991737e+00
-2.006736e+00 	2.692626e+00 	-3.729843e+00
-2.006736e+00 	2.779485e+00 	-3.458112e+00
-2.006736e+00 	2.866344e+00 	-3.180643e+00
-2.006736e+00 	2.953202e+00 	-2.900002e+00

-1.746159e+00 	0.000000e+00 	-2.875533e+00
-1.746159e+00 	8.685890e-02 	-3.398464e+00
-1.746159e+00 	1.737178e-01 	-3.920800e+00
-1.746159e+00 	2.605767e-01 	-4.395145e+00
-1.746159e+00 	3.474356e-01 	-4.771458e+00
-1.746159e+00 	4.342945e-01 	-5.015378e+00
-1.746159e+00 	5.211534e-01 	-5.125715e+00
-1.746159e+00 	6.080123e-01 	-5.136345e+00
-1.746159e+00 	6.948712e-01 	-5.096897e+00
-1.746159e+00 	7.817301e-01 	-5.047215e+00
-1.746159e+00 	8.685890e-01 	-5.006458e+00
-1.746159e+00 	9.554479e-01 	-4.979261e+00
-1.746159e+00 	1.042307e+00 	-4.965569e+00
-1.746159e+00 	1.129166e+00 	-4.964885e+00
-1.746159e+00 	1.216025e+00 	-4.975833e+00
-1.746159e+00 	1.302883e+00 	-4.995115e+00
-1.746159e+00 	1.389742e+00 	-5.018115e+00
-1.746159e+00 	1.476601e+00 	-5.041082e+00
-1.746159e+00 	1.563460e+00 	-5.062138e+00
-1.746159e+00 	1.650319e+00 	-5.079999e+00
-1.746159e+00 	1.737178e+00 	-5.092639e+00
-1.746159e+00 	1.824037e+00 	-5.096473e+00
-1.746159e+00 	1.910896e+00 	-5.086126e+00
-1.746159e+00 	1.997755e+00 	-5.055007e+00
-1.746159e+00 	2.084614e+00 	-4.996480e+00
-1.746159e+00 	2.171472e+00 	-4.905216e+00
-1.746159e+00 	2.258331e+00 	-4.778271e+00
-1.746159e+00 	2.345190e+00 	-4.615622e+00
-1.746159e+00 	2.432049e+00 	-4.420104e+00
-1.746159e+00 	2.518908e+00 	-4.196784e+00
-1.746159e+00 	2.605767e+00 	-3.951954e+00
-1.746159e+00 	2.692626e+00 	-3.691987e+00
-1.746159e+00 	2.779485e+00 	-3.422354e+00
-1.746159e+00 	2.866344e+00 	-3.147077e+00
-1.746159e+00 	2.953202e+00 	-2.868677e+00

-1.485583e+00 	0.000000e+00 	-2.835631e+00
-1.485583e+00 	8.685890e-02 	-3.352521e+00
-1.485583e+00 	1.737178e-01 	-3.870713e+00
-1.485583e+00 	2.605767e-01 	-4.344743e+00
-1.485583e+00 	3.474356e-01 	-4.726477e+00
-1.485583e+00 	4.342945e-01 	-4.982385e+00
-1.485583e+00 	5.211534e-01 	-5.109948e+00
-1.485583e+00 	6.080123e-01 	-5.139501e+00
-1.485583e+00 	6.948712e-01 	-5.116508e+00
-1.485583e+00 	7.817301e-01 	-5.078135e+00
-1.485583e+00 	8.685890e-01 	-5.043081e+00
-1.485583e+00 	9.554479e-01 	-5.016847e+00
-1.485583e+00 	1.042307e+00 	-5.000388e+00
-1.485583e+00 	1.129166e+00 	-4.993830e+00
-1.485583e+00 	1.216025e+00 	-4.996111e+00
-1.485583e+00 	1.302883e+00 	-5.004341e+00
-1.485583e+00 	1.389742e+00 	-5.014941e+00
-1.485583e+00 	1.476601e+00 	-5.025469e+00
-1.485583e+00 	1.563460e+00 	-5.034647e+00
-1.485583e+00 	1.650319e+00 	-5.041276e+00
-1.485583e+00 	1.737178e+00 	-5.043395e+00
-1.485583e+00 	1.824037e+00 	-5.037586e+00
-1.485583e+00 	1.910896e+00 	-5.018740e+00
-1.485583e+00 	1.997755e+00 	-4.980547e+00
-1.485583e+00 	2.084614e+00 	-4.916602e+00
-1.485583e+00 	2.171472e+00 	-4.821697e+00
-1.485583e+00 	2.258331e+00 	-4.692868e+00
-1.485583e+00 	2.345190e+00 	-4.529952e+00
-1.485583e+00 	2.432049e+00 	-4.335542e+00
-1.485583e+00 	2.518908e+00 	-4.114412e+00
-1.485583e+00 	2.605767e+00 	-3.872557e+00
-1.485583e+00 	2.692626e+00 	-3.616084e+00
-1.485583e+00 	2.779485e+00 	-3.350258e+00
-1.485583e+00 	2.866344e+00 	-3.078961e+00
-1.485583e+00 	2.953202e+00 	-2.804631e+00

-1.225006e+00 	0.000000e+00 	-2.762685e+00
-1.225006e+00 	8.685890e-02 	-3.268246e+00
-1.225006e+00 	1.737178e-01 	-3.778201e+00
-1.225006e+00 	2.605767e-01 	-4.250358e+00
-1.225006e+00 	3.474356e-01 	-4.639782e+00
-1.225006e+00 	4.342945e-01 	-4.914315e+00
-1.225006e+00 	5.211534e-01 	-5.069207e+00
-1.225006e+00 	6.080123e-01 	-5.128940e+00
-1.225006e+00 	6.948712e-01 	-5.132142e+00
-1.225006e+00 	7.817301e-01 	-5.111546e+00
-1.225006e+00 	8.685890e-01 	-5.084980e+00
-1.225006e+00 	9.554479e-01 	-5.059194e+00
-1.225006e+00 	1.042307e+00 	-5.036632e+00
-1.225006e+00 	1.129166e+00 	-5.018421e+00
-1.225006e+00 	1.216025e+00 	-5.004370e+00
-1.225006e+00 	1.302883e+00 	-4.993056e+00
-1.225006e+00 	1.389742e+00 	-4.982994e+00
-1.225006e+00 	1.476601e+00 	-4.973292e+00
-1.225006e+00 	1.563460e+00 	-4.963166e+00
-1.225006e+00 	1.650319e+00 	-4.951488e+00
-1.225006e+00 	1.737178e+00 	-4.936400e+00
-1.225006e+00 	1.824037e+00 	-4.914767e+00
-1.225006e+00 	1.910896e+00 	-4.881919e+00
-1.225006e+00 	1.997755e+00 	-4.832040e+00
-1.225006e+00 	2.084614e+00 	-4.759141e+00
-1.225006e+00 	2.171472e+00 	-4.658256e+00
-1.225006e+00 	2.258331e+00 	-4.526435e+00
-1.225006e+00 	2.345190e+00 	-4.363300e+00
-1.225006e+00 	2.432049e+00 	-4.171058e+00
-1.225006e+00 	2.518908e+00 	-3.953991e+00
-1.225006e+00 	2.605767e+00 	-3.717581e+00
-1.225006e+00 	2.692626e+00 	-3.467475e+00
-1.225006e+00 	2.779485e+00 	-3.208576e+00
-1.225006e+00 	2.866344e+00 	-2.944520e+00
-1.225006e+00 	2.953202e+00 	-2.677595e+00

