r				LJ (rc=3)		WHDF (rc=2)		WHDF (rc=1.2)	tWF (rc=3)		
9.000000e-01 	6.641598e+00 	3.638144e+00 	1.619153e+01 	1.000000e+50 	
9.010000e-01 	6.504101e+00 	3.575686e+00 	1.584059e+01 	1.000000e+50 	
9.020000e-01 	6.368902e+00 	3.513960e+00 	1.549543e+01 	1.000000e+50 	
9.030000e-01 	6.235965e+00 	3.452958e+00 	1.515597e+01 	1.000000e+50 	
9.040000e-01 	6.105250e+00 	3.392672e+00 	1.482213e+01 	1.000000e+50 	
9.050000e-01 	5.976723e+00 	3.333094e+00 	1.449384e+01 	1.000000e+50 	
9.060000e-01 	5.850346e+00 	3.274217e+00 	1.417102e+01 	1.000000e+50 	
9.070000e-01 	5.726085e+00 	3.216032e+00 	1.385359e+01 	1.000000e+50 	
9.080000e-01 	5.603904e+00 	3.158531e+00 	1.354148e+01 	1.000000e+50 	
9.090000e-01 	5.483770e+00 	3.101708e+00 	1.323462e+01 	1.000000e+50 	
9.100000e-01 	5.365648e+00 	3.045555e+00 	1.293292e+01 	1.000000e+50 	
9.110000e-01 	5.249506e+00 	2.990065e+00 	1.263633e+01 	1.000000e+50 	
9.120000e-01 	5.135310e+00 	2.935229e+00 	1.234476e+01 	1.000000e+50 	
9.130000e-01 	5.023030e+00 	2.881042e+00 	1.205815e+01 	1.000000e+50 	
9.140000e-01 	4.912633e+00 	2.827496e+00 	1.177643e+01 	1.000000e+50 	
9.150000e-01 	4.804089e+00 	2.774583e+00 	1.149952e+01 	1.000000e+50 	
9.160000e-01 	4.697367e+00 	2.722297e+00 	1.122737e+01 	1.000000e+50 	
9.170000e-01 	4.592437e+00 	2.670631e+00 	1.095991e+01 	1.000000e+50 	
9.180000e-01 	4.489271e+00 	2.619579e+00 	1.069707e+01 	1.000000e+50 	
9.190000e-01 	4.387838e+00 	2.569133e+00 	1.043878e+01 	1.000000e+50 	
9.200000e-01 	4.288112e+00 	2.519286e+00 	1.018498e+01 	1.000000e+50 	
9.210000e-01 	4.190063e+00 	2.470033e+00 	9.935613e+00 	1.000000e+50 	
9.220000e-01 	4.093665e+00 	2.421366e+00 	9.690608e+00 	1.000000e+50 	
9.230000e-01 	3.998890e+00 	2.373279e+00 	9.449908e+00 	1.000000e+50 	
9.240000e-01 	3.905712e+00 	2.325767e+00 	9.213449e+00 	1.000000e+50 	
9.250000e-01 	3.814105e+00 	2.278821e+00 	8.981174e+00 	1.000000e+50 	
9.260000e-01 	3.724044e+00 	2.232437e+00 	8.753021e+00 	1.000000e+50 	
9.270000e-01 	3.635502e+00 	2.186609e+00 	8.528933e+00 	1.000000e+50 	
9.280000e-01 	3.548456e+00 	2.141329e+00 	8.308851e+00 	1.000000e+50 	
9.290000e-01 	3.462880e+00 	2.096592e+00 	8.092718e+00 	1.000000e+50 	
9.300000e-01 	3.378752e+00 	2.052393e+00 	7.880479e+00 	1.000000e+50 	
9.310000e-01 	3.296046e+00 	2.008724e+00 	7.672077e+00 	1.000000e+50 	
9.320000e-01 	3.214741e+00 	1.965581e+00 	7.467458e+00 	1.000000e+50 	
9.330000e-01 	3.134814e+00 	1.922958e+00 	7.266567e+00 	1.000000e+50 	
9.340000e-01 	3.056241e+00 	1.880848e+00 	7.069350e+00 	1.000000e+50 	
9.350000e-01 	2.979001e+00 	1.839247e+00 	6.875755e+00 	1.000000e+50 	
9.360000e-01 	2.903073e+00 	1.798149e+00 	6.685730e+00 	1.000000e+50 	
9.370000e-01 	2.828435e+00 	1.757547e+00 	6.499222e+00 	1.000000e+50 	
9.380000e-01 	2.755065e+00 	1.717438e+00 	6.316182e+00 	1.000000e+50 	
9.390000e-01 	2.682945e+00 	1.677815e+00 	6.136559e+00 	1.000000e+50 	
9.400000e-01 	2.612052e+00 	1.638673e+00 	5.960303e+00 	1.000000e+50 	
9.410000e-01 	2.542368e+00 	1.600007e+00 	5.787365e+00 	1.000000e+50 	
9.420000e-01 	2.473872e+00 	1.561811e+00 	5.617698e+00 	1.000000e+50 	
9.430000e-01 	2.406546e+00 	1.524081e+00 	5.451253e+00 	1.000000e+50 	
9.440000e-01 	2.340370e+00 	1.486811e+00 	5.287983e+00 	1.000000e+50 	
9.450000e-01 	2.275326e+00 	1.449997e+00 	5.127842e+00 	1.000000e+50 	
9.460000e-01 	2.211396e+00 	1.413632e+00 	4.970784e+00 	1.000000e+50 	
9.470000e-01 	2.148561e+00 	1.377714e+00 	4.816763e+00 	1.000000e+50 	
9.480000e-01 	2.086804e+00 	1.342235e+00 	4.665736e+00 	1.000000e+50 	
9.490000e-01 	2.026108e+00 	1.307193e+00 	4.517657e+00 	1.000000e+50 	
9.500000e-01 	1.966454e+00 	1.272582e+00 	4.372483e+00 	1.000000e+50 	
9.510000e-01 	1.907827e+00 	1.238396e+00 	4.230172e+00 	1.000000e+50 	
9.520000e-01 	1.850209e+00 	1.204633e+00 	4.090680e+00 	1.000000e+50 	
9.530000e-01 	1.793585e+00 	1.171286e+00 	3.953966e+00 	1.000000e+50 	
9.540000e-01 	1.737939e+00 	1.138352e+00 	3.819988e+00 	1.000000e+50 	
9.550000e-01 	1.683254e+00 	1.105825e+00 	3.688706e+00 	1.000000e+50 	
9.560000e-01 	1.629515e+00 	1.073703e+00 	3.560079e+00 	1.000000e+50 	
9.570000e-01 	1.576707e+00 	1.041979e+00 	3.434067e+00 	1.000000e+50 	
9.580000e-01 	1.524814e+00 	1.010650e+00 	3.310631e+00 	1.000000e+50 	
9.590000e-01 	1.473823e+00 	9.797111e-01 	3.189732e+00 	1.000000e+50 	
9.600000e-01 	1.423718e+00 	9.491586e-01 	3.071333e+00 	1.000000e+50 	
9.610000e-01 	1.374486e+00 	9.189879e-01 	2.955394e+00 	1.000000e+50 	
9.620000e-01 	1.326111e+00 	8.891949e-01 	2.841880e+00 	1.000000e+50 	
9.630000e-01 	1.278581e+00 	8.597756e-01 	2.730752e+00 	1.000000e+50 	
9.640000e-01 	1.231882e+00 	8.307258e-01 	2.621975e+00 	1.000000e+50 	
9.650000e-01 	1.186000e+00 	8.020415e-01 	2.515513e+00 	1.000000e+50 	
9.660000e-01 	1.140922e+00 	7.737186e-01 	2.411329e+00 	1.000000e+50 	
9.670000e-01 	1.096635e+00 	7.457533e-01 	2.309390e+00 	1.000000e+50 	
9.680000e-01 	1.053127e+00 	7.181417e-01 	2.209661e+00 	1.000000e+50 	
9.690000e-01 	1.010384e+00 	6.908798e-01 	2.112108e+00 	1.000000e+50 	
9.700000e-01 	9.683955e-01 	6.639638e-01 	2.016696e+00 	1.000000e+50 	
9.710000e-01 	9.271483e-01 	6.373901e-01 	1.923393e+00 	1.000000e+50 	
9.720000e-01 	8.866307e-01 	6.111548e-01 	1.832166e+00 	1.000000e+50 	
9.730000e-01 	8.468308e-01 	5.852542e-01 	1.742983e+00 	1.000000e+50 	
9.740000e-01 	8.077372e-01 	5.596847e-01 	1.655812e+00 	1.000000e+50 	
9.750000e-01 	7.693386e-01 	5.344426e-01 	1.570620e+00 	1.000000e+50 	
9.760000e-01 	7.316237e-01 	5.095245e-01 	1.487378e+00 	1.000000e+50 	
9.770000e-01 	6.945815e-01 	4.849267e-01 	1.406054e+00 	1.000000e+50 	
9.780000e-01 	6.582013e-01 	4.606457e-01 	1.326618e+00 	1.000000e+50 	
9.790000e-01 	6.224724e-01 	4.366781e-01 	1.249040e+00 	1.000000e+50 	
9.800000e-01 	5.873843e-01 	4.130205e-01 	1.173290e+00 	1.000000e+50 	
9.810000e-01 	5.529267e-01 	3.896694e-01 	1.099339e+00 	1.000000e+50 	
9.820000e-01 	5.190895e-01 	3.666216e-01 	1.027160e+00 	1.000000e+50 	
9.830000e-01 	4.858628e-01 	3.438737e-01 	9.567219e-01 	1.000000e+50 	
9.840000e-01 	4.532366e-01 	3.214224e-01 	8.879982e-01 	1.000000e+50 	
9.850000e-01 	4.212014e-01 	2.992645e-01 	8.209608e-01 	1.000000e+50 	
9.860000e-01 	3.897477e-01 	2.773967e-01 	7.555825e-01 	1.000000e+50 	
9.870000e-01 	3.588660e-01 	2.558160e-01 	6.918362e-01 	1.000000e+50 	
9.880000e-01 	3.285473e-01 	2.345191e-01 	6.296954e-01 	1.000000e+50 	
9.890000e-01 	2.987825e-01 	2.135029e-01 	5.691338e-01 	1.000000e+50 	
9.900000e-01 	2.695627e-01 	1.927645e-01 	5.101254e-01 	1.000000e+50 	
9.910000e-01 	2.408791e-01 	1.723007e-01 	4.526447e-01 	1.000000e+50 	
9.920000e-01 	2.127231e-01 	1.521085e-01 	3.966663e-01 	1.000000e+50 	
9.930000e-01 	1.850862e-01 	1.321850e-01 	3.421654e-01 	1.000000e+50 	
9.940000e-01 	1.579601e-01 	1.125272e-01 	2.891173e-01 	1.000000e+50 	
9.950000e-01 	1.313366e-01 	9.313227e-02 	2.374977e-01 	1.000000e+50 	
9.960000e-01 	1.052076e-01 	7.399724e-02 	1.872827e-01 	1.000000e+50 	
9.970000e-01 	7.956511e-02 	5.511930e-02 	1.384487e-01 	1.000000e+50 	
9.980000e-01 	5.440138e-02 	3.649564e-02 	9.097218e-02 	1.000000e+50 	
9.990000e-01 	2.970868e-02 	1.812345e-02 	4.483020e-02 	1.000000e+50 	
1.000000e+00 	5.479442e-03 	0.000000e+00 	0.000000e+00 	-nan 	
1.001000e+00 	-1.829379e-02 	-1.787745e-02 	-4.354087e-02 	2.492512e+13 	
1.002000e+00 	-4.161834e-02 	-3.551160e-02 	-8.581456e-02 	3.882882e+11 	
1.003000e+00 	-6.450142e-02 	-5.290511e-02 	-1.268429e-01 	3.398616e+10 	
1.004000e+00 	-8.695015e-02 	-7.006062e-02 	-1.666476e-01 	6.030628e+09 	
1.005000e+00 	-1.089715e-01 	-8.698075e-02 	-2.052498e-01 	1.576129e+09 	
1.006000e+00 	-1.305724e-01 	-1.036681e-01 	-2.426705e-01 	5.262463e+08 	
1.007000e+00 	-1.517595e-01 	-1.201251e-01 	-2.789306e-01 	2.080594e+08 	
1.008000e+00 	-1.725396e-01 	-1.363545e-01 	-3.140504e-01 	9.309102e+07 	
1.009000e+00 	-1.929191e-01 	-1.523587e-01 	-3.480502e-01 	4.577801e+07 	
1.010000e+00 	-2.129046e-01 	-1.681401e-01 	-3.809498e-01 	2.425310e+07 	
1.011000e+00 	-2.325024e-01 	-1.837012e-01 	-4.127691e-01 	1.364760e+07 	
1.012000e+00 	-2.517186e-01 	-1.990444e-01 	-4.435273e-01 	8.071587e+06 	
1.013000e+00 	-2.705596e-01 	-2.141722e-01 	-4.732436e-01 	4.977461e+06 	
1.014000e+00 	-2.890313e-01 	-2.290868e-01 	-5.019369e-01 	3.180592e+06 	
1.015000e+00 	-3.071396e-01 	-2.437907e-01 	-5.296259e-01 	2.095666e+06 	
1.016000e+00 	-3.248905e-01 	-2.582862e-01 	-5.563289e-01 	1.418168e+06 	
1.017000e+00 	-3.422897e-01 	-2.725755e-01 	-5.820642e-01 	9.824597e+05 	
1.018000e+00 	-3.593429e-01 	-2.866609e-01 	-6.068496e-01 	6.948899e+05 	
1.019000e+00 	-3.760556e-01 	-3.005447e-01 	-6.307029e-01 	5.006716e+05 	
1.020000e+00 	-3.924334e-01 	-3.142291e-01 	-6.536414e-01 	3.667732e+05 	
1.021000e+00 	-4.084816e-01 	-3.277163e-01 	-6.756823e-01 	2.727364e+05 	
1.022000e+00 	-4.242057e-01 	-3.410084e-01 	-6.968428e-01 	2.055802e+05 	
1.023000e+00 	-4.396107e-01 	-3.541077e-01 	-7.171394e-01 	1.568862e+05 	
1.024000e+00 	-4.547020e-01 	-3.670162e-01 	-7.365889e-01 	1.210858e+05 	
1.025000e+00 	-4.694845e-01 	-3.797361e-01 	-7.552073e-01 	9.442852e+04 	
1.026000e+00 	-4.839632e-01 	-3.922694e-01 	-7.730110e-01 	7.434602e+04 	
1.027000e+00 	-4.981432e-01 	-4.046182e-01 	-7.900157e-01 	5.905281e+04 	
1.028000e+00 	-5.120291e-01 	-4.167845e-01 	-8.062371e-01 	4.729006e+04 	
1.029000e+00 	-5.256259e-01 	-4.287704e-01 	-8.216907e-01 	3.815867e+04 	
1.030000e+00 	-5.389381e-01 	-4.405779e-01 	-8.363918e-01 	3.100871e+04 	
1.031000e+00 	-5.519703e-01 	-4.522088e-01 	-8.503553e-01 	2.536510e+04 	
1.032000e+00 	-5.647272e-01 	-4.636653e-01 	-8.635961e-01 	2.087692e+04 	
1.033000e+00 	-5.772132e-01 	-4.749492e-01 	-8.761289e-01 	1.728244e+04 	
1.034000e+00 	-5.894327e-01 	-4.860624e-01 	-8.879681e-01 	1.438463e+04 	
1.035000e+00 	-6.013899e-01 	-4.970069e-01 	-8.991280e-01 	1.203393e+04 	
1.036000e+00 	-6.130893e-01 	-5.077844e-01 	-9.096227e-01 	1.011585e+04 	
1.037000e+00 	-6.245349e-01 	-5.183969e-01 	-9.194659e-01 	8.542121e+03 	
1.038000e+00 	-6.357310e-01 	-5.288461e-01 	-9.286714e-01 	7.244166e+03 	
1.039000e+00 	-6.466815e-01 	-5.391340e-01 	-9.372527e-01 	6.168363e+03 	
1.040000e+00 	-6.573905e-01 	-5.492623e-01 	-9.452232e-01 	5.272509e+03 	
1.041000e+00 	-6.678618e-01 	-5.592327e-01 	-9.525958e-01 	4.523185e+03 	
1.042000e+00 	-6.780995e-01 	-5.690470e-01 	-9.593837e-01 	3.893774e+03 	
1.043000e+00 	-6.881073e-01 	-5.787070e-01 	-9.655996e-01 	3.362961e+03 	
1.044000e+00 	-6.978889e-01 	-5.882144e-01 	-9.712560e-01 	2.913586e+03 	
1.045000e+00 	-7.074481e-01 	-5.975709e-01 	-9.763655e-01 	2.531767e+03 	
1.046000e+00 	-7.167884e-01 	-6.067781e-01 	-9.809402e-01 	2.206218e+03 	
1.047000e+00 	-7.259135e-01 	-6.158378e-01 	-9.849923e-01 	1.927723e+03 	
1.048000e+00 	-7.348269e-01 	-6.247515e-01 	-9.885338e-01 	1.688723e+03 	
1.049000e+00 	-7.435321e-01 	-6.335210e-01 	-9.915763e-01 	1.482993e+03 	
1.050000e+00 	-7.520325e-01 	-6.421477e-01 	-9.941316e-01 	1.305387e+03 	
1.051000e+00 	-7.603314e-01 	-6.506334e-01 	-9.962109e-01 	1.151632e+03 	
1.052000e+00 	-7.684321e-01 	-6.589796e-01 	-9.978257e-01 	1.018168e+03 	
1.053000e+00 	-7.763380e-01 	-6.671879e-01 	-9.989871e-01 	9.020195e+02 	
1.054000e+00 	-7.840522e-01 	-6.752598e-01 	-9.997060e-01 	8.006916e+02 	
1.055000e+00 	-7.915778e-01 	-6.831968e-01 	-9.999933e-01 	7.120832e+02 	
1.056000e+00 	-7.989181e-01 	-6.910004e-01 	-9.998596e-01 	6.344212e+02 	
1.057000e+00 	-8.060759e-01 	-6.986722e-01 	-9.993156e-01 	5.662041e+02 	
1.058000e+00 	-8.130545e-01 	-7.062137e-01 	-9.983715e-01 	5.061569e+02 	
1.059000e+00 	-8.198566e-01 	-7.136262e-01 	-9.970376e-01 	4.531937e+02 	
1.060000e+00 	-8.264853e-01 	-7.209113e-01 	-9.953240e-01 	4.063873e+02 	
1.061000e+00 	-8.329433e-01 	-7.280704e-01 	-9.932406e-01 	3.649442e+02 	
1.062000e+00 	-8.392337e-01 	-7.351049e-01 	-9.907974e-01 	3.281829e+02 	
1.063000e+00 	-8.453590e-01 	-7.420162e-01 	-9.880039e-01 	2.955174e+02 	
1.064000e+00 	-8.513221e-01 	-7.488057e-01 	-9.848697e-01 	2.664422e+02 	
1.065000e+00 	-8.571256e-01 	-7.554747e-01 	-9.814043e-01 	2.405205e+02 	
1.066000e+00 	-8.627723e-01 	-7.620248e-01 	-9.776168e-01 	2.173736e+02 	
1.067000e+00 	-8.682646e-01 	-7.684571e-01 	-9.735165e-01 	1.966732e+02 	
1.068000e+00 	-8.736053e-01 	-7.747730e-01 	-9.691124e-01 	1.781334e+02 	
1.069000e+00 	-8.787968e-01 	-7.809738e-01 	-9.644133e-01 	1.615050e+02 	
1.070000e+00 	-8.838416e-01 	-7.870610e-01 	-9.594280e-01 	1.465705e+02 	
1.071000e+00 	-8.887422e-01 	-7.930356e-01 	-9.541651e-01 	1.331395e+02 	
1.072000e+00 	-8.935010e-01 	-7.988991e-01 	-9.486333e-01 	1.210452e+02 	
1.073000e+00 	-8.981204e-01 	-8.046526e-01 	-9.428408e-01 	1.101409e+02 	
1.074000e+00 	-9.026026e-01 	-8.102975e-01 	-9.367960e-01 	1.002978e+02 	
1.075000e+00 	-9.069501e-01 	-8.158349e-01 	-9.305070e-01 	9.140228e+01 	
1.076000e+00 	-9.111651e-01 	-8.212661e-01 	-9.239818e-01 	8.335410e+01 	
1.077000e+00 	-9.152498e-01 	-8.265924e-01 	-9.172285e-01 	7.606462e+01 	
1.078000e+00 	-9.192064e-01 	-8.318148e-01 	-9.102547e-01 	6.945540e+01 	
1.079000e+00 	-9.230371e-01 	-8.369347e-01 	-9.030682e-01 	6.345685e+01 	
1.080000e+00 	-9.267440e-01 	-8.419531e-01 	-8.956766e-01 	5.800721e+01 	
1.081000e+00 	-9.303293e-01 	-8.468712e-01 	-8.880873e-01 	5.305155e+01 	
1.082000e+00 	-9.337949e-01 	-8.516902e-01 	-8.803078e-01 	4.854096e+01 	
1.083000e+00 	-9.371429e-01 	-8.564112e-01 	-8.723453e-01 	4.443183e+01 	
1.084000e+00 	-9.403754e-01 	-8.610354e-01 	-8.642069e-01 	4.068521e+01 	
1.085000e+00 	-9.434942e-01 	-8.655638e-01 	-8.558997e-01 	3.726631e+01 	
1.086000e+00 	-9.465013e-01 	-8.699976e-01 	-8.474307e-01 	3.414396e+01 	
1.087000e+00 	-9.493987e-01 	-8.743378e-01 	-8.388067e-01 	3.129025e+01 	
1.088000e+00 	-9.521882e-01 	-8.785855e-01 	-8.300344e-01 	2.868013e+01 	
1.089000e+00 	-9.548717e-01 	-8.827419e-01 	-8.211206e-01 	2.629109e+01 	
1.090000e+00 	-9.574510e-01 	-8.868079e-01 	-8.120717e-01 	2.410291e+01 	
1.091000e+00 	-9.599278e-01 	-8.907846e-01 	-8.028942e-01 	2.209737e+01 	
1.092000e+00 	-9.623040e-01 	-8.946730e-01 	-7.935945e-01 	2.025805e+01 	
1.093000e+00 	-9.645813e-01 	-8.984742e-01 	-7.841788e-01 	1.857014e+01 	
1.094000e+00 	-9.667613e-01 	-9.021892e-01 	-7.746533e-01 	1.702027e+01 	
1.095000e+00 	-9.688459e-01 	-9.058189e-01 	-7.650241e-01 	1.559636e+01 	
1.096000e+00 	-9.708366e-01 	-9.093644e-01 	-7.552972e-01 	1.428746e+01 	
1.097000e+00 	-9.727350e-01 	-9.128266e-01 	-7.454784e-01 	1.308366e+01 	
1.098000e+00 	-9.745429e-01 	-9.162066e-01 	-7.355736e-01 	1.197599e+01 	
1.099000e+00 	-9.762617e-01 	-9.195052e-01 	-7.255885e-01 	1.095629e+01 	
1.100000e+00 	-9.778930e-01 	-9.227235e-01 	-7.155288e-01 	1.001717e+01 	
1.101000e+00 	-9.794384e-01 	-9.258624e-01 	-7.053999e-01 	9.151888e+00 	
1.102000e+00 	-9.808993e-01 	-9.289227e-01 	-6.952073e-01 	8.354338e+00 	
1.103000e+00 	-9.822773e-01 	-9.319055e-01 	-6.849565e-01 	7.618944e+00 	
1.104000e+00 	-9.835738e-01 	-9.348116e-01 	-6.746527e-01 	6.940628e+00 	
1.105000e+00 	-9.847902e-01 	-9.376419e-01 	-6.643012e-01 	6.314762e+00 	
1.106000e+00 	-9.859281e-01 	-9.403974e-01 	-6.539070e-01 	5.737120e+00 	
1.107000e+00 	-9.869886e-01 	-9.430789e-01 	-6.434753e-01 	5.203844e+00 	
1.108000e+00 	-9.879734e-01 	-9.456872e-01 	-6.330111e-01 	4.711406e+00 	
1.109000e+00 	-9.888836e-01 	-9.482234e-01 	-6.225191e-01 	4.256581e+00 	
1.110000e+00 	-9.897206e-01 	-9.506881e-01 	-6.120043e-01 	3.836416e+00 	
1.111000e+00 	-9.904858e-01 	-9.530823e-01 	-6.014714e-01 	3.448207e+00 	
1.112000e+00 	-9.911804e-01 	-9.554068e-01 	-5.909251e-01 	3.089477e+00 	
1.113000e+00 	-9.918056e-01 	-9.576624e-01 	-5.803700e-01 	2.757951e+00 	
1.114000e+00 	-9.923629e-01 	-9.598500e-01 	-5.698106e-01 	2.451544e+00 	
1.115000e+00 	-9.928533e-01 	-9.619703e-01 	-5.592514e-01 	2.168341e+00 	
1.116000e+00 	-9.932781e-01 	-9.640241e-01 	-5.486968e-01 	1.906582e+00 	
1.117000e+00 	-9.936384e-01 	-9.660124e-01 	-5.381510e-01 	1.664648e+00 	
1.118000e+00 	-9.939356e-01 	-9.679358e-01 	-5.276184e-01 	1.441050e+00 	
1.119000e+00 	-9.941706e-01 	-9.697951e-01 	-5.171031e-01 	1.234420e+00 	
1.120000e+00 	-9.943447e-01 	-9.715910e-01 	-5.066093e-01 	1.043495e+00 	
1.121000e+00 	-9.944589e-01 	-9.733245e-01 	-4.961409e-01 	8.671117e-01 	
1.122000e+00 	-9.945144e-01 	-9.749961e-01 	-4.857021e-01 	7.041987e-01 	
1.123000e+00 	-9.945123e-01 	-9.766068e-01 	-4.752966e-01 	5.537670e-01 	
1.124000e+00 	-9.944536e-01 	-9.781571e-01 	-4.649283e-01 	4.149040e-01 	
1.125000e+00 	-9.943394e-01 	-9.796478e-01 	-4.546011e-01 	2.867669e-01 	
1.126000e+00 	-9.941707e-01 	-9.810797e-01 	-4.443187e-01 	1.685773e-01 	
1.127000e+00 	-9.939485e-01 	-9.824534e-01 	-4.340847e-01 	5.961573e-02 	
1.128000e+00 	-9.936739e-01 	-9.837697e-01 	-4.239027e-01 	-4.078325e-02 	
1.129000e+00 	-9.933477e-01 	-9.850293e-01 	-4.137763e-01 	-1.332351e-01 	
1.130000e+00 	-9.929711e-01 	-9.862329e-01 	-4.037090e-01 	-2.183093e-01 	
1.131000e+00 	-9.925449e-01 	-9.873811e-01 	-3.937042e-01 	-2.965334e-01 	
1.132000e+00 	-9.920702e-01 	-9.884746e-01 	-3.837653e-01 	-3.683959e-01 	
1.133000e+00 	-9.915477e-01 	-9.895142e-01 	-3.738956e-01 	-4.343495e-01 	
1.134000e+00 	-9.909785e-01 	-9.905004e-01 	-3.640983e-01 	-4.948137e-01 	
1.135000e+00 	-9.903634e-01 	-9.914339e-01 	-3.543767e-01 	-5.501777e-01 	
1.136000e+00 	-9.897033e-01 	-9.923155e-01 	-3.447339e-01 	-6.008026e-01 	
1.137000e+00 	-9.889991e-01 	-9.931456e-01 	-3.351730e-01 	-6.470234e-01 	
1.138000e+00 	-9.882516e-01 	-9.939250e-01 	-3.256971e-01 	-6.891512e-01 	
1.139000e+00 	-9.874618e-01 	-9.946543e-01 	-3.163090e-01 	-7.274747e-01 	
1.140000e+00 	-9.866303e-01 	-9.953341e-01 	-3.070119e-01 	-7.622623e-01 	
1.141000e+00 	-9.857581e-01 	-9.959651e-01 	-2.978084e-01 	-7.937635e-01 	
1.142000e+00 	-9.848460e-01 	-9.965478e-01 	-2.887016e-01 	-8.222099e-01 	
1.143000e+00 	-9.838946e-01 	-9.970828e-01 	-2.796941e-01 	-8.478172e-01 	
1.144000e+00 	-9.829049e-01 	-9.975708e-01 	-2.707888e-01 	-8.707858e-01 	
1.145000e+00 	-9.818775e-01 	-9.980123e-01 	-2.619882e-01 	-8.913022e-01 	
1.146000e+00 	-9.808133e-01 	-9.984080e-01 	-2.532950e-01 	-9.095401e-01 	
1.147000e+00 	-9.797129e-01 	-9.987583e-01 	-2.447119e-01 	-9.256608e-01 	
1.148000e+00 	-9.785772e-01 	-9.990640e-01 	-2.362413e-01 	-9.398150e-01 	
1.149000e+00 	-9.774067e-01 	-9.993255e-01 	-2.278857e-01 	-9.521427e-01 	
1.150000e+00 	-9.762023e-01 	-9.995434e-01 	-2.196477e-01 	-9.627743e-01 	
1.151000e+00 	-9.749647e-01 	-9.997182e-01 	-2.115296e-01 	-9.718316e-01 	
1.152000e+00 	-9.736944e-01 	-9.998506e-01 	-2.035337e-01 	-9.794277e-01 	
1.153000e+00 	-9.723923e-01 	-9.999410e-01 	-1.956624e-01 	-9.856683e-01 	
1.154000e+00 	-9.710589e-01 	-9.999900e-01 	-1.879180e-01 	-9.906519e-01 	
1.155000e+00 	-9.696949e-01 	-9.999982e-01 	-1.803027e-01 	-9.944702e-01 	
1.156000e+00 	-9.683009e-01 	-9.999660e-01 	-1.728186e-01 	-9.972088e-01 	
1.157000e+00 	-9.668777e-01 	-9.998940e-01 	-1.654680e-01 	-9.989475e-01 	
1.158000e+00 	-9.654257e-01 	-9.997827e-01 	-1.582529e-01 	-9.997609e-01 	
1.159000e+00 	-9.639457e-01 	-9.996326e-01 	-1.511753e-01 	-9.997184e-01 	
1.160000e+00 	-9.624382e-01 	-9.994442e-01 	-1.442374e-01 	-9.988848e-01 	
1.161000e+00 	-9.609038e-01 	-9.992180e-01 	-1.374411e-01 	-9.973206e-01 	
1.162000e+00 	-9.593432e-01 	-9.989545e-01 	-1.307884e-01 	-9.950822e-01 	
1.163000e+00 	-9.577568e-01 	-9.986542e-01 	-1.242811e-01 	-9.922223e-01 	
1.164000e+00 	-9.561452e-01 	-9.983176e-01 	-1.179211e-01 	-9.887900e-01 	
1.165000e+00 	-9.545091e-01 	-9.979452e-01 	-1.117102e-01 	-9.848312e-01 	
1.166000e+00 	-9.528489e-01 	-9.975373e-01 	-1.056503e-01 	-9.803888e-01 	
1.167000e+00 	-9.511652e-01 	-9.970946e-01 	-9.974310e-02 	-9.755025e-01 	
1.168000e+00 	-9.494586e-01 	-9.966175e-01 	-9.399031e-02 	-9.702099e-01 	
1.169000e+00 	-9.477295e-01 	-9.961064e-01 	-8.839362e-02 	-9.645456e-01 	
1.170000e+00 	-9.459784e-01 	-9.955617e-01 	-8.295469e-02 	-9.585421e-01 	
1.171000e+00 	-9.442059e-01 	-9.949840e-01 	-7.767511e-02 	-9.522298e-01 	
1.172000e+00 	-9.424125e-01 	-9.943737e-01 	-7.255649e-02 	-9.456369e-01 	
1.173000e+00 	-9.405986e-01 	-9.937312e-01 	-6.760036e-02 	-9.387898e-01 	
1.174000e+00 	-9.387648e-01 	-9.930569e-01 	-6.280823e-02 	-9.317132e-01 	
1.175000e+00 	-9.369115e-01 	-9.923514e-01 	-5.818159e-02 	-9.244299e-01 	
1.176000e+00 	-9.350391e-01 	-9.916149e-01 	-5.372188e-02 	-9.169614e-01 	
1.177000e+00 	-9.331482e-01 	-9.908480e-01 	-4.943052e-02 	-9.093277e-01 	
1.178000e+00 	-9.312392e-01 	-9.900510e-01 	-4.530889e-02 	-9.015474e-01 	
1.179000e+00 	-9.293125e-01 	-9.892244e-01 	-4.135834e-02 	-8.936379e-01 	
1.180000e+00 	-9.273686e-01 	-9.883685e-01 	-3.758020e-02 	-8.856152e-01 	
1.181000e+00 	-9.254079e-01 	-9.874838e-01 	-3.397575e-02 	-8.774945e-01 	
1.182000e+00 	-9.234308e-01 	-9.865707e-01 	-3.054626e-02 	-8.692898e-01 	
1.183000e+00 	-9.214377e-01 	-9.856296e-01 	-2.729295e-02 	-8.610141e-01 	
1.184000e+00 	-9.194291e-01 	-9.846609e-01 	-2.421703e-02 	-8.526795e-01 	
1.185000e+00 	-9.174054e-01 	-9.836649e-01 	-2.131968e-02 	-8.442975e-01 	
1.186000e+00 	-9.153669e-01 	-9.826420e-01 	-1.860202e-02 	-8.358784e-01 	
1.187000e+00 	-9.133140e-01 	-9.815926e-01 	-1.606519e-02 	-8.274320e-01 	
1.188000e+00 	-9.112471e-01 	-9.805172e-01 	-1.371027e-02 	-8.189674e-01 	
1.189000e+00 	-9.091667e-01 	-9.794160e-01 	-1.153831e-02 	-8.104929e-01 	
1.190000e+00 	-9.070730e-01 	-9.782894e-01 	-9.550365e-03 	-8.020165e-01 	
1.191000e+00 	-9.049664e-01 	-9.771378e-01 	-7.747429e-03 	-7.935452e-01 	
1.192000e+00 	-9.028474e-01 	-9.759616e-01 	-6.130485e-03 	-7.850859e-01 	
1.193000e+00 	-9.007162e-01 	-9.747611e-01 	-4.700488e-03 	-7.766446e-01 	
1.194000e+00 	-8.985732e-01 	-9.735366e-01 	-3.458370e-03 	-7.682270e-01 	
1.195000e+00 	-8.964187e-01 	-9.722886e-01 	-2.405033e-03 	-7.598386e-01 	
1.196000e+00 	-8.942531e-01 	-9.710173e-01 	-1.541357e-03 	-7.514841e-01 	
1.197000e+00 	-8.920766e-01 	-9.697231e-01 	-8.681968e-04 	-7.431680e-01 	
1.198000e+00 	-8.898898e-01 	-9.684063e-01 	-3.863835e-04 	-7.348944e-01 	
1.199000e+00 	-8.876927e-01 	-9.670673e-01 	-9.672349e-05 	-7.266671e-01 	
1.200000e+00 	-8.854858e-01 	-9.657064e-01 	-4.736909e-26 	-7.184896e-01 	
1.201000e+00 	-8.832694e-01 	-9.643240e-01 	0 	-7.103651e-01 	
1.202000e+00 	-8.810438e-01 	-9.629202e-01 	0 	-7.022964e-01 	
1.203000e+00 	-8.788092e-01 	-9.614956e-01 	0 	-6.942862e-01 	
1.204000e+00 	-8.765660e-01 	-9.600503e-01 	0 	-6.863369e-01 	
1.205000e+00 	-8.743145e-01 	-9.585847e-01 	0 	-6.784506e-01 	
1.206000e+00 	-8.720549e-01 	-9.570991e-01 	0 	-6.706293e-01 	
1.207000e+00 	-8.697875e-01 	-9.555939e-01 	0 	-6.628747e-01 	
1.208000e+00 	-8.675126e-01 	-9.540692e-01 	0 	-6.551885e-01 	
1.209000e+00 	-8.652305e-01 	-9.525255e-01 	0 	-6.475720e-01 	
1.210000e+00 	-8.629414e-01 	-9.509629e-01 	0 	-6.400265e-01 	
1.211000e+00 	-8.606456e-01 	-9.493819e-01 	0 	-6.325530e-01 	
1.212000e+00 	-8.583434e-01 	-9.477827e-01 	0 	-6.251525e-01 	
1.213000e+00 	-8.560349e-01 	-9.461655e-01 	0 	-6.178258e-01 	
1.214000e+00 	-8.537205e-01 	-9.445308e-01 	0 	-6.105736e-01 	
1.215000e+00 	-8.514004e-01 	-9.428786e-01 	0 	-6.033965e-01 	
1.216000e+00 	-8.490748e-01 	-9.412094e-01 	0 	-5.962950e-01 	
1.217000e+00 	-8.467440e-01 	-9.395234e-01 	0 	-5.892693e-01 	
1.218000e+00 	-8.444082e-01 	-9.378209e-01 	0 	-5.823199e-01 	
1.219000e+00 	-8.420676e-01 	-9.361021e-01 	0 	-5.754469e-01 	
1.220000e+00 	-8.397225e-01 	-9.343673e-01 	0 	-5.686504e-01 	
1.221000e+00 	-8.373730e-01 	-9.326168e-01 	0 	-5.619304e-01 	
1.222000e+00 	-8.350195e-01 	-9.308508e-01 	0 	-5.552869e-01 	
1.223000e+00 	-8.326620e-01 	-9.290696e-01 	0 	-5.487199e-01 	
1.224000e+00 	-8.303008e-01 	-9.272734e-01 	0 	-5.422291e-01 	
1.225000e+00 	-8.279362e-01 	-9.254625e-01 	0 	-5.358144e-01 	
1.226000e+00 	-8.255682e-01 	-9.236372e-01 	0 	-5.294755e-01 	
1.227000e+00 	-8.231972e-01 	-9.217977e-01 	0 	-5.232121e-01 	
1.228000e+00 	-8.208233e-01 	-9.199442e-01 	0 	-5.170238e-01 	
1.229000e+00 	-8.184466e-01 	-9.180770e-01 	0 	-5.109103e-01 	
1.230000e+00 	-8.160675e-01 	-9.161963e-01 	0 	-5.048712e-01 	
1.231000e+00 	-8.136860e-01 	-9.143023e-01 	0 	-4.989059e-01 	
1.232000e+00 	-8.113024e-01 	-9.123954e-01 	0 	-4.930140e-01 	
1.233000e+00 	-8.089168e-01 	-9.104756e-01 	0 	-4.871950e-01 	
1.234000e+00 	-8.065295e-01 	-9.085433e-01 	0 	-4.814483e-01 	
1.235000e+00 	-8.041405e-01 	-9.065987e-01 	0 	-4.757734e-01 	
1.236000e+00 	-8.017500e-01 	-9.046419e-01 	0 	-4.701696e-01 	
1.237000e+00 	-7.993583e-01 	-9.026733e-01 	0 	-4.646364e-01 	
1.238000e+00 	-7.969654e-01 	-9.006930e-01 	0 	-4.591731e-01 	
1.239000e+00 	-7.945716e-01 	-8.987013e-01 	0 	-4.537792e-01 	
1.240000e+00 	-7.921769e-01 	-8.966983e-01 	0 	-4.484538e-01 	
1.241000e+00 	-7.897816e-01 	-8.946843e-01 	0 	-4.431965e-01 	
1.242000e+00 	-7.873858e-01 	-8.926595e-01 	0 	-4.380065e-01 	
1.243000e+00 	-7.849897e-01 	-8.906241e-01 	0 	-4.328831e-01 	
1.244000e+00 	-7.825933e-01 	-8.885783e-01 	0 	-4.278256e-01 	
1.245000e+00 	-7.801969e-01 	-8.865222e-01 	0 	-4.228333e-01 	
1.246000e+00 	-7.778006e-01 	-8.844562e-01 	0 	-4.179055e-01 	
1.247000e+00 	-7.754044e-01 	-8.823804e-01 	0 	-4.130416e-01 	
1.248000e+00 	-7.730086e-01 	-8.802949e-01 	0 	-4.082407e-01 	
1.249000e+00 	-7.706133e-01 	-8.782001e-01 	0 	-4.035022e-01 	
1.250000e+00 	-7.682187e-01 	-8.760960e-01 	0 	-3.988253e-01 	
1.251000e+00 	-7.658247e-01 	-8.739829e-01 	0 	-3.942094e-01 	
1.252000e+00 	-7.634316e-01 	-8.718609e-01 	0 	-3.896537e-01 	
1.253000e+00 	-7.610395e-01 	-8.697303e-01 	0 	-3.851574e-01 	
1.254000e+00 	-7.586486e-01 	-8.675912e-01 	0 	-3.807199e-01 	
1.255000e+00 	-7.562588e-01 	-8.654439e-01 	0 	-3.763405e-01 	
1.256000e+00 	-7.538704e-01 	-8.632884e-01 	0 	-3.720183e-01 	
1.257000e+00 	-7.514835e-01 	-8.611249e-01 	0 	-3.677528e-01 	
1.258000e+00 	-7.490981e-01 	-8.589537e-01 	0 	-3.635431e-01 	
1.259000e+00 	-7.467145e-01 	-8.567749e-01 	0 	-3.593886e-01 	
1.260000e+00 	-7.443326e-01 	-8.545887e-01 	0 	-3.552886e-01 	
1.261000e+00 	-7.419526e-01 	-8.523953e-01 	0 	-3.512424e-01 	
1.262000e+00 	-7.395746e-01 	-8.501947e-01 	0 	-3.472492e-01 	
1.263000e+00 	-7.371987e-01 	-8.479872e-01 	0 	-3.433085e-01 	
1.264000e+00 	-7.348250e-01 	-8.457730e-01 	0 	-3.394194e-01 	
1.265000e+00 	-7.324537e-01 	-8.435522e-01 	0 	-3.355813e-01 	
1.266000e+00 	-7.300847e-01 	-8.413250e-01 	0 	-3.317935e-01 	
1.267000e+00 	-7.277182e-01 	-8.390915e-01 	0 	-3.280554e-01 	
1.268000e+00 	-7.253543e-01 	-8.368519e-01 	0 	-3.243663e-01 	
1.269000e+00 	-7.229931e-01 	-8.346063e-01 	0 	-3.207255e-01 	
1.270000e+00 	-7.206346e-01 	-8.323549e-01 	0 	-3.171324e-01 	
1.271000e+00 	-7.182790e-01 	-8.300978e-01 	0 	-3.135864e-01 	
1.272000e+00 	-7.159263e-01 	-8.278352e-01 	0 	-3.100867e-01 	
1.273000e+00 	-7.135766e-01 	-8.255673e-01 	0 	-3.066327e-01 	
1.274000e+00 	-7.112301e-01 	-8.232942e-01 	0 	-3.032239e-01 	
1.275000e+00 	-7.088867e-01 	-8.210160e-01 	0 	-2.998596e-01 	
1.276000e+00 	-7.065466e-01 	-8.187328e-01 	0 	-2.965392e-01 	
1.277000e+00 	-7.042098e-01 	-8.164449e-01 	0 	-2.932621e-01 	
1.278000e+00 	-7.018764e-01 	-8.141524e-01 	0 	-2.900277e-01 	
1.279000e+00 	-6.995465e-01 	-8.118553e-01 	0 	-2.868353e-01 	
1.280000e+00 	-6.972201e-01 	-8.095538e-01 	0 	-2.836845e-01 	
1.281000e+00 	-6.948974e-01 	-8.072482e-01 	0 	-2.805745e-01 	
1.282000e+00 	-6.925783e-01 	-8.049384e-01 	0 	-2.775050e-01 	
1.283000e+00 	-6.902631e-01 	-8.026246e-01 	0 	-2.744752e-01 	
1.284000e+00 	-6.879516e-01 	-8.003070e-01 	0 	-2.714846e-01 	
1.285000e+00 	-6.856441e-01 	-7.979857e-01 	0 	-2.685327e-01 	
1.286000e+00 	-6.833405e-01 	-7.956609e-01 	0 	-2.656190e-01 	
1.287000e+00 	-6.810409e-01 	-7.933325e-01 	0 	-2.627428e-01 	
1.288000e+00 	-6.787454e-01 	-7.910008e-01 	0 	-2.599038e-01 	
1.289000e+00 	-6.764540e-01 	-7.886659e-01 	0 	-2.571012e-01 	
1.290000e+00 	-6.741668e-01 	-7.863279e-01 	0 	-2.543347e-01 	
1.291000e+00 	-6.718839e-01 	-7.839870e-01 	0 	-2.516037e-01 	
1.292000e+00 	-6.696053e-01 	-7.816432e-01 	0 	-2.489077e-01 	
1.293000e+00 	-6.673310e-01 	-7.792967e-01 	0 	-2.462462e-01 	
1.294000e+00 	-6.650612e-01 	-7.769475e-01 	0 	-2.436188e-01 	
1.295000e+00 	-6.627958e-01 	-7.745959e-01 	0 	-2.410249e-01 	
1.296000e+00 	-6.605349e-01 	-7.722418e-01 	0 	-2.384641e-01 	
1.297000e+00 	-6.582786e-01 	-7.698855e-01 	0 	-2.359359e-01 	
1.298000e+00 	-6.560269e-01 	-7.675270e-01 	0 	-2.334398e-01 	
1.299000e+00 	-6.537798e-01 	-7.651665e-01 	0 	-2.309754e-01 	
1.300000e+00 	-6.515375e-01 	-7.628040e-01 	0 	-2.285422e-01 	
1.301000e+00 	-6.492999e-01 	-7.604396e-01 	0 	-2.261399e-01 	
1.302000e+00 	-6.470671e-01 	-7.580735e-01 	0 	-2.237679e-01 	
1.303000e+00 	-6.448391e-01 	-7.557058e-01 	0 	-2.214258e-01 	
1.304000e+00 	-6.426160e-01 	-7.533366e-01 	0 	-2.191132e-01 	
1.305000e+00 	-6.403978e-01 	-7.509659e-01 	0 	-2.168297e-01 	
1.306000e+00 	-6.381846e-01 	-7.485939e-01 	0 	-2.145749e-01 	
1.307000e+00 	-6.359763e-01 	-7.462207e-01 	0 	-2.123483e-01 	
1.308000e+00 	-6.337731e-01 	-7.438464e-01 	0 	-2.101496e-01 	
1.309000e+00 	-6.315750e-01 	-7.414710e-01 	0 	-2.079784e-01 	
1.310000e+00 	-6.293819e-01 	-7.390947e-01 	0 	-2.058342e-01 	
1.311000e+00 	-6.271940e-01 	-7.367175e-01 	0 	-2.037167e-01 	
1.312000e+00 	-6.250112e-01 	-7.343396e-01 	0 	-2.016256e-01 	
1.313000e+00 	-6.228337e-01 	-7.319610e-01 	0 	-1.995604e-01 	
1.314000e+00 	-6.206614e-01 	-7.295819e-01 	0 	-1.975208e-01 	
1.315000e+00 	-6.184943e-01 	-7.272023e-01 	0 	-1.955064e-01 	
1.316000e+00 	-6.163326e-01 	-7.248223e-01 	0 	-1.935169e-01 	
1.317000e+00 	-6.141761e-01 	-7.224420e-01 	0 	-1.915519e-01 	
1.318000e+00 	-6.120250e-01 	-7.200615e-01 	0 	-1.896111e-01 	
1.319000e+00 	-6.098793e-01 	-7.176809e-01 	0 	-1.876941e-01 	
1.320000e+00 	-6.077390e-01 	-7.153002e-01 	0 	-1.858006e-01 	
1.321000e+00 	-6.056041e-01 	-7.129196e-01 	0 	-1.839303e-01 	
1.322000e+00 	-6.034747e-01 	-7.105391e-01 	0 	-1.820828e-01 	
1.323000e+00 	-6.013507e-01 	-7.081588e-01 	0 	-1.802578e-01 	
1.324000e+00 	-5.992323e-01 	-7.057789e-01 	0 	-1.784551e-01 	
1.325000e+00 	-5.971194e-01 	-7.033992e-01 	0 	-1.766742e-01 	
1.326000e+00 	-5.950120e-01 	-7.010201e-01 	0 	-1.749149e-01 	
1.327000e+00 	-5.929102e-01 	-6.986414e-01 	0 	-1.731770e-01 	
1.328000e+00 	-5.908139e-01 	-6.962634e-01 	0 	-1.714600e-01 	
1.329000e+00 	-5.887233e-01 	-6.938860e-01 	0 	-1.697637e-01 	
1.330000e+00 	-5.866383e-01 	-6.915094e-01 	0 	-1.680878e-01 	
1.331000e+00 	-5.845590e-01 	-6.891336e-01 	0 	-1.664321e-01 	
1.332000e+00 	-5.824853e-01 	-6.867587e-01 	0 	-1.647962e-01 	
1.333000e+00 	-5.804173e-01 	-6.843848e-01 	0 	-1.631799e-01 	
1.334000e+00 	-5.783550e-01 	-6.820120e-01 	0 	-1.615829e-01 	
1.335000e+00 	-5.762984e-01 	-6.796402e-01 	0 	-1.600049e-01 	
1.336000e+00 	-5.742475e-01 	-6.772696e-01 	0 	-1.584457e-01 	
1.337000e+00 	-5.722024e-01 	-6.749003e-01 	0 	-1.569051e-01 	
1.338000e+00 	-5.701630e-01 	-6.725323e-01 	0 	-1.553827e-01 	
1.339000e+00 	-5.681294e-01 	-6.701657e-01 	0 	-1.538783e-01 	
1.340000e+00 	-5.661015e-01 	-6.678006e-01 	0 	-1.523916e-01 	
1.341000e+00 	-5.640795e-01 	-6.654369e-01 	0 	-1.509225e-01 	
1.342000e+00 	-5.620632e-01 	-6.630749e-01 	0 	-1.494707e-01 	
1.343000e+00 	-5.600528e-01 	-6.607145e-01 	0 	-1.480359e-01 	
1.344000e+00 	-5.580482e-01 	-6.583558e-01 	0 	-1.466179e-01 	
1.345000e+00 	-5.560495e-01 	-6.559989e-01 	0 	-1.452166e-01 	
1.346000e+00 	-5.540566e-01 	-6.536438e-01 	0 	-1.438315e-01 	
1.347000e+00 	-5.520695e-01 	-6.512906e-01 	0 	-1.424626e-01 	
1.348000e+00 	-5.500883e-01 	-6.489393e-01 	0 	-1.411097e-01 	
1.349000e+00 	-5.481130e-01 	-6.465901e-01 	0 	-1.397724e-01 	
1.350000e+00 	-5.461435e-01 	-6.442429e-01 	0 	-1.384506e-01 	
1.351000e+00 	-5.441799e-01 	-6.418978e-01 	0 	-1.371441e-01 	
1.352000e+00 	-5.422223e-01 	-6.395549e-01 	0 	-1.358527e-01 	
1.353000e+00 	-5.402705e-01 	-6.372143e-01 	0 	-1.345761e-01 	
1.354000e+00 	-5.383246e-01 	-6.348760e-01 	0 	-1.333142e-01 	
1.355000e+00 	-5.363846e-01 	-6.325400e-01 	0 	-1.320668e-01 	
1.356000e+00 	-5.344506e-01 	-6.302064e-01 	0 	-1.308337e-01 	
1.357000e+00 	-5.325224e-01 	-6.278752e-01 	0 	-1.296146e-01 	
1.358000e+00 	-5.306002e-01 	-6.255466e-01 	0 	-1.284095e-01 	
1.359000e+00 	-5.286839e-01 	-6.232205e-01 	0 	-1.272180e-01 	
1.360000e+00 	-5.267735e-01 	-6.208970e-01 	0 	-1.260401e-01 	
1.361000e+00 	-5.248691e-01 	-6.185762e-01 	0 	-1.248756e-01 	
1.362000e+00 	-5.229706e-01 	-6.162580e-01 	0 	-1.237242e-01 	
1.363000e+00 	-5.210780e-01 	-6.139427e-01 	0 	-1.225858e-01 	
1.364000e+00 	-5.191913e-01 	-6.116301e-01 	0 	-1.214603e-01 	
1.365000e+00 	-5.173106e-01 	-6.093204e-01 	0 	-1.203474e-01 	
1.366000e+00 	-5.154358e-01 	-6.070135e-01 	0 	-1.192470e-01 	
1.367000e+00 	-5.135670e-01 	-6.047096e-01 	0 	-1.181589e-01 	
1.368000e+00 	-5.117041e-01 	-6.024087e-01 	0 	-1.170831e-01 	
1.369000e+00 	-5.098471e-01 	-6.001108e-01 	0 	-1.160192e-01 	
1.370000e+00 	-5.079961e-01 	-5.978160e-01 	0 	-1.149671e-01 	
1.371000e+00 	-5.061509e-01 	-5.955244e-01 	0 	-1.139268e-01 	
1.372000e+00 	-5.043118e-01 	-5.932358e-01 	0 	-1.128980e-01 	
1.373000e+00 	-5.024785e-01 	-5.909505e-01 	0 	-1.118805e-01 	
1.374000e+00 	-5.006512e-01 	-5.886684e-01 	0 	-1.108744e-01 	
1.375000e+00 	-4.988298e-01 	-5.863896e-01 	0 	-1.098793e-01 	
1.376000e+00 	-4.970143e-01 	-5.841142e-01 	0 	-1.088952e-01 	
1.377000e+00 	-4.952048e-01 	-5.818421e-01 	0 	-1.079218e-01 	
1.378000e+00 	-4.934011e-01 	-5.795733e-01 	0 	-1.069592e-01 	
1.379000e+00 	-4.916034e-01 	-5.773081e-01 	0 	-1.060071e-01 	
1.380000e+00 	-4.898116e-01 	-5.750463e-01 	0 	-1.050654e-01 	
1.381000e+00 	-4.880257e-01 	-5.727880e-01 	0 	-1.041339e-01 	
1.382000e+00 	-4.862457e-01 	-5.705333e-01 	0 	-1.032126e-01 	
1.383000e+00 	-4.844715e-01 	-5.682822e-01 	0 	-1.023013e-01 	
1.384000e+00 	-4.827033e-01 	-5.660347e-01 	0 	-1.013998e-01 	
1.385000e+00 	-4.809409e-01 	-5.637909e-01 	0 	-1.005081e-01 	
1.386000e+00 	-4.791845e-01 	-5.615508e-01 	0 	-9.962607e-02 	
1.387000e+00 	-4.774339e-01 	-5.593143e-01 	0 	-9.875351e-02 	
1.388000e+00 	-4.756891e-01 	-5.570817e-01 	0 	-9.789032e-02 	
1.389000e+00 	-4.739503e-01 	-5.548529e-01 	0 	-9.703639e-02 	
1.390000e+00 	-4.722173e-01 	-5.526279e-01 	0 	-9.619161e-02 	
1.391000e+00 	-4.704901e-01 	-5.504067e-01 	0 	-9.535586e-02 	
1.392000e+00 	-4.687688e-01 	-5.481895e-01 	0 	-9.452903e-02 	
1.393000e+00 	-4.670533e-01 	-5.459761e-01 	0 	-9.371100e-02 	
1.394000e+00 	-4.653436e-01 	-5.437668e-01 	0 	-9.290166e-02 	
1.395000e+00 	-4.636397e-01 	-5.415614e-01 	0 	-9.210090e-02 	
1.396000e+00 	-4.619417e-01 	-5.393600e-01 	0 	-9.130862e-02 	
1.397000e+00 	-4.602495e-01 	-5.371627e-01 	0 	-9.052471e-02 	
1.398000e+00 	-4.585630e-01 	-5.349694e-01 	0 	-8.974906e-02 	
1.399000e+00 	-4.568824e-01 	-5.327803e-01 	0 	-8.898158e-02 	
1.400000e+00 	-4.552075e-01 	-5.305952e-01 	0 	-8.822215e-02 	
1.401000e+00 	-4.535384e-01 	-5.284144e-01 	0 	-8.747069e-02 	
1.402000e+00 	-4.518750e-01 	-5.262377e-01 	0 	-8.672709e-02 	
1.403000e+00 	-4.502174e-01 	-5.240652e-01 	0 	-8.599126e-02 	
1.404000e+00 	-4.485655e-01 	-5.218970e-01 	0 	-8.526309e-02 	
1.405000e+00 	-4.469194e-01 	-5.197330e-01 	0 	-8.454250e-02 	
1.406000e+00 	-4.452790e-01 	-5.175734e-01 	0 	-8.382939e-02 	
1.407000e+00 	-4.436443e-01 	-5.154180e-01 	0 	-8.312367e-02 	
1.408000e+00 	-4.420153e-01 	-5.132670e-01 	0 	-8.242525e-02 	
1.409000e+00 	-4.403920e-01 	-5.111203e-01 	0 	-8.173404e-02 	
1.410000e+00 	-4.387744e-01 	-5.089780e-01 	0 	-8.104995e-02 	
1.411000e+00 	-4.371624e-01 	-5.068401e-01 	0 	-8.037289e-02 	
1.412000e+00 	-4.355561e-01 	-5.047067e-01 	0 	-7.970278e-02 	
1.413000e+00 	-4.339555e-01 	-5.025777e-01 	0 	-7.903954e-02 	
1.414000e+00 	-4.323605e-01 	-5.004531e-01 	0 	-7.838308e-02 	
1.415000e+00 	-4.307711e-01 	-4.983331e-01 	0 	-7.773332e-02 	
1.416000e+00 	-4.291873e-01 	-4.962176e-01 	0 	-7.709017e-02 	
1.417000e+00 	-4.276092e-01 	-4.941066e-01 	0 	-7.645357e-02 	
1.418000e+00 	-4.260366e-01 	-4.920002e-01 	0 	-7.582342e-02 	
1.419000e+00 	-4.244696e-01 	-4.898984e-01 	0 	-7.519966e-02 	
1.420000e+00 	-4.229082e-01 	-4.878011e-01 	0 	-7.458220e-02 	
1.421000e+00 	-4.213523e-01 	-4.857085e-01 	0 	-7.397097e-02 	
1.422000e+00 	-4.198020e-01 	-4.836205e-01 	0 	-7.336589e-02 	
1.423000e+00 	-4.182573e-01 	-4.815372e-01 	0 	-7.276690e-02 	
1.424000e+00 	-4.167180e-01 	-4.794585e-01 	0 	-7.217392e-02 	
1.425000e+00 	-4.151843e-01 	-4.773845e-01 	0 	-7.158687e-02 	
1.426000e+00 	-4.136560e-01 	-4.753152e-01 	0 	-7.100569e-02 	
1.427000e+00 	-4.121333e-01 	-4.732507e-01 	0 	-7.043031e-02 	
1.428000e+00 	-4.106160e-01 	-4.711909e-01 	0 	-6.986066e-02 	
1.429000e+00 	-4.091042e-01 	-4.691358e-01 	0 	-6.929667e-02 	
1.430000e+00 	-4.075978e-01 	-4.670856e-01 	0 	-6.873827e-02 	
1.431000e+00 	-4.060968e-01 	-4.650401e-01 	0 	-6.818541e-02 	
1.432000e+00 	-4.046013e-01 	-4.629994e-01 	0 	-6.763801e-02 	
1.433000e+00 	-4.031112e-01 	-4.609636e-01 	0 	-6.709600e-02 	
1.434000e+00 	-4.016265e-01 	-4.589325e-01 	0 	-6.655934e-02 	
1.435000e+00 	-4.001471e-01 	-4.569064e-01 	0 	-6.602795e-02 	
1.436000e+00 	-3.986732e-01 	-4.548850e-01 	0 	-6.550177e-02 	
1.437000e+00 	-3.972046e-01 	-4.528686e-01 	0 	-6.498074e-02 	
1.438000e+00 	-3.957413e-01 	-4.508571e-01 	0 	-6.446481e-02 	
1.439000e+00 	-3.942833e-01 	-4.488504e-01 	0 	-6.395391e-02 	
1.440000e+00 	-3.928307e-01 	-4.468487e-01 	0 	-6.344798e-02 	
1.441000e+00 	-3.913834e-01 	-4.448519e-01 	0 	-6.294697e-02 	
1.442000e+00 	-3.899414e-01 	-4.428600e-01 	0 	-6.245082e-02 	
1.443000e+00 	-3.885046e-01 	-4.408731e-01 	0 	-6.195948e-02 	
1.444000e+00 	-3.870731e-01 	-4.388912e-01 	0 	-6.147288e-02 	
1.445000e+00 	-3.856468e-01 	-4.369143e-01 	0 	-6.099098e-02 	
1.446000e+00 	-3.842258e-01 	-4.349423e-01 	0 	-6.051372e-02 	
1.447000e+00 	-3.828100e-01 	-4.329753e-01 	0 	-6.004105e-02 	
1.448000e+00 	-3.813994e-01 	-4.310134e-01 	0 	-5.957292e-02 	
1.449000e+00 	-3.799940e-01 	-4.290564e-01 	0 	-5.910927e-02 	
1.450000e+00 	-3.785937e-01 	-4.271045e-01 	0 	-5.865005e-02 	
1.451000e+00 	-3.771987e-01 	-4.251576e-01 	0 	-5.819521e-02 	
1.452000e+00 	-3.758087e-01 	-4.232158e-01 	0 	-5.774471e-02 	
1.453000e+00 	-3.744239e-01 	-4.212791e-01 	0 	-5.729849e-02 	
1.454000e+00 	-3.730443e-01 	-4.193474e-01 	0 	-5.685650e-02 	
1.455000e+00 	-3.716697e-01 	-4.174208e-01 	0 	-5.641871e-02 	
1.456000e+00 	-3.703002e-01 	-4.154992e-01 	0 	-5.598505e-02 	
1.457000e+00 	-3.689358e-01 	-4.135828e-01 	0 	-5.555549e-02 	
1.458000e+00 	-3.675765e-01 	-4.116715e-01 	0 	-5.512997e-02 	
1.459000e+00 	-3.662221e-01 	-4.097652e-01 	0 	-5.470846e-02 	
1.460000e+00 	-3.648729e-01 	-4.078641e-01 	0 	-5.429091e-02 	
1.461000e+00 	-3.635286e-01 	-4.059682e-01 	0 	-5.387727e-02 	
1.462000e+00 	-3.621894e-01 	-4.040773e-01 	0 	-5.346750e-02 	
1.463000e+00 	-3.608551e-01 	-4.021916e-01 	0 	-5.306155e-02 	
1.464000e+00 	-3.595258e-01 	-4.003110e-01 	0 	-5.265939e-02 	
1.465000e+00 	-3.582015e-01 	-3.984356e-01 	0 	-5.226098e-02 	
1.466000e+00 	-3.568821e-01 	-3.965654e-01 	0 	-5.186626e-02 	
1.467000e+00 	-3.555676e-01 	-3.947003e-01 	0 	-5.147521e-02 	
1.468000e+00 	-3.542581e-01 	-3.928404e-01 	0 	-5.108777e-02 	
1.469000e+00 	-3.529534e-01 	-3.909856e-01 	0 	-5.070392e-02 	
1.470000e+00 	-3.516537e-01 	-3.891361e-01 	0 	-5.032360e-02 	
1.471000e+00 	-3.503588e-01 	-3.872917e-01 	0 	-4.994679e-02 	
1.472000e+00 	-3.490687e-01 	-3.854525e-01 	0 	-4.957344e-02 	
1.473000e+00 	-3.477835e-01 	-3.836185e-01 	0 	-4.920352e-02 	
1.474000e+00 	-3.465031e-01 	-3.817897e-01 	0 	-4.883698e-02 	
1.475000e+00 	-3.452276e-01 	-3.799662e-01 	0 	-4.847380e-02 	
1.476000e+00 	-3.439568e-01 	-3.781478e-01 	0 	-4.811393e-02 	
1.477000e+00 	-3.426908e-01 	-3.763346e-01 	0 	-4.775734e-02 	
1.478000e+00 	-3.414295e-01 	-3.745267e-01 	0 	-4.740399e-02 	
1.479000e+00 	-3.401731e-01 	-3.727240e-01 	0 	-4.705385e-02 	
1.480000e+00 	-3.389213e-01 	-3.709264e-01 	0 	-4.670689e-02 	
1.481000e+00 	-3.376743e-01 	-3.691342e-01 	0 	-4.636306e-02 	
1.482000e+00 	-3.364319e-01 	-3.673471e-01 	0 	-4.602234e-02 	
1.483000e+00 	-3.351943e-01 	-3.655653e-01 	0 	-4.568470e-02 	
1.484000e+00 	-3.339613e-01 	-3.637887e-01 	0 	-4.535009e-02 	
1.485000e+00 	-3.327330e-01 	-3.620174e-01 	0 	-4.501849e-02 	
1.486000e+00 	-3.315094e-01 	-3.602513e-01 	0 	-4.468986e-02 	
1.487000e+00 	-3.302903e-01 	-3.584904e-01 	0 	-4.436418e-02 	
1.488000e+00 	-3.290759e-01 	-3.567348e-01 	0 	-4.404140e-02 	
1.489000e+00 	-3.278661e-01 	-3.549844e-01 	0 	-4.372151e-02 	
1.490000e+00 	-3.266608e-01 	-3.532393e-01 	0 	-4.340447e-02 	
1.491000e+00 	-3.254602e-01 	-3.514994e-01 	0 	-4.309025e-02 	
1.492000e+00 	-3.242640e-01 	-3.497648e-01 	0 	-4.277881e-02 	
1.493000e+00 	-3.230724e-01 	-3.480354e-01 	0 	-4.247014e-02 	
1.494000e+00 	-3.218854e-01 	-3.463113e-01 	0 	-4.216420e-02 	
1.495000e+00 	-3.207028e-01 	-3.445924e-01 	0 	-4.186096e-02 	
1.496000e+00 	-3.195248e-01 	-3.428788e-01 	0 	-4.156040e-02 	
1.497000e+00 	-3.183512e-01 	-3.411704e-01 	0 	-4.126248e-02 	
1.498000e+00 	-3.171821e-01 	-3.394673e-01 	0 	-4.096718e-02 	
1.499000e+00 	-3.160174e-01 	-3.377694e-01 	0 	-4.067447e-02 	
1.500000e+00 	-3.148572e-01 	-3.360768e-01 	0 	-4.038433e-02 	
1.501000e+00 	-3.137013e-01 	-3.343895e-01 	0 	-4.009672e-02 	
1.502000e+00 	-3.125499e-01 	-3.327074e-01 	0 	-3.981162e-02 	
1.503000e+00 	-3.114029e-01 	-3.310305e-01 	0 	-3.952901e-02 	
1.504000e+00 	-3.102602e-01 	-3.293589e-01 	0 	-3.924885e-02 	
1.505000e+00 	-3.091219e-01 	-3.276925e-01 	0 	-3.897113e-02 	
1.506000e+00 	-3.079880e-01 	-3.260314e-01 	0 	-3.869582e-02 	
1.507000e+00 	-3.068583e-01 	-3.243756e-01 	0 	-3.842289e-02 	
1.508000e+00 	-3.057330e-01 	-3.227250e-01 	0 	-3.815232e-02 	
1.509000e+00 	-3.046120e-01 	-3.210796e-01 	0 	-3.788409e-02 	
1.510000e+00 	-3.034952e-01 	-3.194395e-01 	0 	-3.761816e-02 	
1.511000e+00 	-3.023828e-01 	-3.178046e-01 	0 	-3.735452e-02 	
1.512000e+00 	-3.012746e-01 	-3.161750e-01 	0 	-3.709315e-02 	
1.513000e+00 	-3.001706e-01 	-3.145506e-01 	0 	-3.683402e-02 	
1.514000e+00 	-2.990708e-01 	-3.129314e-01 	0 	-3.657710e-02 	
1.515000e+00 	-2.979753e-01 	-3.113175e-01 	0 	-3.632238e-02 	
1.516000e+00 	-2.968839e-01 	-3.097088e-01 	0 	-3.606983e-02 	
1.517000e+00 	-2.957968e-01 	-3.081054e-01 	0 	-3.581943e-02 	
1.518000e+00 	-2.947137e-01 	-3.065071e-01 	0 	-3.557116e-02 	
1.519000e+00 	-2.936349e-01 	-3.049141e-01 	0 	-3.532500e-02 	
1.520000e+00 	-2.925602e-01 	-3.033264e-01 	0 	-3.508092e-02 	
1.521000e+00 	-2.914896e-01 	-3.017438e-01 	0 	-3.483891e-02 	
1.522000e+00 	-2.904231e-01 	-3.001665e-01 	0 	-3.459894e-02 	
1.523000e+00 	-2.893607e-01 	-2.985943e-01 	0 	-3.436099e-02 	
1.524000e+00 	-2.883023e-01 	-2.970274e-01 	0 	-3.412505e-02 	
1.525000e+00 	-2.872481e-01 	-2.954657e-01 	0 	-3.389110e-02 	
1.526000e+00 	-2.861978e-01 	-2.939092e-01 	0 	-3.365910e-02 	
1.527000e+00 	-2.851517e-01 	-2.923579e-01 	0 	-3.342905e-02 	
1.528000e+00 	-2.841095e-01 	-2.908118e-01 	0 	-3.320092e-02 	
1.529000e+00 	-2.830713e-01 	-2.892709e-01 	0 	-3.297470e-02 	
1.530000e+00 	-2.820371e-01 	-2.877352e-01 	0 	-3.275036e-02 	
1.531000e+00 	-2.810069e-01 	-2.862046e-01 	0 	-3.252790e-02 	
1.532000e+00 	-2.799807e-01 	-2.846793e-01 	0 	-3.230728e-02 	
1.533000e+00 	-2.789584e-01 	-2.831591e-01 	0 	-3.208849e-02 	
1.534000e+00 	-2.779400e-01 	-2.816441e-01 	0 	-3.187151e-02 	
1.535000e+00 	-2.769256e-01 	-2.801342e-01 	0 	-3.165633e-02 	
1.536000e+00 	-2.759150e-01 	-2.786296e-01 	0 	-3.144292e-02 	
1.537000e+00 	-2.749084e-01 	-2.771301e-01 	0 	-3.123128e-02 	
1.538000e+00 	-2.739056e-01 	-2.756357e-01 	0 	-3.102138e-02 	
1.539000e+00 	-2.729067e-01 	-2.741465e-01 	0 	-3.081320e-02 	
1.540000e+00 	-2.719116e-01 	-2.726625e-01 	0 	-3.060673e-02 	
1.541000e+00 	-2.709204e-01 	-2.711835e-01 	0 	-3.040195e-02 	
1.542000e+00 	-2.699329e-01 	-2.697098e-01 	0 	-3.019885e-02 	
1.543000e+00 	-2.689493e-01 	-2.682411e-01 	0 	-2.999741e-02 	
1.544000e+00 	-2.679695e-01 	-2.667776e-01 	0 	-2.979760e-02 	
1.545000e+00 	-2.669934e-01 	-2.653192e-01 	0 	-2.959943e-02 	
1.546000e+00 	-2.660211e-01 	-2.638659e-01 	0 	-2.940287e-02 	
1.547000e+00 	-2.650526e-01 	-2.624177e-01 	0 	-2.920790e-02 	
1.548000e+00 	-2.640878e-01 	-2.609747e-01 	0 	-2.901451e-02 	
1.549000e+00 	-2.631267e-01 	-2.595367e-01 	0 	-2.882269e-02 	
1.550000e+00 	-2.621693e-01 	-2.581038e-01 	0 	-2.863241e-02 	
1.551000e+00 	-2.612156e-01 	-2.566760e-01 	0 	-2.844367e-02 	
1.552000e+00 	-2.602656e-01 	-2.552533e-01 	0 	-2.825645e-02 	
1.553000e+00 	-2.593192e-01 	-2.538357e-01 	0 	-2.807074e-02 	
1.554000e+00 	-2.583765e-01 	-2.524231e-01 	0 	-2.788652e-02 	
1.555000e+00 	-2.574374e-01 	-2.510156e-01 	0 	-2.770377e-02 	
1.556000e+00 	-2.565020e-01 	-2.496132e-01 	0 	-2.752249e-02 	
1.557000e+00 	-2.555702e-01 	-2.482158e-01 	0 	-2.734265e-02 	
1.558000e+00 	-2.546419e-01 	-2.468235e-01 	0 	-2.716425e-02 	
1.559000e+00 	-2.537173e-01 	-2.454362e-01 	0 	-2.698728e-02 	
1.560000e+00 	-2.527962e-01 	-2.440539e-01 	0 	-2.681171e-02 	
1.561000e+00 	-2.518787e-01 	-2.426767e-01 	0 	-2.663753e-02 	
1.562000e+00 	-2.509647e-01 	-2.413044e-01 	0 	-2.646474e-02 	
1.563000e+00 	-2.500542e-01 	-2.399372e-01 	0 	-2.629331e-02 	
1.564000e+00 	-2.491473e-01 	-2.385750e-01 	0 	-2.612324e-02 	
1.565000e+00 	-2.482438e-01 	-2.372178e-01 	0 	-2.595451e-02 	
1.566000e+00 	-2.473439e-01 	-2.358656e-01 	0 	-2.578711e-02 	
1.567000e+00 	-2.464474e-01 	-2.345184e-01 	0 	-2.562103e-02 	
1.568000e+00 	-2.455544e-01 	-2.331762e-01 	0 	-2.545626e-02 	
1.569000e+00 	-2.446648e-01 	-2.318389e-01 	0 	-2.529277e-02 	
1.570000e+00 	-2.437787e-01 	-2.305066e-01 	0 	-2.513057e-02 	
1.571000e+00 	-2.428959e-01 	-2.291793e-01 	0 	-2.496964e-02 	
1.572000e+00 	-2.420166e-01 	-2.278569e-01 	0 	-2.480997e-02 	
1.573000e+00 	-2.411407e-01 	-2.265395e-01 	0 	-2.465154e-02 	
1.574000e+00 	-2.402682e-01 	-2.252270e-01 	0 	-2.449434e-02 	
1.575000e+00 	-2.393991e-01 	-2.239194e-01 	0 	-2.433837e-02 	
1.576000e+00 	-2.385333e-01 	-2.226167e-01 	0 	-2.418360e-02 	
1.577000e+00 	-2.376708e-01 	-2.213190e-01 	0 	-2.403004e-02 	
1.578000e+00 	-2.368117e-01 	-2.200262e-01 	0 	-2.387767e-02 	
1.579000e+00 	-2.359559e-01 	-2.187382e-01 	0 	-2.372647e-02 	
1.580000e+00 	-2.351034e-01 	-2.174552e-01 	0 	-2.357644e-02 	
1.581000e+00 	-2.342542e-01 	-2.161771e-01 	0 	-2.342757e-02 	
1.582000e+00 	-2.334083e-01 	-2.149038e-01 	0 	-2.327984e-02 	
1.583000e+00 	-2.325656e-01 	-2.136354e-01 	0 	-2.313325e-02 	
1.584000e+00 	-2.317262e-01 	-2.123719e-01 	0 	-2.298779e-02 	
1.585000e+00 	-2.308901e-01 	-2.111132e-01 	0 	-2.284343e-02 	
1.586000e+00 	-2.300571e-01 	-2.098593e-01 	0 	-2.270019e-02 	
1.587000e+00 	-2.292274e-01 	-2.086103e-01 	0 	-2.255803e-02 	
1.588000e+00 	-2.284009e-01 	-2.073662e-01 	0 	-2.241697e-02 	
1.589000e+00 	-2.275776e-01 	-2.061268e-01 	0 	-2.227697e-02 	
1.590000e+00 	-2.267575e-01 	-2.048923e-01 	0 	-2.213804e-02 	
1.591000e+00 	-2.259405e-01 	-2.036626e-01 	0 	-2.200017e-02 	
1.592000e+00 	-2.251267e-01 	-2.024377e-01 	0 	-2.186334e-02 	
1.593000e+00 	-2.243160e-01 	-2.012175e-01 	0 	-2.172755e-02 	
1.594000e+00 	-2.235085e-01 	-2.000022e-01 	0 	-2.159279e-02 	
1.595000e+00 	-2.227040e-01 	-1.987916e-01 	0 	-2.145904e-02 	
1.596000e+00 	-2.219027e-01 	-1.975858e-01 	0 	-2.132630e-02 	
1.597000e+00 	-2.211045e-01 	-1.963847e-01 	0 	-2.119456e-02 	
1.598000e+00 	-2.203094e-01 	-1.951884e-01 	0 	-2.106381e-02 	
1.599000e+00 	-2.195173e-01 	-1.939969e-01 	0 	-2.093404e-02 	
1.600000e+00 	-2.187283e-01 	-1.928101e-01 	0 	-2.080525e-02 	
1.601000e+00 	-2.179423e-01 	-1.916280e-01 	0 	-2.067742e-02 	
1.602000e+00 	-2.171594e-01 	-1.904506e-01 	0 	-2.055055e-02 	
1.603000e+00 	-2.163795e-01 	-1.892779e-01 	0 	-2.042462e-02 	
1.604000e+00 	-2.156026e-01 	-1.881099e-01 	0 	-2.029963e-02 	
1.605000e+00 	-2.148287e-01 	-1.869466e-01 	0 	-2.017557e-02 	
1.606000e+00 	-2.140577e-01 	-1.857880e-01 	0 	-2.005244e-02 	
1.607000e+00 	-2.132898e-01 	-1.846341e-01 	0 	-1.993021e-02 	
1.608000e+00 	-2.125248e-01 	-1.834848e-01 	0 	-1.980890e-02 	
1.609000e+00 	-2.117628e-01 	-1.823402e-01 	0 	-1.968848e-02 	
1.610000e+00 	-2.110037e-01 	-1.812002e-01 	0 	-1.956895e-02 	
1.611000e+00 	-2.102475e-01 	-1.800649e-01 	0 	-1.945031e-02 	
1.612000e+00 	-2.094943e-01 	-1.789342e-01 	0 	-1.933253e-02 	
1.613000e+00 	-2.087439e-01 	-1.778081e-01 	0 	-1.921563e-02 	
1.614000e+00 	-2.079965e-01 	-1.766866e-01 	0 	-1.909958e-02 	
1.615000e+00 	-2.072519e-01 	-1.755698e-01 	0 	-1.898439e-02 	
1.616000e+00 	-2.065102e-01 	-1.744575e-01 	0 	-1.887004e-02 	
1.617000e+00 	-2.057714e-01 	-1.733498e-01 	0 	-1.875653e-02 	
1.618000e+00 	-2.050354e-01 	-1.722467e-01 	0 	-1.864384e-02 	
1.619000e+00 	-2.043022e-01 	-1.711481e-01 	0 	-1.853198e-02 	
1.620000e+00 	-2.035719e-01 	-1.700541e-01 	0 	-1.842094e-02 	
1.621000e+00 	-2.028444e-01 	-1.689647e-01 	0 	-1.831070e-02 	
1.622000e+00 	-2.021197e-01 	-1.678798e-01 	0 	-1.820127e-02 	
1.623000e+00 	-2.013978e-01 	-1.667994e-01 	0 	-1.809262e-02 	
1.624000e+00 	-2.006786e-01 	-1.657236e-01 	0 	-1.798477e-02 	
1.625000e+00 	-1.999623e-01 	-1.646523e-01 	0 	-1.787770e-02 	
1.626000e+00 	-1.992486e-01 	-1.635854e-01 	0 	-1.777140e-02 	
1.627000e+00 	-1.985378e-01 	-1.625231e-01 	0 	-1.766586e-02 	
1.628000e+00 	-1.978296e-01 	-1.614652e-01 	0 	-1.756109e-02 	
1.629000e+00 	-1.971242e-01 	-1.604119e-01 	0 	-1.745707e-02 	
1.630000e+00 	-1.964216e-01 	-1.593630e-01 	0 	-1.735380e-02 	
1.631000e+00 	-1.957216e-01 	-1.583185e-01 	0 	-1.725128e-02 	
1.632000e+00 	-1.950243e-01 	-1.572785e-01 	0 	-1.714948e-02 	
1.633000e+00 	-1.943297e-01 	-1.562429e-01 	0 	-1.704842e-02 	
1.634000e+00 	-1.936377e-01 	-1.552118e-01 	0 	-1.694808e-02 	
1.635000e+00 	-1.929484e-01 	-1.541851e-01 	0 	-1.684845e-02 	
1.636000e+00 	-1.922618e-01 	-1.531628e-01 	0 	-1.674953e-02 	
1.637000e+00 	-1.915778e-01 	-1.521449e-01 	0 	-1.665132e-02 	
1.638000e+00 	-1.908965e-01 	-1.511314e-01 	0 	-1.655381e-02 	
1.639000e+00 	-1.902177e-01 	-1.501222e-01 	0 	-1.645699e-02 	
1.640000e+00 	-1.895416e-01 	-1.491175e-01 	0 	-1.636085e-02 	
1.641000e+00 	-1.888681e-01 	-1.481171e-01 	0 	-1.626540e-02 	
1.642000e+00 	-1.881971e-01 	-1.471211e-01 	0 	-1.617062e-02 	
1.643000e+00 	-1.875287e-01 	-1.461294e-01 	0 	-1.607651e-02 	
1.644000e+00 	-1.868629e-01 	-1.451420e-01 	0 	-1.598307e-02 	
1.645000e+00 	-1.861997e-01 	-1.441590e-01 	0 	-1.589028e-02 	
1.646000e+00 	-1.855390e-01 	-1.431803e-01 	0 	-1.579815e-02 	
1.647000e+00 	-1.848808e-01 	-1.422059e-01 	0 	-1.570666e-02 	
1.648000e+00 	-1.842252e-01 	-1.412358e-01 	0 	-1.561581e-02 	
1.649000e+00 	-1.835720e-01 	-1.402700e-01 	0 	-1.552561e-02 	
1.650000e+00 	-1.829214e-01 	-1.393084e-01 	0 	-1.543603e-02 	
1.651000e+00 	-1.822733e-01 	-1.383512e-01 	0 	-1.534708e-02 	
1.652000e+00 	-1.816276e-01 	-1.373981e-01 	0 	-1.525875e-02 	
1.653000e+00 	-1.809845e-01 	-1.364494e-01 	0 	-1.517103e-02 	
1.654000e+00 	-1.803438e-01 	-1.355049e-01 	0 	-1.508392e-02 	
1.655000e+00 	-1.797055e-01 	-1.345646e-01 	0 	-1.499742e-02 	
1.656000e+00 	-1.790697e-01 	-1.336285e-01 	0 	-1.491153e-02 	
1.657000e+00 	-1.784364e-01 	-1.326967e-01 	0 	-1.482622e-02 	
1.658000e+00 	-1.778054e-01 	-1.317690e-01 	0 	-1.474151e-02 	
1.659000e+00 	-1.771769e-01 	-1.308456e-01 	0 	-1.465738e-02 	
1.660000e+00 	-1.765508e-01 	-1.299263e-01 	0 	-1.457383e-02 	
1.661000e+00 	-1.759270e-01 	-1.290112e-01 	0 	-1.449086e-02 	
1.662000e+00 	-1.753057e-01 	-1.281003e-01 	0 	-1.440847e-02 	
1.663000e+00 	-1.746868e-01 	-1.271935e-01 	0 	-1.432663e-02 	
1.664000e+00 	-1.740702e-01 	-1.262908e-01 	0 	-1.424536e-02 	
1.665000e+00 	-1.734559e-01 	-1.253923e-01 	0 	-1.416465e-02 	
1.666000e+00 	-1.728441e-01 	-1.244980e-01 	0 	-1.408449e-02 	
1.667000e+00 	-1.722345e-01 	-1.236077e-01 	0 	-1.400488e-02 	
1.668000e+00 	-1.716273e-01 	-1.227215e-01 	0 	-1.392581e-02 	
1.669000e+00 	-1.710224e-01 	-1.218395e-01 	0 	-1.384728e-02 	
1.670000e+00 	-1.704198e-01 	-1.209615e-01 	0 	-1.376929e-02 	
1.671000e+00 	-1.698195e-01 	-1.200876e-01 	0 	-1.369183e-02 	
1.672000e+00 	-1.692215e-01 	-1.192178e-01 	0 	-1.361489e-02 	
1.673000e+00 	-1.686258e-01 	-1.183520e-01 	0 	-1.353848e-02 	
1.674000e+00 	-1.680324e-01 	-1.174903e-01 	0 	-1.346259e-02 	
1.675000e+00 	-1.674412e-01 	-1.166326e-01 	0 	-1.338721e-02 	
1.676000e+00 	-1.668523e-01 	-1.157790e-01 	0 	-1.331234e-02 	
1.677000e+00 	-1.662657e-01 	-1.149294e-01 	0 	-1.323797e-02 	
1.678000e+00 	-1.656812e-01 	-1.140837e-01 	0 	-1.316411e-02 	
1.679000e+00 	-1.650990e-01 	-1.132421e-01 	0 	-1.309074e-02 	
1.680000e+00 	-1.645190e-01 	-1.124045e-01 	0 	-1.301787e-02 	
1.681000e+00 	-1.639413e-01 	-1.115708e-01 	0 	-1.294549e-02 	
1.682000e+00 	-1.633657e-01 	-1.107411e-01 	0 	-1.287359e-02 	
1.683000e+00 	-1.627923e-01 	-1.099154e-01 	0 	-1.280218e-02 	
1.684000e+00 	-1.622211e-01 	-1.090937e-01 	0 	-1.273124e-02 	
1.685000e+00 	-1.616521e-01 	-1.082758e-01 	0 	-1.266078e-02 	
1.686000e+00 	-1.610852e-01 	-1.074619e-01 	0 	-1.259078e-02 	
1.687000e+00 	-1.605205e-01 	-1.066520e-01 	0 	-1.252126e-02 	
1.688000e+00 	-1.599580e-01 	-1.058459e-01 	0 	-1.245220e-02 	
1.689000e+00 	-1.593976e-01 	-1.050437e-01 	0 	-1.238360e-02 	
1.690000e+00 	-1.588393e-01 	-1.042455e-01 	0 	-1.231545e-02 	
1.691000e+00 	-1.582831e-01 	-1.034511e-01 	0 	-1.224775e-02 	
1.692000e+00 	-1.577291e-01 	-1.026606e-01 	0 	-1.218051e-02 	
1.693000e+00 	-1.571772e-01 	-1.018740e-01 	0 	-1.211371e-02 	
1.694000e+00 	-1.566273e-01 	-1.010912e-01 	0 	-1.204735e-02 	
1.695000e+00 	-1.560796e-01 	-1.003122e-01 	0 	-1.198143e-02 	
1.696000e+00 	-1.555339e-01 	-9.953713e-02 	0 	-1.191594e-02 	
1.697000e+00 	-1.549903e-01 	-9.876586e-02 	0 	-1.185089e-02 	
1.698000e+00 	-1.544487e-01 	-9.799839e-02 	0 	-1.178626e-02 	
1.699000e+00 	-1.539093e-01 	-9.723474e-02 	0 	-1.172206e-02 	
1.700000e+00 	-1.533718e-01 	-9.647488e-02 	0 	-1.165828e-02 	
1.701000e+00 	-1.528364e-01 	-9.571880e-02 	0 	-1.159491e-02 	
1.702000e+00 	-1.523030e-01 	-9.496651e-02 	0 	-1.153197e-02 	
1.703000e+00 	-1.517717e-01 	-9.421798e-02 	0 	-1.146943e-02 	
1.704000e+00 	-1.512424e-01 	-9.347322e-02 	0 	-1.140730e-02 	
1.705000e+00 	-1.507150e-01 	-9.273220e-02 	0 	-1.134558e-02 	
1.706000e+00 	-1.501897e-01 	-9.199492e-02 	0 	-1.128426e-02 	
1.707000e+00 	-1.496663e-01 	-9.126136e-02 	0 	-1.122333e-02 	
1.708000e+00 	-1.491450e-01 	-9.053153e-02 	0 	-1.116281e-02 	
1.709000e+00 	-1.486256e-01 	-8.980541e-02 	0 	-1.110267e-02 	
1.710000e+00 	-1.481081e-01 	-8.908299e-02 	0 	-1.104293e-02 	
1.711000e+00 	-1.475927e-01 	-8.836426e-02 	0 	-1.098357e-02 	
1.712000e+00 	-1.470791e-01 	-8.764921e-02 	0 	-1.092460e-02 	
1.713000e+00 	-1.465675e-01 	-8.693784e-02 	0 	-1.086601e-02 	
1.714000e+00 	-1.460579e-01 	-8.623012e-02 	0 	-1.080779e-02 	
1.715000e+00 	-1.455502e-01 	-8.552606e-02 	0 	-1.074995e-02 	
1.716000e+00 	-1.450444e-01 	-8.482565e-02 	0 	-1.069249e-02 	
1.717000e+00 	-1.445405e-01 	-8.412886e-02 	0 	-1.063539e-02 	
1.718000e+00 	-1.440385e-01 	-8.343570e-02 	0 	-1.057866e-02 	
1.719000e+00 	-1.435384e-01 	-8.274616e-02 	0 	-1.052229e-02 	
1.720000e+00 	-1.430401e-01 	-8.206022e-02 	0 	-1.046628e-02 	
1.721000e+00 	-1.425438e-01 	-8.137787e-02 	0 	-1.041063e-02 	
1.722000e+00 	-1.420493e-01 	-8.069911e-02 	0 	-1.035534e-02 	
1.723000e+00 	-1.415567e-01 	-8.002393e-02 	0 	-1.030040e-02 	
1.724000e+00 	-1.410660e-01 	-7.935232e-02 	0 	-1.024581e-02 	
1.725000e+00 	-1.405771e-01 	-7.868426e-02 	0 	-1.019157e-02 	
1.726000e+00 	-1.400900e-01 	-7.801975e-02 	0 	-1.013767e-02 	
1.727000e+00 	-1.396048e-01 	-7.735878e-02 	0 	-1.008412e-02 	
1.728000e+00 	-1.391214e-01 	-7.670134e-02 	0 	-1.003090e-02 	
1.729000e+00 	-1.386398e-01 	-7.604741e-02 	0 	-9.978022e-03 	
1.730000e+00 	-1.381600e-01 	-7.539700e-02 	0 	-9.925478e-03 	
1.731000e+00 	-1.376821e-01 	-7.475009e-02 	0 	-9.873266e-03 	
1.732000e+00 	-1.372059e-01 	-7.410667e-02 	0 	-9.821383e-03 	
1.733000e+00 	-1.367315e-01 	-7.346673e-02 	0 	-9.769828e-03 	
1.734000e+00 	-1.362589e-01 	-7.283027e-02 	0 	-9.718598e-03 	
1.735000e+00 	-1.357881e-01 	-7.219727e-02 	0 	-9.667689e-03 	
1.736000e+00 	-1.353190e-01 	-7.156772e-02 	0 	-9.617101e-03 	
1.737000e+00 	-1.348517e-01 	-7.094161e-02 	0 	-9.566830e-03 	
1.738000e+00 	-1.343862e-01 	-7.031895e-02 	0 	-9.516874e-03 	
1.739000e+00 	-1.339224e-01 	-6.969970e-02 	0 	-9.467231e-03 	
1.740000e+00 	-1.334603e-01 	-6.908388e-02 	0 	-9.417899e-03 	
1.741000e+00 	-1.330000e-01 	-6.847146e-02 	0 	-9.368874e-03 	
1.742000e+00 	-1.325414e-01 	-6.786243e-02 	0 	-9.320156e-03 	
1.743000e+00 	-1.320845e-01 	-6.725680e-02 	0 	-9.271740e-03 	
1.744000e+00 	-1.316293e-01 	-6.665455e-02 	0 	-9.223627e-03 	
1.745000e+00 	-1.311758e-01 	-6.605566e-02 	0 	-9.175812e-03 	
1.746000e+00 	-1.307241e-01 	-6.546014e-02 	0 	-9.128295e-03 	
1.747000e+00 	-1.302740e-01 	-6.486796e-02 	0 	-9.081072e-03 	
1.748000e+00 	-1.298256e-01 	-6.427913e-02 	0 	-9.034141e-03 	
1.749000e+00 	-1.293789e-01 	-6.369363e-02 	0 	-8.987501e-03 	
1.750000e+00 	-1.289338e-01 	-6.311146e-02 	0 	-8.941150e-03 	
1.751000e+00 	-1.284904e-01 	-6.253260e-02 	0 	-8.895084e-03 	
1.752000e+00 	-1.280487e-01 	-6.195704e-02 	0 	-8.849303e-03 	
1.753000e+00 	-1.276086e-01 	-6.138478e-02 	0 	-8.803804e-03 	
1.754000e+00 	-1.271701e-01 	-6.081581e-02 	0 	-8.758584e-03 	
1.755000e+00 	-1.267333e-01 	-6.025012e-02 	0 	-8.713643e-03 	
1.756000e+00 	-1.262982e-01 	-5.968769e-02 	0 	-8.668977e-03 	
1.757000e+00 	-1.258646e-01 	-5.912852e-02 	0 	-8.624585e-03 	
1.758000e+00 	-1.254327e-01 	-5.857260e-02 	0 	-8.580465e-03 	
1.759000e+00 	-1.250023e-01 	-5.801993e-02 	0 	-8.536615e-03 	
1.760000e+00 	-1.245736e-01 	-5.747048e-02 	0 	-8.493033e-03 	
1.761000e+00 	-1.241465e-01 	-5.692426e-02 	0 	-8.449717e-03 	
1.762000e+00 	-1.237209e-01 	-5.638125e-02 	0 	-8.406665e-03 	
1.763000e+00 	-1.232970e-01 	-5.584145e-02 	0 	-8.363876e-03 	
1.764000e+00 	-1.228746e-01 	-5.530484e-02 	0 	-8.321346e-03 	
1.765000e+00 	-1.224538e-01 	-5.477142e-02 	0 	-8.279075e-03 	
1.766000e+00 	-1.220346e-01 	-5.424118e-02 	0 	-8.237061e-03 	
1.767000e+00 	-1.216169e-01 	-5.371410e-02 	0 	-8.195301e-03 	
1.768000e+00 	-1.212008e-01 	-5.319018e-02 	0 	-8.153794e-03 	
1.769000e+00 	-1.207862e-01 	-5.266942e-02 	0 	-8.112538e-03 	
1.770000e+00 	-1.203731e-01 	-5.215180e-02 	0 	-8.071531e-03 	
1.771000e+00 	-1.199616e-01 	-5.163730e-02 	0 	-8.030772e-03 	
1.772000e+00 	-1.195516e-01 	-5.112594e-02 	0 	-7.990259e-03 	
1.773000e+00 	-1.191432e-01 	-5.061768e-02 	0 	-7.949989e-03 	
1.774000e+00 	-1.187362e-01 	-5.011254e-02 	0 	-7.909962e-03 	
1.775000e+00 	-1.183308e-01 	-4.961049e-02 	0 	-7.870175e-03 	
1.776000e+00 	-1.179268e-01 	-4.911153e-02 	0 	-7.830627e-03 	
1.777000e+00 	-1.175244e-01 	-4.861564e-02 	0 	-7.791316e-03 	
1.778000e+00 	-1.171234e-01 	-4.812283e-02 	0 	-7.752240e-03 	
1.779000e+00 	-1.167240e-01 	-4.763308e-02 	0 	-7.713399e-03 	
1.780000e+00 	-1.163260e-01 	-4.714638e-02 	0 	-7.674789e-03 	
1.781000e+00 	-1.159295e-01 	-4.666272e-02 	0 	-7.636409e-03 	
1.782000e+00 	-1.155344e-01 	-4.618210e-02 	0 	-7.598259e-03 	
1.783000e+00 	-1.151408e-01 	-4.570451e-02 	0 	-7.560336e-03 	
1.784000e+00 	-1.147487e-01 	-4.522993e-02 	0 	-7.522638e-03 	
1.785000e+00 	-1.143580e-01 	-4.475837e-02 	0 	-7.485164e-03 	
1.786000e+00 	-1.139687e-01 	-4.428980e-02 	0 	-7.447912e-03 	
1.787000e+00 	-1.135809e-01 	-4.382422e-02 	0 	-7.410882e-03 	
1.788000e+00 	-1.131946e-01 	-4.336163e-02 	0 	-7.374071e-03 	
1.789000e+00 	-1.128096e-01 	-4.290201e-02 	0 	-7.337477e-03 	
1.790000e+00 	-1.124261e-01 	-4.244535e-02 	0 	-7.301100e-03 	
1.791000e+00 	-1.120440e-01 	-4.199165e-02 	0 	-7.264937e-03 	
1.792000e+00 	-1.116633e-01 	-4.154090e-02 	0 	-7.228988e-03 	
1.793000e+00 	-1.112840e-01 	-4.109309e-02 	0 	-7.193250e-03 	
1.794000e+00 	-1.109060e-01 	-4.064820e-02 	0 	-7.157723e-03 	
1.795000e+00 	-1.105295e-01 	-4.020624e-02 	0 	-7.122404e-03 	
1.796000e+00 	-1.101544e-01 	-3.976720e-02 	0 	-7.087293e-03 	
1.797000e+00 	-1.097806e-01 	-3.933105e-02 	0 	-7.052388e-03 	
1.798000e+00 	-1.094083e-01 	-3.889781e-02 	0 	-7.017687e-03 	
1.799000e+00 	-1.090373e-01 	-3.846745e-02 	0 	-6.983189e-03 	
1.800000e+00 	-1.086676e-01 	-3.803997e-02 	0 	-6.948893e-03 	
1.801000e+00 	-1.082993e-01 	-3.761536e-02 	0 	-6.914797e-03 	
1.802000e+00 	-1.079324e-01 	-3.719361e-02 	0 	-6.880900e-03 	
1.803000e+00 	-1.075668e-01 	-3.677472e-02 	0 	-6.847200e-03 	
1.804000e+00 	-1.072026e-01 	-3.635867e-02 	0 	-6.813697e-03 	
1.805000e+00 	-1.068397e-01 	-3.594546e-02 	0 	-6.780388e-03 	
1.806000e+00 	-1.064781e-01 	-3.553508e-02 	0 	-6.747273e-03 	
1.807000e+00 	-1.061178e-01 	-3.512751e-02 	0 	-6.714350e-03 	
1.808000e+00 	-1.057589e-01 	-3.472276e-02 	0 	-6.681617e-03 	
1.809000e+00 	-1.054013e-01 	-3.432081e-02 	0 	-6.649074e-03 	
1.810000e+00 	-1.050450e-01 	-3.392166e-02 	0 	-6.616720e-03 	
1.811000e+00 	-1.046900e-01 	-3.352529e-02 	0 	-6.584552e-03 	
1.812000e+00 	-1.043363e-01 	-3.313170e-02 	0 	-6.552569e-03 	
1.813000e+00 	-1.039838e-01 	-3.274087e-02 	0 	-6.520772e-03 	
1.814000e+00 	-1.036327e-01 	-3.235281e-02 	0 	-6.489157e-03 	
1.815000e+00 	-1.032829e-01 	-3.196751e-02 	0 	-6.457724e-03 	
1.816000e+00 	-1.029343e-01 	-3.158494e-02 	0 	-6.426472e-03 	
1.817000e+00 	-1.025870e-01 	-3.120512e-02 	0 	-6.395399e-03 	
1.818000e+00 	-1.022410e-01 	-3.082802e-02 	0 	-6.364504e-03 	
1.819000e+00 	-1.018963e-01 	-3.045364e-02 	0 	-6.333786e-03 	
1.820000e+00 	-1.015528e-01 	-3.008198e-02 	0 	-6.303244e-03 	
1.821000e+00 	-1.012105e-01 	-2.971301e-02 	0 	-6.272876e-03 	
1.822000e+00 	-1.008695e-01 	-2.934675e-02 	0 	-6.242682e-03 	
1.823000e+00 	-1.005298e-01 	-2.898317e-02 	0 	-6.212660e-03 	
1.824000e+00 	-1.001913e-01 	-2.862227e-02 	0 	-6.182809e-03 	
1.825000e+00 	-9.985398e-02 	-2.826404e-02 	0 	-6.153128e-03 	
1.826000e+00 	-9.951793e-02 	-2.790847e-02 	0 	-6.123616e-03 	
1.827000e+00 	-9.918309e-02 	-2.755556e-02 	0 	-6.094271e-03 	
1.828000e+00 	-9.884948e-02 	-2.720529e-02 	0 	-6.065093e-03 	
1.829000e+00 	-9.851708e-02 	-2.685766e-02 	0 	-6.036080e-03 	
1.830000e+00 	-9.818589e-02 	-2.651266e-02 	0 	-6.007231e-03 	
1.831000e+00 	-9.785590e-02 	-2.617029e-02 	0 	-5.978546e-03 	
1.832000e+00 	-9.752711e-02 	-2.583053e-02 	0 	-5.950023e-03 	
1.833000e+00 	-9.719952e-02 	-2.549338e-02 	0 	-5.921660e-03 	
1.834000e+00 	-9.687311e-02 	-2.515882e-02 	0 	-5.893458e-03 	
1.835000e+00 	-9.654789e-02 	-2.482686e-02 	0 	-5.865414e-03 	
1.836000e+00 	-9.622384e-02 	-2.449748e-02 	0 	-5.837528e-03 	
1.837000e+00 	-9.590098e-02 	-2.417067e-02 	0 	-5.809799e-03 	
1.838000e+00 	-9.557928e-02 	-2.384643e-02 	0 	-5.782226e-03 	
1.839000e+00 	-9.525875e-02 	-2.352475e-02 	0 	-5.754807e-03 	
1.840000e+00 	-9.493938e-02 	-2.320562e-02 	0 	-5.727542e-03 	
1.841000e+00 	-9.462116e-02 	-2.288903e-02 	0 	-5.700430e-03 	
1.842000e+00 	-9.430410e-02 	-2.257498e-02 	0 	-5.673469e-03 	
1.843000e+00 	-9.398819e-02 	-2.226345e-02 	0 	-5.646659e-03 	
1.844000e+00 	-9.367341e-02 	-2.195445e-02 	0 	-5.619998e-03 	
1.845000e+00 	-9.335978e-02 	-2.164795e-02 	0 	-5.593486e-03 	
1.846000e+00 	-9.304728e-02 	-2.134396e-02 	0 	-5.567121e-03 	
1.847000e+00 	-9.273591e-02 	-2.104247e-02 	0 	-5.540904e-03 	
1.848000e+00 	-9.242566e-02 	-2.074347e-02 	0 	-5.514832e-03 	
1.849000e+00 	-9.211653e-02 	-2.044694e-02 	0 	-5.488904e-03 	
1.850000e+00 	-9.180852e-02 	-2.015289e-02 	0 	-5.463121e-03 	
1.851000e+00 	-9.150161e-02 	-1.986131e-02 	0 	-5.437480e-03 	
1.852000e+00 	-9.119582e-02 	-1.957218e-02 	0 	-5.411982e-03 	
1.853000e+00 	-9.089113e-02 	-1.928550e-02 	0 	-5.386624e-03 	
1.854000e+00 	-9.058753e-02 	-1.900127e-02 	0 	-5.361406e-03 	
1.855000e+00 	-9.028503e-02 	-1.871947e-02 	0 	-5.336328e-03 	
1.856000e+00 	-8.998362e-02 	-1.844010e-02 	0 	-5.311387e-03 	
1.857000e+00 	-8.968329e-02 	-1.816314e-02 	0 	-5.286585e-03 	
1.858000e+00 	-8.938404e-02 	-1.788860e-02 	0 	-5.261918e-03 	
1.859000e+00 	-8.908587e-02 	-1.761646e-02 	0 	-5.237387e-03 	
1.860000e+00 	-8.878877e-02 	-1.734673e-02 	0 	-5.212991e-03 	
1.861000e+00 	-8.849274e-02 	-1.707938e-02 	0 	-5.188729e-03 	
1.862000e+00 	-8.819777e-02 	-1.681441e-02 	0 	-5.164599e-03 	
1.863000e+00 	-8.790386e-02 	-1.655181e-02 	0 	-5.140602e-03 	
1.864000e+00 	-8.761100e-02 	-1.629159e-02 	0 	-5.116736e-03 	
1.865000e+00 	-8.731920e-02 	-1.603372e-02 	0 	-5.093000e-03 	
1.866000e+00 	-8.702844e-02 	-1.577820e-02 	0 	-5.069394e-03 	
1.867000e+00 	-8.673873e-02 	-1.552503e-02 	0 	-5.045916e-03 	
1.868000e+00 	-8.645005e-02 	-1.527420e-02 	0 	-5.022566e-03 	
1.869000e+00 	-8.616240e-02 	-1.502569e-02 	0 	-4.999344e-03 	
1.870000e+00 	-8.587579e-02 	-1.477951e-02 	0 	-4.976247e-03 	
1.871000e+00 	-8.559020e-02 	-1.453565e-02 	0 	-4.953276e-03 	
1.872000e+00 	-8.530564e-02 	-1.429409e-02 	0 	-4.930430e-03 	
1.873000e+00 	-8.502209e-02 	-1.405483e-02 	0 	-4.907707e-03 	
1.874000e+00 	-8.473956e-02 	-1.381787e-02 	0 	-4.885108e-03 	
1.875000e+00 	-8.445803e-02 	-1.358319e-02 	0 	-4.862631e-03 	
1.876000e+00 	-8.417752e-02 	-1.335079e-02 	0 	-4.840275e-03 	
1.877000e+00 	-8.389800e-02 	-1.312066e-02 	0 	-4.818040e-03 	
1.878000e+00 	-8.361948e-02 	-1.289279e-02 	0 	-4.795924e-03 	
1.879000e+00 	-8.334196e-02 	-1.266719e-02 	0 	-4.773928e-03 	
1.880000e+00 	-8.306542e-02 	-1.244383e-02 	0 	-4.752051e-03 	
1.881000e+00 	-8.278987e-02 	-1.222271e-02 	0 	-4.730291e-03 	
1.882000e+00 	-8.251531e-02 	-1.200383e-02 	0 	-4.708647e-03 	
1.883000e+00 	-8.224172e-02 	-1.178718e-02 	0 	-4.687120e-03 	
1.884000e+00 	-8.196910e-02 	-1.157275e-02 	0 	-4.665709e-03 	
1.885000e+00 	-8.169746e-02 	-1.136053e-02 	0 	-4.644412e-03 	
1.886000e+00 	-8.142678e-02 	-1.115052e-02 	0 	-4.623229e-03 	
1.887000e+00 	-8.115707e-02 	-1.094271e-02 	0 	-4.602159e-03 	
1.888000e+00 	-8.088831e-02 	-1.073709e-02 	0 	-4.581202e-03 	
1.889000e+00 	-8.062051e-02 	-1.053366e-02 	0 	-4.560356e-03 	
1.890000e+00 	-8.035366e-02 	-1.033241e-02 	0 	-4.539622e-03 	
1.891000e+00 	-8.008776e-02 	-1.013333e-02 	0 	-4.518998e-03 	
1.892000e+00 	-7.982281e-02 	-9.936410e-03 	0 	-4.498484e-03 	
1.893000e+00 	-7.955879e-02 	-9.741651e-03 	0 	-4.478079e-03 	
1.894000e+00 	-7.929571e-02 	-9.549042e-03 	0 	-4.457782e-03 	
1.895000e+00 	-7.903357e-02 	-9.358577e-03 	0 	-4.437593e-03 	
1.896000e+00 	-7.877235e-02 	-9.170249e-03 	0 	-4.417511e-03 	
1.897000e+00 	-7.851206e-02 	-8.984051e-03 	0 	-4.397535e-03 	
1.898000e+00 	-7.825269e-02 	-8.799976e-03 	0 	-4.377664e-03 	
1.899000e+00 	-7.799424e-02 	-8.618017e-03 	0 	-4.357899e-03 	
1.900000e+00 	-7.773670e-02 	-8.438167e-03 	0 	-4.338238e-03 	
1.901000e+00 	-7.748007e-02 	-8.260420e-03 	0 	-4.318681e-03 	
1.902000e+00 	-7.722435e-02 	-8.084768e-03 	0 	-4.299227e-03 	
1.903000e+00 	-7.696954e-02 	-7.911205e-03 	0 	-4.279875e-03 	
1.904000e+00 	-7.671563e-02 	-7.739724e-03 	0 	-4.260625e-03 	
1.905000e+00 	-7.646261e-02 	-7.570318e-03 	0 	-4.241476e-03 	
1.906000e+00 	-7.621049e-02 	-7.402981e-03 	0 	-4.222428e-03 	
1.907000e+00 	-7.595925e-02 	-7.237705e-03 	0 	-4.203479e-03 	
1.908000e+00 	-7.570890e-02 	-7.074484e-03 	0 	-4.184630e-03 	
1.909000e+00 	-7.545944e-02 	-6.913312e-03 	0 	-4.165879e-03 	
1.910000e+00 	-7.521085e-02 	-6.754181e-03 	0 	-4.147227e-03 	
1.911000e+00 	-7.496314e-02 	-6.597085e-03 	0 	-4.128672e-03 	
1.912000e+00 	-7.471631e-02 	-6.442018e-03 	0 	-4.110213e-03 	
1.913000e+00 	-7.447034e-02 	-6.288972e-03 	0 	-4.091851e-03 	
1.914000e+00 	-7.422524e-02 	-6.137941e-03 	0 	-4.073585e-03 	
1.915000e+00 	-7.398100e-02 	-5.988918e-03 	0 	-4.055413e-03 	
1.916000e+00 	-7.373762e-02 	-5.841897e-03 	0 	-4.037337e-03 	
1.917000e+00 	-7.349509e-02 	-5.696871e-03 	0 	-4.019354e-03 	
1.918000e+00 	-7.325342e-02 	-5.553834e-03 	0 	-4.001464e-03 	
1.919000e+00 	-7.301259e-02 	-5.412779e-03 	0 	-3.983667e-03 	
1.920000e+00 	-7.277262e-02 	-5.273700e-03 	0 	-3.965962e-03 	
1.921000e+00 	-7.253348e-02 	-5.136590e-03 	0 	-3.948349e-03 	
1.922000e+00 	-7.229518e-02 	-5.001442e-03 	0 	-3.930827e-03 	
1.923000e+00 	-7.205772e-02 	-4.868250e-03 	0 	-3.913395e-03 	
1.924000e+00 	-7.182109e-02 	-4.737008e-03 	0 	-3.896054e-03 	
1.925000e+00 	-7.158529e-02 	-4.607709e-03 	0 	-3.878801e-03 	
1.926000e+00 	-7.135032e-02 	-4.480347e-03 	0 	-3.861638e-03 	
1.927000e+00 	-7.111617e-02 	-4.354915e-03 	0 	-3.844563e-03 	
1.928000e+00 	-7.088283e-02 	-4.231407e-03 	0 	-3.827576e-03 	
1.929000e+00 	-7.065032e-02 	-4.109817e-03 	0 	-3.810676e-03 	
1.930000e+00 	-7.041862e-02 	-3.990138e-03 	0 	-3.793862e-03 	
1.931000e+00 	-7.018772e-02 	-3.872364e-03 	0 	-3.777135e-03 	
1.932000e+00 	-6.995764e-02 	-3.756488e-03 	0 	-3.760494e-03 	
1.933000e+00 	-6.972836e-02 	-3.642504e-03 	0 	-3.743937e-03 	
1.934000e+00 	-6.949987e-02 	-3.530407e-03 	0 	-3.727466e-03 	
1.935000e+00 	-6.927219e-02 	-3.420189e-03 	0 	-3.711078e-03 	
1.936000e+00 	-6.904530e-02 	-3.311844e-03 	0 	-3.694774e-03 	
1.937000e+00 	-6.881920e-02 	-3.205367e-03 	0 	-3.678553e-03 	
1.938000e+00 	-6.859389e-02 	-3.100750e-03 	0 	-3.662415e-03 	
1.939000e+00 	-6.836937e-02 	-2.997988e-03 	0 	-3.646359e-03 	
1.940000e+00 	-6.814562e-02 	-2.897075e-03 	0 	-3.630385e-03 	
1.941000e+00 	-6.792266e-02 	-2.798004e-03 	0 	-3.614492e-03 	
1.942000e+00 	-6.770047e-02 	-2.700769e-03 	0 	-3.598679e-03 	
1.943000e+00 	-6.747905e-02 	-2.605364e-03 	0 	-3.582946e-03 	
1.944000e+00 	-6.725841e-02 	-2.511783e-03 	0 	-3.567294e-03 	
1.945000e+00 	-6.703853e-02 	-2.420020e-03 	0 	-3.551720e-03 	
1.946000e+00 	-6.681941e-02 	-2.330068e-03 	0 	-3.536225e-03 	
1.947000e+00 	-6.660106e-02 	-2.241921e-03 	0 	-3.520809e-03 	
1.948000e+00 	-6.638347e-02 	-2.155575e-03 	0 	-3.505470e-03 	
1.949000e+00 	-6.616663e-02 	-2.071021e-03 	0 	-3.490209e-03 	
1.950000e+00 	-6.595054e-02 	-1.988255e-03 	0 	-3.475024e-03 	
1.951000e+00 	-6.573520e-02 	-1.907271e-03 	0 	-3.459916e-03 	
1.952000e+00 	-6.552061e-02 	-1.828061e-03 	0 	-3.444884e-03 	
1.953000e+00 	-6.530676e-02 	-1.750621e-03 	0 	-3.429928e-03 	
1.954000e+00 	-6.509365e-02 	-1.674945e-03 	0 	-3.415046e-03 	
1.955000e+00 	-6.488128e-02 	-1.601026e-03 	0 	-3.400239e-03 	
1.956000e+00 	-6.466964e-02 	-1.528858e-03 	0 	-3.385507e-03 	
1.957000e+00 	-6.445874e-02 	-1.458436e-03 	0 	-3.370848e-03 	
1.958000e+00 	-6.424856e-02 	-1.389753e-03 	0 	-3.356262e-03 	
1.959000e+00 	-6.403912e-02 	-1.322805e-03 	0 	-3.341749e-03 	
1.960000e+00 	-6.383039e-02 	-1.257584e-03 	0 	-3.327309e-03 	
1.961000e+00 	-6.362239e-02 	-1.194085e-03 	0 	-3.312941e-03 	
1.962000e+00 	-6.341510e-02 	-1.132302e-03 	0 	-3.298644e-03 	
1.963000e+00 	-6.320853e-02 	-1.072229e-03 	0 	-3.284419e-03 	
1.964000e+00 	-6.300268e-02 	-1.013861e-03 	0 	-3.270264e-03 	
1.965000e+00 	-6.279753e-02 	-9.571922e-04 	0 	-3.256180e-03 	
1.966000e+00 	-6.259309e-02 	-9.022158e-04 	0 	-3.242166e-03 	
1.967000e+00 	-6.238935e-02 	-8.489266e-04 	0 	-3.228221e-03 	
1.968000e+00 	-6.218632e-02 	-7.973187e-04 	0 	-3.214345e-03 	
1.969000e+00 	-6.198398e-02 	-7.473865e-04 	0 	-3.200538e-03 	
1.970000e+00 	-6.178234e-02 	-6.991242e-04 	0 	-3.186799e-03 	
1.971000e+00 	-6.158140e-02 	-6.525261e-04 	0 	-3.173129e-03 	
1.972000e+00 	-6.138114e-02 	-6.075865e-04 	0 	-3.159526e-03 	
1.973000e+00 	-6.118157e-02 	-5.642998e-04 	0 	-3.145989e-03 	
1.974000e+00 	-6.098269e-02 	-5.226602e-04 	0 	-3.132520e-03 	
1.975000e+00 	-6.078449e-02 	-4.826622e-04 	0 	-3.119117e-03 	
1.976000e+00 	-6.058697e-02 	-4.443000e-04 	0 	-3.105780e-03 	
1.977000e+00 	-6.039013e-02 	-4.075681e-04 	0 	-3.092509e-03 	
1.978000e+00 	-6.019397e-02 	-3.724609e-04 	0 	-3.079302e-03 	
1.979000e+00 	-5.999848e-02 	-3.389728e-04 	0 	-3.066161e-03 	
1.980000e+00 	-5.980365e-02 	-3.070982e-04 	0 	-3.053084e-03 	
1.981000e+00 	-5.960950e-02 	-2.768316e-04 	0 	-3.040071e-03 	
1.982000e+00 	-5.941601e-02 	-2.481674e-04 	0 	-3.027122e-03 	
1.983000e+00 	-5.922318e-02 	-2.211001e-04 	0 	-3.014236e-03 	
1.984000e+00 	-5.903101e-02 	-1.956242e-04 	0 	-3.001413e-03 	
1.985000e+00 	-5.883950e-02 	-1.717342e-04 	0 	-2.988653e-03 	
1.986000e+00 	-5.864864e-02 	-1.494245e-04 	0 	-2.975955e-03 	
1.987000e+00 	-5.845843e-02 	-1.286899e-04 	0 	-2.963319e-03 	
1.988000e+00 	-5.826888e-02 	-1.095247e-04 	0 	-2.950745e-03 	
1.989000e+00 	-5.807997e-02 	-9.192358e-05 	0 	-2.938231e-03 	
1.990000e+00 	-5.789171e-02 	-7.588112e-05 	0 	-2.925779e-03 	
1.991000e+00 	-5.770409e-02 	-6.139189e-05 	0 	-2.913387e-03 	
1.992000e+00 	-5.751710e-02 	-4.845050e-05 	0 	-2.901055e-03 	
1.993000e+00 	-5.733076e-02 	-3.705159e-05 	0 	-2.888783e-03 	
1.994000e+00 	-5.714505e-02 	-2.718979e-05 	0 	-2.876570e-03 	
1.995000e+00 	-5.695998e-02 	-1.885976e-05 	0 	-2.864417e-03 	
1.996000e+00 	-5.677553e-02 	-1.205616e-05 	0 	-2.852322e-03 	
1.997000e+00 	-5.659171e-02 	-6.773674e-06 	0 	-2.840286e-03 	
1.998000e+00 	-5.640852e-02 	-3.007010e-06 	0 	-2.828308e-03 	
1.999000e+00 	-5.622595e-02 	-7.508756e-07 	0 	-2.816387e-03 	
2.000000e+00 	-5.604400e-02 	-9.097144e-27 	0 	-2.804524e-03 	
2.001000e+00 	-5.586266e-02 	0 	0 	-2.792718e-03 	
2.002000e+00 	-5.568195e-02 	0 	0 	-2.780970e-03 	
2.003000e+00 	-5.550185e-02 	0 	0 	-2.769277e-03 	
2.004000e+00 	-5.532235e-02 	0 	0 	-2.757641e-03 	
2.005000e+00 	-5.514347e-02 	0 	0 	-2.746060e-03 	
2.006000e+00 	-5.496519e-02 	0 	0 	-2.734535e-03 	
2.007000e+00 	-5.478752e-02 	0 	0 	-2.723066e-03 	
2.008000e+00 	-5.461045e-02 	0 	0 	-2.711651e-03 	
2.009000e+00 	-5.443398e-02 	0 	0 	-2.700290e-03 	
2.010000e+00 	-5.425811e-02 	0 	0 	-2.688984e-03 	
2.011000e+00 	-5.408283e-02 	0 	0 	-2.677733e-03 	
2.012000e+00 	-5.390815e-02 	0 	0 	-2.666534e-03 	
2.013000e+00 	-5.373405e-02 	0 	0 	-2.655389e-03 	
2.014000e+00 	-5.356054e-02 	0 	0 	-2.644297e-03 	
2.015000e+00 	-5.338762e-02 	0 	0 	-2.633258e-03 	
2.016000e+00 	-5.321529e-02 	0 	0 	-2.622272e-03 	
2.017000e+00 	-5.304353e-02 	0 	0 	-2.611337e-03 	
2.018000e+00 	-5.287236e-02 	0 	0 	-2.600455e-03 	
2.019000e+00 	-5.270176e-02 	0 	0 	-2.589624e-03 	
2.020000e+00 	-5.253174e-02 	0 	0 	-2.578845e-03 	
2.021000e+00 	-5.236229e-02 	0 	0 	-2.568116e-03 	
2.022000e+00 	-5.219341e-02 	0 	0 	-2.557438e-03 	
2.023000e+00 	-5.202510e-02 	0 	0 	-2.546811e-03 	
2.024000e+00 	-5.185735e-02 	0 	0 	-2.536234e-03 	
2.025000e+00 	-5.169017e-02 	0 	0 	-2.525707e-03 	
2.026000e+00 	-5.152355e-02 	0 	0 	-2.515229e-03 	
2.027000e+00 	-5.135750e-02 	0 	0 	-2.504801e-03 	
2.028000e+00 	-5.119200e-02 	0 	0 	-2.494422e-03 	
2.029000e+00 	-5.102705e-02 	0 	0 	-2.484091e-03 	
2.030000e+00 	-5.086266e-02 	0 	0 	-2.473810e-03 	
2.031000e+00 	-5.069882e-02 	0 	0 	-2.463576e-03 	
2.032000e+00 	-5.053553e-02 	0 	0 	-2.453391e-03 	
2.033000e+00 	-5.037279e-02 	0 	0 	-2.443253e-03 	
2.034000e+00 	-5.021059e-02 	0 	0 	-2.433163e-03 	
2.035000e+00 	-5.004894e-02 	0 	0 	-2.423119e-03 	
2.036000e+00 	-4.988783e-02 	0 	0 	-2.413123e-03 	
2.037000e+00 	-4.972726e-02 	0 	0 	-2.403174e-03 	
2.038000e+00 	-4.956722e-02 	0 	0 	-2.393271e-03 	
2.039000e+00 	-4.940772e-02 	0 	0 	-2.383414e-03 	
2.040000e+00 	-4.924876e-02 	0 	0 	-2.373603e-03 	
2.041000e+00 	-4.909032e-02 	0 	0 	-2.363838e-03 	
2.042000e+00 	-4.893242e-02 	0 	0 	-2.354118e-03 	
2.043000e+00 	-4.877504e-02 	0 	0 	-2.344444e-03 	
2.044000e+00 	-4.861818e-02 	0 	0 	-2.334814e-03 	
2.045000e+00 	-4.846185e-02 	0 	0 	-2.325229e-03 	
2.046000e+00 	-4.830604e-02 	0 	0 	-2.315689e-03 	
2.047000e+00 	-4.815075e-02 	0 	0 	-2.306192e-03 	
2.048000e+00 	-4.799598e-02 	0 	0 	-2.296740e-03 	
2.049000e+00 	-4.784173e-02 	0 	0 	-2.287331e-03 	
2.050000e+00 	-4.768798e-02 	0 	0 	-2.277966e-03 	
2.051000e+00 	-4.753475e-02 	0 	0 	-2.268644e-03 	
2.052000e+00 	-4.738203e-02 	0 	0 	-2.259365e-03 	
2.053000e+00 	-4.722982e-02 	0 	0 	-2.250129e-03 	
2.054000e+00 	-4.707811e-02 	0 	0 	-2.240936e-03 	
2.055000e+00 	-4.692691e-02 	0 	0 	-2.231784e-03 	
2.056000e+00 	-4.677620e-02 	0 	0 	-2.222675e-03 	
2.057000e+00 	-4.662600e-02 	0 	0 	-2.213608e-03 	
2.058000e+00 	-4.647630e-02 	0 	0 	-2.204582e-03 	
2.059000e+00 	-4.632709e-02 	0 	0 	-2.195598e-03 	
2.060000e+00 	-4.617838e-02 	0 	0 	-2.186655e-03 	
2.061000e+00 	-4.603016e-02 	0 	0 	-2.177753e-03 	
2.062000e+00 	-4.588244e-02 	0 	0 	-2.168891e-03 	
2.063000e+00 	-4.573520e-02 	0 	0 	-2.160070e-03 	
2.064000e+00 	-4.558845e-02 	0 	0 	-2.151290e-03 	
2.065000e+00 	-4.544218e-02 	0 	0 	-2.142549e-03 	
2.066000e+00 	-4.529640e-02 	0 	0 	-2.133849e-03 	
2.067000e+00 	-4.515110e-02 	0 	0 	-2.125188e-03 	
2.068000e+00 	-4.500628e-02 	0 	0 	-2.116566e-03 	
2.069000e+00 	-4.486194e-02 	0 	0 	-2.107984e-03 	
2.070000e+00 	-4.471808e-02 	0 	0 	-2.099441e-03 	
2.071000e+00 	-4.457469e-02 	0 	0 	-2.090936e-03 	
2.072000e+00 	-4.443177e-02 	0 	0 	-2.082471e-03 	
2.073000e+00 	-4.428932e-02 	0 	0 	-2.074043e-03 	
2.074000e+00 	-4.414735e-02 	0 	0 	-2.065654e-03 	
2.075000e+00 	-4.400584e-02 	0 	0 	-2.057303e-03 	
2.076000e+00 	-4.386480e-02 	0 	0 	-2.048989e-03 	
2.077000e+00 	-4.372422e-02 	0 	0 	-2.040714e-03 	
2.078000e+00 	-4.358411e-02 	0 	0 	-2.032475e-03 	
2.079000e+00 	-4.344445e-02 	0 	0 	-2.024274e-03 	
2.080000e+00 	-4.330526e-02 	0 	0 	-2.016110e-03 	
2.081000e+00 	-4.316652e-02 	0 	0 	-2.007982e-03 	
2.082000e+00 	-4.302824e-02 	0 	0 	-1.999891e-03 	
2.083000e+00 	-4.289041e-02 	0 	0 	-1.991837e-03 	
2.084000e+00 	-4.275304e-02 	0 	0 	-1.983819e-03 	
2.085000e+00 	-4.261611e-02 	0 	0 	-1.975837e-03 	
2.086000e+00 	-4.247964e-02 	0 	0 	-1.967890e-03 	
2.087000e+00 	-4.234361e-02 	0 	0 	-1.959980e-03 	
2.088000e+00 	-4.220803e-02 	0 	0 	-1.952104e-03 	
2.089000e+00 	-4.207289e-02 	0 	0 	-1.944264e-03 	
2.090000e+00 	-4.193820e-02 	0 	0 	-1.936459e-03 	
2.091000e+00 	-4.180394e-02 	0 	0 	-1.928689e-03 	
2.092000e+00 	-4.167013e-02 	0 	0 	-1.920954e-03 	
2.093000e+00 	-4.153675e-02 	0 	0 	-1.913253e-03 	
2.094000e+00 	-4.140381e-02 	0 	0 	-1.905587e-03 	
2.095000e+00 	-4.127131e-02 	0 	0 	-1.897955e-03 	
2.096000e+00 	-4.113923e-02 	0 	0 	-1.890357e-03 	
2.097000e+00 	-4.100759e-02 	0 	0 	-1.882792e-03 	
2.098000e+00 	-4.087638e-02 	0 	0 	-1.875262e-03 	
2.099000e+00 	-4.074559e-02 	0 	0 	-1.867764e-03 	
2.100000e+00 	-4.061523e-02 	0 	0 	-1.860300e-03 	
